14:04:29 18.78 -5.49 -45.86 18.03
14:04:29 18.62 -5.35 -45.34 18.08
14:04:29 19.11 -5.00 -46.14 18.10
14:04:29 18.62 -5.01 -45.88 18.01
14:04:30 18.78 -5.18 -45.61 18.19
14:04:30 18.62 -4.68 -46.15 18.36
14:04:30 18.61 -4.53 -45.90 18.41
14:04:31 18.61 -4.70 -45.63 18.63
14:04:31 18.94 -4.53 -46.16 18.81
14:04:31 18.94 -4.55 -45.64 18.56
14:04:31 18.94 -4.04 -46.44 18.87
14:04:32 19.26 -4.39 -45.65 18.76
14:04:32 18.61 -4.38 -45.90 19.00
14:04:32 18.61 -4.21 -46.17 19.05
14:04:33 18.45 -4.37 -45.90 18.98
14:04:33 19.10 -4.87 -45.63 19.09
14:04:33 18.45 -4.86 -45.62 19.07
14:04:33 18.77 -4.55 -45.64 19.09
14:04:34 18.61 -4.38 -45.90 19.40
14:04:34 18.46 -4.84 -46.14 19.31
14:04:34 19.10 -4.55 -45.64 19.38
14:04:34 18.93 -4.73 -45.11 19.18
14:04:35 18.28 -4.22 -45.65 19.29
14:04:35 19.10 -4.54 -45.90 19.34
14:04:35 18.78 -4.86 -45.62 19.25
14:04:35 18.77 -4.55 -45.64 19.45
14:04:36 18.61 -4.36 -46.16 19.65
14:04:36 18.77 -4.21 -46.17 19.78
14:04:36 18.93 -4.40 -45.38 20.07
14:04:37 18.77 -4.38 -45.90 19.89
14:04:37 18.93 -4.40 -45.38 20.15
14:04:37 18.77 -4.25 -45.13 20.09
14:04:37 18.77 -3.91 -45.66 20.22
14:04:38 18.93 -4.22 -45.91 20.18
14:04:38 18.93 -3.76 -45.41 20.33
14:04:38 19.09 -4.06 -45.92 20.44
14:04:39 18.76 -4.10 -44.87 20.27
14:04:39 19.09 -4.41 -45.12 20.66
14:04:39 18.76 -3.76 -45.41 20.53
14:04:39 18.77 -4.41 -45.12 20.75
14:04:40 19.25 -4.09 -45.14 20.91
14:04:40 18.92 -3.61 -45.41 21.08
14:04:40 18.60 -3.61 -45.15 21.02
14:04:40 18.92 -3.77 -45.15 21.11
14:04:41 19.09 -3.60 -45.68 21.44
14:04:41 18.92 -3.45 -45.42 21.50
14:04:41 19.08 -3.79 -44.89 21.62
14:04:41 18.92 -3.62 -45.15 21.53
14:04:42 18.92 -3.46 -45.16 21.66
14:04:42 19.08 -3.30 -45.17 21.86
14:04:42 18.92 -3.31 -44.91 21.99
14:04:43 18.59 -2.82 -45.18 22.01
14:04:43 19.40 -3.14 -45.18 22.06
14:04:43 19.24 -3.31 -44.91 22.10
14:04:43 19.08 -3.45 -45.42 22.37
14:04:44 19.08 -3.32 -44.65 22.41
14:04:44 18.92 -3.14 -45.17 22.54
14:04:44 19.08 -3.13 -45.44 22.52
14:04:45 18.76 -3.14 -45.17 22.35
14:04:45 18.75 -2.83 -44.92 22.39
14:04:45 18.74 -2.87 -43.88 22.54
14:04:45 19.07 -2.85 -44.67 22.57
14:04:45 19.08 -3.14 -45.17 22.68
14:04:46 18.76 -3.62 -44.89 22.90
14:04:46 18.75 -2.83 -44.92 23.05
14:04:46 19.24 -2.98 -45.18 23.08
14:04:47 18.75 -2.98 -45.18 23.27
14:04:47 19.08 -2.99 -44.92 23.27
14:04:47 19.07 -2.85 -44.67 23.36
14:04:47 19.40 -3.32 -44.65 23.38
14:04:48 18.75 -2.83 -44.92 23.65
14:04:48 18.91 -2.51 -45.20 23.65
14:04:48 19.08 -2.66 -45.45 23.69
14:04:48 19.07 -2.68 -44.93 23.78
14:04:49 19.56 -2.85 -44.67 23.74
14:04:49 18.75 -2.83 -44.92 23.65
14:04:49 18.91 -2.51 -45.20 23.96
14:04:50 18.91 -2.82 -45.19 23.89
14:04:50 18.91 -2.85 -44.41 23.89
14:04:50 18.75 -2.68 -44.67 23.92
14:04:51 19.08 -2.50 -45.46 23.76
14:04:51 19.23 -2.03 -45.22 24.09
14:04:51 19.23 -2.36 -44.95 24.09
14:04:51 19.07 -2.38 -44.43 24.18
14:04:51 18.91 -2.52 -44.94 24.34
14:04:52 19.39 -2.38 -44.43 24.31
14:04:52 19.07 -2.37 -44.69 24.69
14:04:52 18.90 -2.22 -44.43 24.58
14:04:53 18.91 -2.37 -44.68 24.67
14:04:53 19.71 -2.08 -44.18 24.85
14:04:53 19.39 -2.07 -44.44 25.02
14:04:53 19.07 -2.37 -44.69 24.93
14:04:54 19.55 -2.57 -43.64 25.15
14:04:54 18.74 -2.07 -44.18 25.38
14:04:54 19.39 -2.08 -44.18 25.49
14:04:54 19.39 -2.40 -43.91 25.29
14:04:55 19.38 -1.75 -44.45 25.46
14:04:55 18.90 -2.06 -44.44 25.55
14:04:55 19.06 -2.07 -44.18 25.71
14:04:56 18.74 -2.07 -44.18 25.84
14:04:56 19.22 -1.92 -44.19 25.80
14:04:56 19.22 -1.42 -44.73 25.75
14:04:57 19.22 -1.92 -44.19 25.75
14:04:57 19.06 -2.07 -44.18 25.62
14:04:57 19.22 -1.76 -44.19 25.77
14:04:57 19.38 -1.62 -43.68 25.77
14:04:57 19.55 -2.08 -44.18 25.75
14:04:58 18.90 -1.73 -44.71 25.80
14:04:58 19.06 -1.42 -44.72 25.73
14:04:58 19.22 -1.94 -43.67 25.75
14:04:59 19.23 -1.90 -44.71 25.80
14:04:59 19.22 -1.60 -44.20 25.88
14:04:59 19.05 -1.61 -43.94 26.13
14:04:59 19.22 -1.60 -44.20 26.26
14:05:00 19.22 -1.43 -44.46 26.42
14:05:00 19.22 -1.77 -43.93 26.42
14:05:00 18.89 -1.62 -43.68 26.42
14:05:00 18.73 -1.29 -43.95 26.55
14:05:01 18.73 -1.76 -43.93 26.81
14:05:01 19.21 -1.30 -43.69 26.90
14:05:01 19.05 -1.45 -43.94 26.77
14:05:01 19.38 -1.62 -43.68 26.90
14:05:02 19.38 -1.60 -44.20 26.95
14:05:02 19.05 -1.63 -43.42 26.84
14:05:03 19.37 -1.14 -43.70 27.01
14:05:03 19.54 -1.45 -43.95 27.01
14:05:03 19.38 -1.61 -43.94 27.08
14:05:03 19.06 -1.76 -44.19 27.19
14:05:03 19.21 -1.30 -43.69 27.35
14:05:04 19.38 -1.29 -43.95 27.48
14:05:04 19.06 -1.60 -44.20 27.43
14:05:04 19.22 -1.45 -43.94 27.54
14:05:04 19.54 -1.15 -43.70 27.65
14:05:05 19.37 -0.68 -43.46 27.79
14:05:05 19.21 -0.98 -43.70 27.79
14:05:05 19.37 -1.17 -43.18 28.01
14:05:06 19.70 -1.15 -43.70 28.32
14:05:06 19.54 -1.13 -44.22 28.12
14:05:06 19.53 -0.66 -43.98 28.50
14:05:06 19.53 -0.85 -43.19 28.50
14:05:07 19.53 -1.01 -43.19 28.72
14:05:07 19.69 -0.52 -43.47 28.85
14:05:07 19.20 -0.37 -43.21 28.72
14:05:07 19.04 -0.84 -43.19 28.94
14:05:08 19.36 -0.69 -43.20 28.78
14:05:08 19.37 -0.68 -43.46 28.67
14:05:09 19.69 -0.53 -43.21 28.74
14:05:09 19.36 -0.53 -43.20 28.83
14:05:09 19.21 -0.84 -43.45 28.85
14:05:09 19.36 -0.20 -43.48 29.09
14:05:09 19.53 -0.68 -43.46 28.98
14:05:10 19.36 -0.04 -43.48 29.20
14:05:10 19.36 -0.38 -42.95 29.36
14:05:10 19.69 -0.69 -43.20 29.29
14:05:10 19.36 -0.53 -43.20 29.18
14:05:11 19.52 -0.06 -43.22 29.51
14:05:11 19.36 -0.37 -43.21 29.34
14:05:11 19.21 -0.84 -43.45 29.51
14:05:12 19.36 -0.37 -43.21 29.58
14:05:12 19.36 -0.36 -43.47 29.78
14:05:12 19.36 -0.22 -42.96 29.78
14:05:12 19.04 -0.21 -43.21 29.98
14:05:13 19.67 0.06 -42.19 30.20
14:05:13 19.36 -0.06 -43.22 30.20
14:05:13 19.36 -0.22 -42.96 30.35
14:05:13 19.52 -0.22 -43.22 30.38
14:05:14 19.35 -0.08 -42.70 30.53
14:05:14 19.35 -0.08 -42.70 30.44
14:05:15 19.35 0.08 -42.71 30.60
14:05:15 19.52 -0.07 -42.96 30.53
14:05:15 19.35 0.08 -42.71 30.88
14:05:15 19.19 0.07 -42.45 30.75
14:05:15 19.52 -0.38 -42.95 30.73
14:05:16 19.52 -0.23 -42.96 30.80
14:05:16 19.35 0.23 -42.45 31.08
14:05:16 19.20 -0.05 -43.22 31.04
14:05:16 19.19 -0.07 -42.70 31.17
14:05:17 19.84 0.55 -42.73 31.17
14:05:17 19.67 0.23 -42.46 31.39
14:05:17 19.67 0.40 -42.72 31.44
14:05:17 19.36 0.27 -43.49 31.37
14:05:18 19.35 0.57 -42.99 31.46
14:05:18 19.67 0.23 -42.46 31.70
14:05:18 19.68 0.57 -42.99 31.75
14:05:19 19.36 0.26 -43.23 31.92
14:05:19 19.67 0.69 -42.21 31.79
14:05:19 19.51 0.41 -42.98 32.21
14:05:19 19.67 0.56 -42.73 32.01
14:05:20 19.68 0.41 -42.98 32.21
14:05:20 19.67 0.21 -41.94 32.39
14:05:20 19.84 0.72 -43.00 32.43
14:05:21 19.83 0.22 -42.20 32.46
14:05:21 19.51 0.70 -42.21 32.46
14:05:21 19.67 0.55 -42.47 32.52
14:05:21 19.18 0.54 -42.21 32.88
14:05:22 19.99 0.69 -42.22 32.83
14:05:22 19.50 1.34 -42.50 32.96
14:05:22 19.51 0.70 -42.21 33.08
14:05:22 19.67 0.54 -42.21 33.12
14:05:23 19.50 1.02 -42.49 33.03
14:05:23 19.67 0.39 -42.46 33.08
14:05:23 19.99 0.87 -42.74 33.50
14:05:23 19.50 1.34 -42.50 33.32
14:05:24 19.67 0.85 -42.22 33.32
14:05:24 19.50 0.85 -42.22 33.54
14:05:24 19.51 0.70 -42.21 33.63
14:05:25 19.51 1.03 -42.75 33.63
14:05:25 19.83 1.01 -42.23 33.54
14:05:25 19.99 1.02 -42.49 33.52
14:05:25 19.82 0.99 -41.71 33.50
14:05:26 19.99 0.87 -42.74 33.41
14:05:26 19.67 1.18 -42.49 33.61
14:05:26 19.66 0.67 -41.69 33.52
14:05:27 19.50 1.33 -42.24 33.54
14:05:28 19.50 1.16 -41.97 33.72
14:05:28 19.50 1.01 -42.23 33.74
14:05:28 20.31 1.31 -41.98 33.72
14:05:28 19.66 1.16 -41.97 33.96
14:05:28 19.83 0.84 -41.96 34.05
14:05:28 19.99 1.16 -41.98 33.87
14:05:28 19.50 0.83 -41.70 33.98
14:05:29 19.82 1.48 -41.99 33.98
14:05:29 19.66 1.16 -41.97 34.31
14:05:29 19.33 1.64 -41.99 34.29
14:05:29 19.82 1.46 -41.73 34.25
14:05:30 19.98 1.79 -42.00 34.25
14:05:30 19.66 1.64 -41.99 34.51
14:05:30 19.49 1.64 -41.99 34.31
14:05:31 19.82 1.65 -42.51 34.58
14:05:31 20.47 1.46 -41.73 34.73
14:05:31 19.82 1.15 -41.71 34.69
14:05:31 20.15 1.47 -41.99 34.91
14:05:32 19.82 1.45 -41.47 34.91
14:05:32 19.66 1.31 -41.72 35.00
14:05:32 19.83 1.34 -42.50 34.87
14:05:32 19.33 1.30 -41.46 34.85
14:05:33 19.82 1.63 -41.99 35.09
14:05:33 19.49 1.77 -41.48 35.18
14:05:34 19.49 1.63 -41.73 35.20
14:05:34 19.33 1.62 -41.47 35.04
14:05:34 19.49 1.63 -41.73 35.15
14:05:34 19.65 1.78 -41.74 35.29
14:05:34 19.98 1.95 -42.01 35.40
14:05:35 19.82 1.48 -41.99 35.22
14:05:35 19.82 1.79 -42.00 35.24
14:05:35 19.49 1.94 -41.74 35.27
14:05:35 19.66 1.79 -42.00 35.31
14:05:36 19.65 1.95 -42.01 35.40
14:05:36 19.97 1.93 -41.49 35.40
14:05:36 19.82 1.95 -42.01 35.29
14:05:37 19.82 1.48 -41.99 35.46
14:05:37 19.50 1.65 -42.25 35.49
14:05:37 19.66 1.64 -41.99 35.64
14:05:37 19.65 1.91 -40.96 35.71
14:05:38 19.65 1.76 -41.22 35.73
14:05:38 19.65 2.10 -41.75 35.69
14:05:38 19.98 1.77 -41.48 35.77
14:05:38 19.97 1.93 -41.49 35.62
14:05:39 19.98 1.77 -41.48 35.58
14:05:39 19.66 1.64 -41.99 35.46
14:05:40 19.65 1.78 -41.74 35.84
14:05:40 19.65 1.62 -41.73 35.60
14:05:40 19.49 1.64 -41.99 35.53
14:05:40 19.49 2.12 -42.27 35.58
14:05:40 19.49 1.77 -41.48 35.66
14:05:41 19.49 1.61 -41.21 35.75
14:05:41 19.65 1.77 -41.48 35.73
14:05:41 19.81 2.09 -41.49 36.00
14:05:41 19.81 2.08 -41.23 36.02
14:05:42 19.96 2.21 -40.46 36.19
14:05:42 19.97 2.08 -41.23 36.39
14:05:42 19.81 1.43 -40.95 36.57
14:05:42 19.16 2.10 -41.49 36.35
14:05:43 20.46 1.78 -41.74 36.37
14:05:43 19.97 2.23 -40.98 36.39
14:05:43 19.48 2.08 -41.23 36.28
14:05:44 19.49 1.63 -41.73 36.06
14:05:44 19.65 1.92 -41.22 36.15
14:05:44 19.48 2.25 -41.50 36.17
14:05:44 19.64 2.54 -40.73 36.15
14:05:45 19.82 1.96 -42.27 36.19
14:05:45 19.65 2.08 -41.23 36.15
14:05:46 19.82 1.80 -42.26 36.06
14:05:46 19.81 1.94 -41.75 35.95
14:05:46 19.65 2.08 -41.23 36.04
14:05:46 19.65 1.94 -41.75 35.91
14:05:46 19.65 2.28 -42.28 35.91
14:05:47 19.48 2.07 -40.97 36.08
14:05:47 19.66 1.80 -42.26 35.91
14:05:47 19.49 2.26 -41.76 35.95
14:05:47 19.65 1.93 -41.48 35.95
14:05:48 20.30 1.93 -41.49 35.88
14:05:48 19.65 2.09 -41.49 35.93
14:05:48 19.81 2.08 -41.23 36.08
14:05:48 19.49 1.64 -41.99 35.84
14:05:49 19.81 1.93 -41.49 36.19
14:05:49 19.82 1.95 -42.01 36.13
14:05:49 19.81 2.24 -41.24 36.19
14:05:49 19.81 2.56 -41.51 36.26
14:05:50 20.13 2.39 -41.25 36.17
14:05:50 19.65 1.77 -41.48 36.19
14:05:50 19.81 2.25 -41.50 36.44
14:05:51 19.65 1.92 -41.22 36.55
14:05:51 19.81 2.08 -41.23 36.68
14:05:51 19.49 1.93 -41.48 36.50
14:05:52 19.49 2.26 -41.76 36.79
14:05:52 19.48 2.25 -41.50 36.59
14:05:52 19.81 2.42 -41.77 36.66
14:05:52 19.32 1.90 -40.70 36.68
14:05:52 19.65 2.10 -41.75 36.62
14:05:53 19.81 2.41 -41.51 36.62
14:05:53 19.48 2.40 -41.24 36.35
14:05:53 19.81 2.24 -41.24 36.64
14:05:54 19.97 1.92 -41.23 36.39
14:05:54 20.29 2.06 -40.98 36.37
14:05:54 20.13 1.92 -41.23 36.37
14:05:54 19.80 2.54 -40.99 36.46
14:05:55 19.81 1.76 -41.22 36.59
14:05:55 19.16 1.95 -41.74 36.66
14:05:55 19.64 2.57 -41.51 36.84
14:05:55 19.80 2.38 -40.72 36.66
14:05:56 19.81 1.74 -40.70 36.68
14:05:56 19.81 2.26 -41.76 36.79
14:05:56 19.98 1.95 -42.01 36.86
14:05:57 19.97 2.24 -41.24 36.86
14:05:57 19.96 2.54 -40.99 36.86
14:05:57 19.97 2.25 -41.50 36.73
14:05:58 19.81 1.91 -40.97 36.81
14:05:58 19.97 2.40 -41.51 36.68
14:05:58 19.48 2.41 -41.50 36.75
14:05:58 19.81 2.23 -40.98 36.84
14:05:58 20.14 2.25 -41.76 36.73
14:05:59 19.97 2.25 -41.50 36.50
14:05:59 19.48 2.22 -40.72 36.57
14:05:59 19.97 2.08 -41.23 36.57
14:06:00 19.97 2.09 -41.49 36.70
14:06:00 19.65 2.41 -41.50 36.75
14:06:00 19.65 2.41 -41.50 36.99
14:06:00 20.13 2.40 -41.51 36.84
14:06:01 19.97 2.23 -40.98 36.90
14:06:01 19.97 2.25 -41.50 37.10
14:06:01 19.97 2.08 -41.23 37.01
14:06:01 19.81 2.24 -41.24 37.23
14:06:02 19.32 2.09 -41.49 36.92
14:06:02 20.46 2.24 -41.50 36.95
14:06:02 19.97 2.24 -41.24 37.04
14:06:02 19.48 2.08 -41.23 37.30
14:06:03 19.81 2.26 -41.76 37.17
14:06:03 19.48 2.55 -40.99 37.30
14:06:04 19.64 2.38 -40.72 37.23
14:06:04 19.97 2.10 -41.75 37.35
14:06:04 19.97 2.89 -41.79 37.21
14:06:04 19.64 2.24 -41.24 36.97
14:06:04 19.80 2.69 -40.74 37.23
14:06:05 20.14 2.10 -41.75 37.08
14:06:05 19.32 2.58 -41.77 36.92
14:06:05 19.81 2.25 -41.50 37.23
14:06:05 19.48 2.56 -41.25 37.10
14:06:06 19.97 2.57 -41.77 37.23
14:06:06 19.80 2.87 -41.26 37.68
14:06:06 19.32 2.56 -41.25 37.57
14:06:07 19.96 2.69 -40.74 37.63
14:06:07 20.14 2.09 -41.49 37.54
14:06:07 19.96 3.02 -41.01 37.30
14:06:07 19.80 2.06 -40.71 37.37
14:06:08 19.80 2.70 -41.00 37.39
14:06:08 20.13 2.54 -40.99 37.39
14:06:08 19.81 2.07 -40.97 37.17
14:06:08 19.97 2.23 -40.98 37.28
14:06:09 19.81 2.26 -41.76 37.37
14:06:10 19.80 2.39 -40.98 37.26
14:06:10 19.48 2.38 -40.72 37.43
14:06:10 19.97 2.23 -40.98 37.52
14:06:10 20.13 2.37 -40.73 37.41
14:06:10 20.13 2.55 -41.25 37.39
14:06:10 19.81 2.25 -41.50 37.43
14:06:11 20.12 2.52 -40.47 37.63
14:06:11 20.13 2.56 -41.51 37.77
14:06:11 19.63 2.68 -40.48 37.94
14:06:11 19.97 2.72 -41.52 37.92
14:06:12 20.12 3.00 -40.49 37.90
14:06:12 19.15 3.05 -41.53 37.65
14:06:12 19.80 2.53 -40.73 37.96
14:06:13 19.64 2.54 -40.73 37.96
14:06:13 19.96 2.87 -41.26 37.96
14:06:13 19.64 2.55 -40.99 37.94
14:06:13 19.96 2.71 -41.26 38.03
14:06:14 19.96 2.84 -40.48 38.30
14:06:14 19.64 2.55 -40.99 38.08
14:06:14 19.80 2.70 -41.00 38.23
14:06:14 19.47 2.68 -40.21 38.23
14:06:15 20.13 2.87 -41.27 38.01
14:06:15 19.81 2.24 -41.24 38.34
14:06:16 19.80 2.37 -40.46 38.16
14:06:16 19.80 2.85 -40.74 38.23
14:06:16 19.80 2.70 -41.00 38.30
14:06:16 19.79 2.99 -40.23 38.38
14:06:16 19.96 3.00 -40.49 38.50
14:06:17 19.96 2.69 -40.74 38.41
14:06:17 20.12 2.69 -40.74 38.43
14:06:17 19.79 2.99 -40.23 38.52
14:06:17 19.80 2.69 -40.74 38.54
14:06:18 20.29 2.86 -41.01 38.36
14:06:18 19.63 2.52 -40.21 38.61
14:06:18 19.96 3.01 -40.75 38.56
14:06:18 19.79 3.17 -40.76 38.38
14:06:19 20.12 3.00 -40.49 38.30
14:06:19 20.28 3.16 -40.76 38.54
14:06:19 19.79 2.99 -40.23 38.36
14:06:20 19.64 2.53 -40.47 38.50
14:06:20 19.80 2.71 -41.26 38.30
14:06:20 19.79 3.16 -40.50 38.27
14:06:20 19.79 2.66 -39.96 38.38
14:06:21 20.28 2.84 -40.49 38.56
14:06:21 19.79 3.33 -40.76 38.45
14:06:22 20.12 3.19 -41.28 38.50
14:06:22 20.12 2.83 -40.23 38.63
14:06:22 19.48 2.56 -41.25 38.65
14:06:22 20.29 2.86 -41.01 38.69
14:06:22 20.29 2.38 -40.99 38.72
14:06:23 19.80 2.69 -40.74 38.74
14:06:23 20.13 2.71 -41.26 38.85
14:06:23 19.96 2.67 -40.22 38.96
14:06:23 19.63 2.66 -39.95 38.74
14:06:24 20.12 2.51 -40.21 38.81
14:06:24 20.12 2.86 -41.01 38.72
14:06:24 19.80 2.86 -41.00 38.78
14:06:24 19.96 3.00 -40.49 38.74
14:06:25 19.96 3.02 -41.01 38.96
14:06:25 20.28 2.67 -40.22 38.78
14:06:25 19.64 2.54 -40.73 38.81
14:06:26 20.28 3.32 -40.77 39.09
14:06:26 20.12 3.17 -40.76 39.03
14:06:26 19.96 3.01 -40.75 39.23
14:06:26 20.29 2.86 -41.01 39.18
14:06:27 19.96 2.84 -40.48 39.16
14:06:27 19.96 2.69 -40.74 39.14
14:06:28 20.28 2.99 -40.49 39.05
14:06:28 20.12 2.83 -40.23 38.96
14:06:28 20.28 3.01 -40.75 39.03
14:06:28 19.79 3.48 -40.51 38.96
14:06:28 19.79 2.97 -39.71 38.74
14:06:29 20.28 2.84 -40.49 38.89
14:06:29 19.96 3.01 -40.75 38.94
14:06:29 20.12 3.01 -40.75 38.94
14:06:29 20.28 2.99 -40.49 39.03
14:06:30 19.96 3.17 -40.76 38.81
14:06:30 19.63 2.84 -40.48 39.07
14:06:30 19.96 3.00 -40.49 38.89
14:06:30 19.96 3.01 -40.75 38.78
14:06:31 20.12 3.15 -40.50 38.92
14:06:31 19.79 3.33 -40.76 38.83
14:06:31 20.12 2.84 -40.49 38.89
14:06:32 19.63 2.68 -40.48 39.00
14:06:32 19.96 3.18 -41.02 39.00
14:06:32 19.95 2.99 -40.23 39.00
14:06:32 19.96 3.00 -40.49 39.03
14:06:33 19.96 3.00 -40.49 39.07
14:06:33 20.28 3.30 -40.25 39.03
14:06:33 19.80 2.53 -40.73 39.00
14:06:33 20.12 3.17 -40.76 38.96
14:06:34 19.96 2.83 -40.22 38.94
14:06:34 20.12 2.83 -40.23 39.23
14:06:34 20.12 3.17 -40.76 39.23
14:06:34 19.95 3.16 -40.50 39.18
14:06:35 20.44 3.30 -40.25 39.16
14:06:35 19.63 2.99 -40.23 39.38
14:06:35 20.12 2.85 -40.75 39.31
14:06:36 19.63 3.18 -41.02 39.42
14:06:36 20.11 3.30 -40.24 39.27
14:06:36 20.12 3.31 -40.50 39.56
14:06:36 20.12 3.33 -41.02 39.56
14:06:37 19.79 3.32 -40.50 39.85
14:06:37 20.11 3.44 -39.73 39.80
14:06:37 19.79 3.17 -40.76 39.76
14:06:37 19.95 3.16 -40.50 40.13
14:06:38 19.95 3.45 -39.99 39.96
14:06:38 19.63 3.32 -40.50 39.96
14:06:38 19.95 3.30 -40.24 39.85
14:06:39 20.11 3.81 -41.04 40.13
14:06:39 20.28 3.30 -40.25 39.93
14:06:39 20.60 3.45 -39.99 39.89
14:06:39 20.44 2.97 -39.97 40.02
14:06:40 20.60 3.64 -40.78 40.18
14:06:40 20.27 3.63 -40.52 40.35
14:06:40 20.11 3.30 -40.24 40.49
14:06:40 20.43 3.45 -39.99 40.58
14:06:41 20.27 3.45 -39.99 40.55
14:06:41 20.11 3.44 -39.73 40.55
14:06:41 19.95 3.47 -40.51 40.75
14:06:42 19.95 3.29 -39.98 40.84
14:06:42 20.44 3.46 -40.25 40.66
14:06:42 20.27 3.62 -40.26 40.51
14:06:42 20.27 3.77 -40.00 40.69
14:06:43 20.44 3.30 -40.25 40.51
14:06:43 20.44 3.63 -40.52 40.69
14:06:43 20.11 3.61 -40.00 40.55
14:06:43 20.27 3.62 -40.26 40.40
14:06:44 20.44 3.32 -40.77 40.33
14:06:44 19.95 3.30 -40.24 40.42
14:06:44 20.11 3.47 -40.51 40.24
14:06:45 20.60 3.45 -39.99 40.33
14:06:45 19.95 3.62 -40.26 40.44
14:06:45 19.95 3.62 -40.26 40.22
14:06:45 19.95 3.16 -40.50 40.38
14:06:46 19.94 4.10 -40.27 40.44
14:06:46 19.96 3.17 -40.76 40.33
14:06:46 20.28 3.65 -41.04 40.27
14:06:46 19.95 3.97 -41.05 40.33
14:06:47 20.12 3.31 -40.50 40.33
14:06:47 21.09 3.46 -40.52 40.31
14:06:47 19.95 3.63 -40.52 40.22
14:06:48 20.27 3.78 -40.26 40.27
14:06:48 20.12 2.99 -40.23 40.44
14:06:48 20.44 3.46 -40.25 40.31
14:06:48 19.63 3.14 -39.97 40.35
14:06:49 20.27 3.43 -39.47 40.20
14:06:49 20.43 3.45 -39.99 40.27
14:06:49 20.11 3.95 -40.53 40.27
14:06:49 19.47 3.15 -40.23 40.58
14:06:50 20.44 3.30 -40.25 40.40
14:06:50 20.11 3.46 -40.25 40.35
14:06:50 20.11 3.62 -40.26 40.44
14:06:51 19.79 3.47 -40.25 40.62
14:06:51 20.43 3.94 -40.53 40.71
14:06:51 20.27 3.77 -40.00 40.75
14:06:51 20.59 3.75 -39.75 40.97
14:06:52 20.27 3.63 -40.52 41.15
14:06:52 20.44 3.79 -40.53 41.04
14:06:52 20.43 3.62 -40.26 40.88
14:06:52 20.27 3.77 -40.00 40.95
14:06:53 20.27 3.94 -40.27 41.17
14:06:53 20.44 3.79 -40.53 41.15
14:06:53 19.94 3.93 -40.01 40.95
14:06:53 19.95 3.80 -40.78 41.13
14:06:54 20.11 3.46 -40.25 41.15
14:06:54 20.11 3.78 -40.26 41.31
14:06:54 20.27 3.93 -40.01 41.19
14:06:55 20.27 3.79 -40.52 41.19
14:06:55 19.94 4.26 -40.28 41.08
14:06:55 20.11 3.60 -39.74 40.91
14:06:55 20.43 3.77 -40.01 41.15
14:06:56 20.11 3.95 -40.53 41.17
14:06:56 20.59 3.76 -40.01 41.31
14:06:56 19.94 3.76 -39.74 41.35
14:06:56 20.59 3.91 -39.75 41.26
14:06:57 20.92 3.75 -39.75 41.15
14:06:57 20.43 3.62 -40.26 41.68
14:06:57 20.43 3.61 -40.00 41.28
14:06:58 20.26 3.73 -38.96 41.50
14:06:58 20.59 4.08 -40.02 41.50
14:06:58 20.10 3.59 -39.48 41.75
14:06:58 20.59 4.24 -40.03 41.66
14:06:59 20.27 4.25 -40.28 41.77
14:06:59 20.27 4.09 -40.28 41.81
14:06:59 19.94 4.09 -40.01 41.70
14:06:59 20.27 3.75 -39.48 41.90
14:07:00 20.43 3.61 -40.00 41.86
14:07:00 20.43 4.23 -39.76 41.70
14:07:00 19.94 3.93 -40.01 41.90
14:07:01 20.75 4.23 -39.77 42.15
14:07:01 20.11 4.10 -40.28 42.01
14:07:01 20.10 3.74 -39.22 41.90
14:07:01 20.59 4.22 -39.50 42.10
14:07:02 20.42 4.05 -39.24 41.97
14:07:02 20.27 4.08 -40.02 42.06
14:07:02 20.26 4.06 -39.50 42.19
14:07:02 19.62 4.09 -40.01 42.32
14:07:03 20.11 4.10 -40.28 42.19
14:07:03 20.42 4.38 -39.51 42.35
14:07:03 20.25 4.52 -38.99 42.12
14:07:04 20.26 4.21 -39.24 42.30
14:07:04 20.59 4.05 -39.24 42.37
14:07:04 20.75 4.40 -40.03 42.21
14:07:04 20.42 4.37 -39.25 42.43
14:07:05 20.09 4.53 -39.25 42.61
14:07:05 20.26 4.54 -39.52 42.65
14:07:05 20.26 4.54 -39.52 42.61
14:07:05 20.26 4.53 -39.25 42.65
14:07:06 20.42 4.87 -39.79 42.57
14:07:06 20.43 4.24 -40.02 42.72
14:07:06 20.75 4.07 -39.76 42.90
14:07:06 20.26 4.23 -39.76 42.83
14:07:07 20.10 4.71 -39.78 42.74
14:07:07 20.42 4.53 -39.26 42.88
14:07:07 20.59 4.56 -40.04 42.65
14:07:08 20.26 4.40 -40.03 42.79
14:07:08 20.43 4.24 -40.02 42.77
14:07:08 20.91 4.21 -39.25 42.70
14:07:08 20.26 4.22 -39.50 42.65
14:07:09 20.42 4.55 -39.78 42.54
14:07:09 20.43 3.91 -39.75 42.65
14:07:09 20.43 4.07 -39.76 42.46
14:07:09 20.75 3.89 -39.23 42.48
14:07:10 20.10 4.56 -40.03 42.70
14:07:10 20.58 4.85 -39.53 42.94
14:07:10 20.26 4.55 -39.78 43.32
14:07:11 20.42 4.53 -39.26 43.34
14:07:11 20.58 4.67 -39.00 43.16
14:07:11 20.75 4.22 -39.51 43.27
14:07:11 20.42 4.20 -38.98 43.19
14:07:12 20.26 4.23 -39.76 43.19
14:07:12 20.26 4.37 -39.25 43.08
14:07:12 20.09 4.53 -39.25 43.19
14:07:12 20.74 4.50 -38.74 43.25
14:07:13 20.58 4.38 -39.51 43.03
14:07:13 20.42 4.22 -39.50 43.16
14:07:13 20.26 4.39 -39.77 43.12
14:07:14 20.26 4.19 -38.72 43.14
14:07:14 20.42 4.69 -39.26 42.99
14:07:14 20.10 4.54 -39.51 42.81
14:07:14 20.75 4.40 -40.03 43.01
14:07:15 20.26 4.07 -39.76 42.90
14:07:15 20.75 4.55 -39.78 43.10
14:07:15 20.42 4.55 -39.78 43.16
14:07:15 20.74 5.02 -39.80 43.14
14:07:16 20.10 4.22 -39.50 43.10
14:07:16 20.25 4.52 -38.99 43.10
14:07:16 20.74 4.19 -38.73 43.25
14:07:17 20.41 4.68 -39.00 43.27
14:07:17 20.42 4.36 -38.99 43.27
14:07:17 20.26 4.88 -40.05 43.45
14:07:17 20.25 5.01 -39.27 43.16
14:07:18 20.42 4.53 -39.26 43.27
14:07:18 20.25 5.02 -39.53 43.32
14:07:18 20.74 4.68 -39.26 43.34
14:07:18 19.93 4.54 -39.51 43.19
14:07:19 20.74 4.67 -39.00 43.23
14:07:19 20.58 4.51 -38.74 43.19
14:07:19 20.58 4.37 -39.25 43.21
14:07:19 20.58 4.38 -39.51 43.16
14:07:20 20.58 5.00 -39.28 43.08
14:07:20 20.58 4.71 -39.78 43.21
14:07:20 20.58 4.83 -39.01 43.23
14:07:21 20.42 4.70 -39.52 43.23
14:07:21 20.58 4.66 -38.74 43.25
14:07:21 20.58 4.70 -39.52 43.50
14:07:21 20.25 5.33 -39.55 43.38
14:07:22 20.42 4.39 -39.77 43.47
14:07:22 20.75 3.89 -39.23 43.45
14:07:22 20.41 4.99 -39.01 43.72
14:07:22 20.41 4.99 -39.01 43.63
14:07:23 20.42 4.69 -39.26 43.61
14:07:23 20.42 4.69 -39.26 43.74
14:07:23 20.42 4.53 -39.26 43.96
14:07:24 20.09 4.03 -38.71 43.92
14:07:24 20.41 4.67 -38.74 44.00
14:07:24 20.74 4.82 -38.75 43.98
14:07:24 20.58 4.37 -39.25 44.14
14:07:25 20.58 4.86 -39.79 44.14
14:07:25 20.25 5.01 -39.27 44.38
14:07:25 20.90 4.65 -38.49 44.12
14:07:25 20.41 5.00 -39.28 44.09
14:07:26 20.90 5.17 -39.55 44.18
14:07:26 20.58 4.85 -39.53 44.47
14:07:26 20.90 4.67 -39.01 44.54
14:07:27 20.41 5.16 -39.28 44.34
14:07:27 20.58 4.67 -39.00 44.27
14:07:27 20.73 5.30 -38.77 44.29
14:07:27 20.42 4.69 -39.26 44.34
14:07:28 20.57 5.30 -38.77 44.47
14:07:28 20.57 4.98 -38.76 44.54
14:07:28 20.08 4.81 -38.23 44.31
14:07:28 20.41 4.83 -39.01 44.34
14:07:29 20.25 5.32 -39.29 44.51
14:07:29 20.58 5.00 -39.28 44.51
14:07:29 20.41 5.14 -38.76 44.54
14:07:30 20.74 4.99 -39.02 44.62
14:07:30 20.74 4.99 -39.02 44.67
14:07:30 20.58 5.00 -39.28 44.56
14:07:30 20.57 5.15 -39.02 44.54
14:07:31 20.73 4.98 -38.76 44.51
14:07:31 20.73 4.98 -38.76 44.65
14:07:31 20.25 4.85 -39.27 44.45
14:07:31 20.57 5.31 -39.03 44.51
14:07:32 20.25 5.14 -38.76 44.67
14:07:32 20.41 4.68 -39.00 44.76
14:07:32 20.24 5.46 -38.77 44.80
14:07:33 20.89 4.97 -38.50 45.20
14:07:33 20.57 5.14 -38.76 45.13
14:07:33 20.08 5.14 -38.76 45.04
14:07:33 20.41 4.97 -38.49 44.98
14:07:34 20.89 5.12 -38.24 44.78
14:07:34 20.08 5.13 -38.50 44.91
14:07:34 20.09 4.85 -39.27 44.69
14:07:34 20.57 5.31 -39.03 44.80
14:07:35 20.41 4.99 -39.01 44.89
14:07:35 20.58 5.02 -39.80 44.80
14:07:35 20.57 5.14 -38.76 45.20
14:07:35 20.57 4.99 -39.02 44.87
14:07:36 21.22 4.83 -39.01 45.09
14:07:36 20.90 4.98 -38.76 44.78
14:07:36 20.40 5.60 -38.26 45.00
14:07:37 20.90 5.32 -39.29 44.71
14:07:37 20.41 5.47 -39.03 44.80
14:07:37 20.41 4.97 -38.49 44.76
14:07:37 20.57 5.32 -39.29 44.78
14:07:38 20.57 5.32 -39.29 45.11
14:07:38 20.24 5.28 -38.25 44.89
14:07:38 20.57 4.98 -38.76 45.02
14:07:39 20.56 5.44 -38.25 45.00
14:07:39 20.57 5.45 -38.51 45.11
14:07:39 20.57 5.46 -38.77 44.85
14:07:39 20.89 5.43 -38.26 45.18
14:07:40 20.41 5.47 -39.03 44.98
14:07:40 20.90 5.16 -39.29 44.96
14:07:40 20.24 5.45 -38.51 44.98
14:07:40 20.73 5.46 -38.78 44.96
14:07:41 20.73 5.78 -39.05 44.91
14:07:41 20.41 5.30 -38.77 44.85
14:07:41 20.24 5.64 -39.30 44.91
14:07:41 20.41 5.32 -39.29 45.11
14:07:42 20.90 5.16 -39.29 45.13
14:07:42 20.24 5.62 -38.78 45.09
14:07:42 20.89 5.44 -38.52 45.09
14:07:43 20.57 5.48 -39.30 45.24
14:07:43 20.90 5.14 -38.76 45.29
14:07:43 20.24 5.63 -39.04 45.15
14:07:43 20.41 5.15 -39.02 45.29
14:07:44 20.40 5.77 -38.53 45.38
14:07:44 20.73 5.14 -38.76 45.22
14:07:44 20.89 5.43 -38.26 45.22
14:07:45 20.73 5.47 -39.04 45.20
14:07:45 20.25 4.82 -38.49 45.24
14:07:46 20.89 5.29 -38.51 45.31
14:07:46 20.56 5.60 -38.26 45.22
14:07:46 20.41 5.47 -39.03 45.44
14:07:46 20.57 5.13 -38.50 45.44
14:07:46 20.24 5.78 -38.79 45.33
14:07:46 20.72 5.43 -38.00 45.66
14:07:47 21.05 5.95 -39.32 45.49
14:07:47 20.73 5.61 -38.78 45.44
14:07:47 20.40 5.60 -38.26 45.44
14:07:47 20.24 5.43 -37.99 45.51
14:07:48 20.40 5.62 -38.78 45.60
14:07:48 20.41 5.63 -39.04 45.46
14:07:48 20.89 5.45 -38.78 45.58
14:07:49 20.23 6.07 -38.28 45.66
14:07:49 20.89 5.30 -38.77 45.71
14:07:49 20.89 5.62 -39.04 45.82
14:07:49 21.21 5.60 -38.53 45.97
14:07:50 20.40 5.44 -38.25 45.97
14:07:50 21.05 5.42 -38.00 46.17
14:07:50 20.56 5.89 -37.75 45.93
14:07:50 20.56 5.74 -38.01 46.00
14:07:51 20.89 5.78 -39.05 46.26
14:07:51 20.88 5.74 -38.01 46.33
14:07:51 20.73 5.29 -38.51 45.93
14:07:52 20.56 5.91 -38.27 46.02
14:07:52 21.05 5.76 -38.53 46.02
14:07:52 21.05 5.77 -38.79 46.00
14:07:52 20.89 5.44 -38.52 45.97
14:07:53 20.89 5.62 -39.04 45.88
14:07:53 20.89 5.60 -38.52 45.71
14:07:53 21.04 6.06 -38.02 45.82
14:07:53 21.05 5.28 -38.51 45.84
14:07:54 20.89 5.94 -39.06 45.91
14:07:54 21.05 5.44 -38.52 45.60
14:07:54 20.40 6.08 -38.54 45.82
14:07:54 20.73 5.63 -39.30 45.69
14:07:55 20.72 5.92 -38.53 45.71
14:07:55 20.56 5.93 -38.79 45.77
14:07:55 21.21 5.92 -38.54 45.69
14:07:56 20.88 5.58 -38.00 45.82
14:07:56 21.05 5.76 -38.53 45.73
14:07:56 21.04 6.06 -38.02 45.77
14:07:56 20.73 5.44 -38.26 45.73
14:07:57 20.73 5.78 -39.05 45.64
14:07:57 20.72 5.91 -38.27 45.75
14:07:57 20.56 5.61 -38.52 45.71
14:07:58 20.73 5.28 -38.25 45.77
14:07:58 21.05 5.59 -38.26 45.80
14:07:58 20.73 5.44 -38.26 45.58
14:07:58 20.73 5.94 -39.06 45.62
14:07:59 20.57 5.78 -39.05 45.66
14:07:59 20.72 5.76 -38.53 45.64
14:07:59 21.05 5.45 -38.78 45.58
