8.250000000000000000e+00 -6.120000000000000284e+01 -1.621000000000000085e+01
6.750000000000000000e+00 -6.329999999999999716e+01 -1.549000000000000021e+01
9.000000000000000000e+00 -6.434999999999999432e+01 -1.500000000000000000e+01
1.155000000000000071e+01 -5.970000000000000284e+01 -1.646000000000000085e+01
1.694999999999999929e+01 -4.620000000000000284e+01 -1.887999999999999901e+01
1.725000000000000000e+01 -2.700000000000000000e+01 -1.233999999999999986e+01
2.160000000000000142e+01 -2.355000000000000071e+01 -1.136999999999999922e+01
1.844999999999999929e+01 -2.250000000000000000e+01 -1.233999999999999986e+01
1.800000000000000000e+01 -2.355000000000000071e+01 -1.233999999999999986e+01
2.325000000000000000e+01 -1.860000000000000142e+01 -5.809999999999999609e+00
1.755000000000000071e+01 -4.950000000000000178e+00 2.275000000000000000e+01
2.039999999999999858e+01 -7.049999999999999822e+00 5.034000000000000341e+01
2.039999999999999858e+01 -4.320000000000000284e+01 6.728000000000000114e+01
2.235000000000000142e+01 -7.004999999999999716e+01 4.235000000000000142e+01
2.669999999999999929e+01 -8.295000000000000284e+01 2.976999999999999957e+01
2.430000000000000071e+01 -6.854999999999999716e+01 -6.290000000000000036e+00
2.325000000000000000e+01 -6.254999999999999716e+01 -1.500000000000000000e+01
2.564999999999999858e+01 -2.910000000000000142e+01 -1.041000000000000014e+01
2.219999999999999929e+01 -3.299999999999999822e+00 1.983999999999999986e+01
2.205000000000000071e+01 -1.125000000000000000e+01 5.468999999999999773e+01
2.130000000000000071e+01 -1.935000000000000142e+01 6.557999999999999829e+01
2.160000000000000142e+01 -5.504999999999999716e+01 6.679000000000000625e+01
2.025000000000000000e+01 -7.995000000000000284e+01 4.815999999999999659e+01
2.055000000000000071e+01 -8.384999999999999432e+01 1.161999999999999922e+01
2.025000000000000000e+01 -5.804999999999999716e+01 -1.525000000000000000e+01
1.830000000000000071e+01 -3.614999999999999858e+01 -1.113000000000000078e+01
1.635000000000000142e+01 -1.664999999999999858e+01 -9.699999999999999734e-01
1.469999999999999929e+01 -1.800000000000000044e+00 1.258000000000000007e+01
1.109999999999999964e+01 -1.499999999999999944e-01 3.364000000000000057e+01
9.900000000000000355e+00 -1.664999999999999858e+01 6.074000000000000199e+01
9.599999999999999645e+00 -3.510000000000000142e+01 7.090999999999999659e+01
8.099999999999999645e+00 -5.429999999999999716e+01 6.728000000000000114e+01
8.099999999999999645e+00 -7.440000000000000568e+01 5.565999999999999659e+01
6.900000000000000355e+00 -8.654999999999999716e+01 4.114000000000000057e+01
5.549999999999999822e+00 -8.790000000000000568e+01 1.161999999999999922e+01
3.299999999999999822e+00 -8.445000000000000284e+01 3.870000000000000107e+00
1.649999999999999911e+00 -5.954999999999999716e+01 -1.862999999999999901e+01
7.500000000000000000e-01 -2.505000000000000071e+01 -1.646000000000000085e+01
1.050000000000000044e+00 -1.019999999999999929e+01 1.689999999999999947e+00
-1.649999999999999911e+00 -5.099999999999999645e+00 1.209999999999999964e+01
-3.299999999999999822e+00 2.999999999999999889e-01 2.517000000000000171e+01
-3.299999999999999822e+00 0.000000000000000000e+00 3.121999999999999886e+01
-4.349999999999999645e+00 -7.500000000000000000e-01 3.339999999999999858e+01
-4.349999999999999645e+00 -1.469999999999999929e+01 6.050000000000000000e+01
-4.650000000000000355e+00 -2.535000000000000142e+01 6.800000000000000000e+01
-4.049999999999999822e+00 -5.850000000000000000e+01 6.823999999999999488e+01
-4.049999999999999822e+00 -8.459999999999999432e+01 4.453000000000000114e+01
-3.149999999999999911e+00 -7.695000000000000284e+01 -4.360000000000000320e+00
-2.250000000000000000e+00 -4.304999999999999716e+01 -1.621000000000000085e+01
-2.850000000000000089e+00 -1.619999999999999929e+01 1.355000000000000071e+01
-3.299999999999999822e+00 -4.500000000000000111e-01 4.332000000000000028e+01
-4.349999999999999645e+00 -2.325000000000000000e+01 6.728000000000000114e+01
-6.150000000000000355e+00 -7.334999999999999432e+01 5.589999999999999858e+01
-7.200000000000000178e+00 -8.879999999999999716e+01 2.130000000000000071e+01
-6.900000000000000355e+00 -6.120000000000000284e+01 -1.258000000000000007e+01
-8.099999999999999645e+00 -3.675000000000000000e+01 -1.887999999999999901e+01
-5.849999999999999645e+00 -2.835000000000000142e+01 -1.549000000000000021e+01
-6.750000000000000000e+00 -1.814999999999999858e+01 8.470000000000000639e+00
-5.400000000000000355e+00 -7.500000000000000000e-01 4.307999999999999829e+01
-7.950000000000000178e+00 -1.259999999999999964e+01 6.218999999999999773e+01
-1.080000000000000071e+01 -5.445000000000000284e+01 6.581999999999999318e+01
-1.230000000000000071e+01 -7.770000000000000284e+01 4.138000000000000256e+01
-1.259999999999999964e+01 -8.415000000000000568e+01 -6.780000000000000249e+00
-1.094999999999999929e+01 -5.475000000000000000e+01 -1.500000000000000000e+01
-1.530000000000000071e+01 -3.510000000000000142e+01 -1.283000000000000007e+01
-1.575000000000000000e+01 -2.625000000000000000e+01 2.419999999999999929e+00
-1.469999999999999929e+01 -6.750000000000000000e+00 4.792000000000000171e+01
-1.425000000000000000e+01 -5.054999999999999716e+01 6.631000000000000227e+01
-1.394999999999999929e+01 -8.504999999999999716e+01 1.451999999999999957e+01
-1.184999999999999964e+01 -5.535000000000000142e+01 -1.500000000000000000e+01
-1.244999999999999929e+01 -2.685000000000000142e+01 -6.780000000000000249e+00
-1.140000000000000036e+01 -1.949999999999999956e+00 2.105000000000000071e+01
-1.350000000000000000e+01 -1.559999999999999964e+01 6.171000000000000085e+01
-1.319999999999999929e+01 -2.460000000000000142e+01 6.679000000000000625e+01
-1.065000000000000036e+01 -5.939999999999999858e+01 6.557999999999999829e+01
-9.000000000000000000e+00 -8.759999999999999432e+01 3.606000000000000227e+01
-4.349999999999999645e+00 -8.759999999999999432e+01 -5.809999999999999609e+00
-4.049999999999999822e+00 -7.665000000000000568e+01 -1.065000000000000036e+01
-3.299999999999999822e+00 -3.105000000000000071e+01 -1.791000000000000014e+01
5.999999999999999778e-01 -1.184999999999999964e+01 2.226000000000000156e+01
2.850000000000000089e+00 -2.999999999999999889e-01 3.532999999999999829e+01
-3.149999999999999911e+00 -2.205000000000000071e+01 6.195000000000000284e+01
-7.500000000000000000e-01 -2.339999999999999858e+01 6.873000000000000398e+01
9.000000000000000222e-01 -7.034999999999999432e+01 6.171000000000000085e+01
7.500000000000000000e-01 -8.850000000000000000e+01 1.016000000000000014e+01
2.399999999999999911e+00 -8.820000000000000284e+01 1.161999999999999922e+01
9.000000000000000222e-01 -4.410000000000000142e+01 -1.935999999999999943e+01
3.149999999999999911e+00 -3.720000000000000284e+01 -6.530000000000000249e+00
5.099999999999999645e+00 -1.050000000000000044e+00 1.549000000000000021e+01
5.849999999999999645e+00 -9.449999999999999289e+00 5.589999999999999858e+01
1.019999999999999929e+01 -4.920000000000000284e+01 6.460999999999999943e+01
1.409999999999999964e+01 -6.300000000000000000e+01 6.581999999999999318e+01
1.409999999999999964e+01 -6.540000000000000568e+01 6.267999999999999972e+01
1.305000000000000071e+01 -8.654999999999999716e+01 1.525000000000000000e+01
1.409999999999999964e+01 -5.925000000000000000e+01 -1.475999999999999979e+01
1.290000000000000036e+01 -5.250000000000000000e+01 -1.283000000000000007e+01
1.244999999999999929e+01 -1.785000000000000142e+01 -1.065000000000000036e+01
1.244999999999999929e+01 -8.550000000000000711e+00 2.830999999999999872e+01
1.155000000000000071e+01 1.499999999999999944e-01 3.242999999999999972e+01
1.259999999999999964e+01 -1.140000000000000036e+01 6.920999999999999375e+01
1.515000000000000036e+01 -4.020000000000000284e+01 7.018000000000000682e+01
1.230000000000000071e+01 -6.434999999999999432e+01 4.671000000000000085e+01
1.619999999999999929e+01 -7.650000000000000000e+01 5.589999999999999858e+01
1.515000000000000036e+01 -7.859999999999999432e+01 5.565999999999999659e+01
1.140000000000000036e+01 -7.829999999999999716e+01 4.888000000000000256e+01
1.590000000000000036e+01 -8.684999999999999432e+01 2.275000000000000000e+01
1.844999999999999929e+01 -8.250000000000000000e+01 -4.599999999999999645e+00
2.085000000000000142e+01 -7.845000000000000284e+01 2.180000000000000160e+00
2.025000000000000000e+01 -4.889999999999999858e+01 -1.646000000000000085e+01
2.010000000000000142e+01 -5.804999999999999716e+01 -1.573000000000000043e+01
1.950000000000000000e+01 -2.610000000000000142e+01 -1.355000000000000071e+01
2.144999999999999929e+01 -2.744999999999999929e+01 -1.089000000000000057e+01
2.280000000000000071e+01 -1.230000000000000071e+01 -3.390000000000000124e+00
2.175000000000000000e+01 -1.230000000000000071e+01 1.209999999999999964e+01
2.564999999999999858e+01 -5.099999999999999645e+00 1.694000000000000128e+01
2.594999999999999929e+01 -1.200000000000000000e+01 4.742999999999999972e+01
2.475000000000000000e+01 -9.900000000000000355e+00 5.324000000000000199e+01
2.325000000000000000e+01 -3.210000000000000142e+01 6.412999999999999545e+01
2.325000000000000000e+01 -2.610000000000000142e+01 6.315999999999999659e+01
2.355000000000000071e+01 -6.029999999999999716e+01 6.581999999999999318e+01
2.460000000000000142e+01 -5.639999999999999858e+01 5.686999999999999744e+01
2.610000000000000142e+01 -7.890000000000000568e+01 4.646000000000000085e+01
2.639999999999999858e+01 -7.859999999999999432e+01 1.136999999999999922e+01
2.775000000000000000e+01 -7.979999999999999716e+01 -1.939999999999999947e+00
2.850000000000000000e+01 -5.970000000000000284e+01 -9.439999999999999503e+00
2.730000000000000071e+01 -4.275000000000000000e+01 -1.283000000000000007e+01
2.625000000000000000e+01 -4.020000000000000284e+01 -9.679999999999999716e+00
2.669999999999999929e+01 -1.964999999999999858e+01 -4.599999999999999645e+00
2.685000000000000142e+01 -6.450000000000000178e+00 1.621000000000000085e+01
2.700000000000000000e+01 -7.049999999999999822e+00 4.742999999999999972e+01
2.505000000000000071e+01 -7.500000000000000000e+00 4.792000000000000171e+01
2.700000000000000000e+01 -2.610000000000000142e+01 6.097999999999999687e+01
2.594999999999999929e+01 -4.020000000000000284e+01 6.581999999999999318e+01
2.444999999999999929e+01 -4.245000000000000284e+01 6.389000000000000057e+01
2.625000000000000000e+01 -5.295000000000000284e+01 6.364999999999999858e+01
2.760000000000000142e+01 -7.890000000000000568e+01 4.646000000000000085e+01
2.594999999999999929e+01 -7.875000000000000000e+01 3.435999999999999943e+01
2.760000000000000142e+01 -8.175000000000000000e+01 1.960000000000000142e+01
2.669999999999999929e+01 -7.034999999999999432e+01 -1.449999999999999956e+00
2.625000000000000000e+01 -6.900000000000000000e+01 -1.283000000000000007e+01
2.714999999999999858e+01 -4.395000000000000284e+01 -1.475999999999999979e+01
2.414999999999999858e+01 -1.380000000000000071e+01 -5.809999999999999609e+00
2.385000000000000142e+01 -1.919999999999999929e+01 7.299999999999999822e-01
2.400000000000000000e+01 -6.599999999999999645e+00 7.990000000000000213e+00
2.144999999999999929e+01 -2.100000000000000089e+00 2.903999999999999915e+01
2.100000000000000000e+01 -5.549999999999999822e+00 5.639000000000000057e+01
2.010000000000000142e+01 -1.230000000000000071e+01 5.614000000000000057e+01
1.860000000000000142e+01 -4.320000000000000284e+01 6.848999999999999488e+01
1.769999999999999929e+01 -6.540000000000000568e+01 5.832000000000000028e+01
1.725000000000000000e+01 -7.170000000000000284e+01 5.203000000000000114e+01
1.889999999999999858e+01 -8.684999999999999432e+01 2.371999999999999886e+01
1.650000000000000000e+01 -6.075000000000000000e+01 -1.089000000000000057e+01
1.575000000000000000e+01 -6.434999999999999432e+01 -1.525000000000000000e+01
1.305000000000000071e+01 -3.329999999999999716e+01 -1.717999999999999972e+01
1.125000000000000000e+01 -6.900000000000000355e+00 -3.390000000000000124e+00
1.050000000000000000e+01 -3.750000000000000000e+00 2.130000000000000071e+01
9.150000000000000355e+00 1.649999999999999911e+00 2.928000000000000114e+01
7.349999999999999645e+00 -1.559999999999999964e+01 5.977000000000000313e+01
6.750000000000000000e+00 -4.335000000000000142e+01 7.065999999999999659e+01
4.349999999999999645e+00 -4.964999999999999858e+01 6.896999999999999886e+01
1.949999999999999956e+00 -6.945000000000000284e+01 6.292000000000000171e+01
1.050000000000000044e+00 -8.850000000000000000e+01 3.485000000000000142e+01
3.899999999999999911e+00 -8.850000000000000000e+01 2.735000000000000142e+01
5.549999999999999822e+00 -8.204999999999999716e+01 5.320000000000000284e+00
6.750000000000000000e+00 -7.409999999999999432e+01 -1.791000000000000014e+01
7.950000000000000178e+00 -4.829999999999999716e+01 -1.960000000000000142e+01
6.150000000000000355e+00 -6.750000000000000000e+00 -4.110000000000000320e+00
6.900000000000000355e+00 -2.999999999999999889e-01 3.920000000000000284e+01
3.000000000000000000e+00 -1.500000000000000000e+00 4.597999999999999687e+01
7.349999999999999645e+00 -2.414999999999999858e+01 6.631000000000000227e+01
9.150000000000000355e+00 -3.539999999999999858e+01 7.018000000000000682e+01
1.155000000000000071e+01 -4.529999999999999716e+01 7.090999999999999659e+01
1.515000000000000036e+01 -4.650000000000000000e+01 7.018000000000000682e+01
1.334999999999999964e+01 -4.379999999999999716e+01 7.042000000000000171e+01
1.019999999999999929e+01 -3.854999999999999716e+01 7.065999999999999659e+01
7.049999999999999822e+00 -3.660000000000000142e+01 7.065999999999999659e+01
6.299999999999999822e+00 -3.810000000000000142e+01 7.115000000000000568e+01
6.299999999999999822e+00 -5.489999999999999858e+01 6.703000000000000114e+01
1.019999999999999929e+01 -8.340000000000000568e+01 4.332000000000000028e+01
1.215000000000000036e+01 -8.865000000000000568e+01 2.396000000000000085e+01
6.900000000000000355e+00 -8.925000000000000000e+01 1.403999999999999915e+01
7.200000000000000178e+00 -7.259999999999999432e+01 -8.949999999999999289e+00
9.449999999999999289e+00 -7.454999999999999716e+01 -7.019999999999999574e+00
7.650000000000000355e+00 -7.470000000000000284e+01 -7.990000000000000213e+00
8.400000000000000355e+00 -7.529999999999999716e+01 -6.290000000000000036e+00
7.650000000000000355e+00 -7.650000000000000000e+01 -5.809999999999999609e+00
9.000000000000000000e+00 -7.484999999999999432e+01 -7.990000000000000213e+00
9.599999999999999645e+00 -6.120000000000000284e+01 -1.451999999999999957e+01
1.019999999999999929e+01 -5.970000000000000284e+01 -1.791000000000000014e+01
7.349999999999999645e+00 -6.900000000000000355e+00 -1.689999999999999947e+00
7.799999999999999822e+00 -6.299999999999999822e+00 1.065000000000000036e+01
6.299999999999999822e+00 -8.250000000000000000e+00 5.275999999999999801e+01
1.500000000000000000e+00 -3.150000000000000000e+01 6.945000000000000284e+01
4.349999999999999645e+00 -6.104999999999999716e+01 6.873000000000000398e+01
3.299999999999999822e+00 -8.925000000000000000e+01 2.564999999999999858e+01
5.400000000000000355e+00 -8.940000000000000568e+01 1.209999999999999964e+01
7.049999999999999822e+00 -6.075000000000000000e+01 -1.621000000000000085e+01
7.049999999999999822e+00 -4.004999999999999716e+01 -8.230000000000000426e+00
7.200000000000000178e+00 -1.334999999999999964e+01 -7.990000000000000213e+00
5.400000000000000355e+00 -1.500000000000000000e+00 3.775000000000000000e+01
7.049999999999999822e+00 -3.899999999999999911e+00 5.953000000000000114e+01
6.900000000000000355e+00 -4.020000000000000284e+01 7.090999999999999659e+01
6.450000000000000178e+00 -8.115000000000000568e+01 3.411999999999999744e+01
8.400000000000000355e+00 -8.834999999999999432e+01 3.388000000000000256e+01
7.799999999999999822e+00 -7.365000000000000568e+01 -6.780000000000000249e+00
8.099999999999999645e+00 -7.125000000000000000e+01 -1.694000000000000128e+01
9.449999999999999289e+00 -2.850000000000000000e+01 -1.742000000000000171e+01
9.150000000000000355e+00 0.000000000000000000e+00 1.378999999999999915e+01
1.034999999999999964e+01 -4.500000000000000111e-01 2.153999999999999915e+01
1.094999999999999929e+01 -5.250000000000000000e+00 4.792000000000000171e+01
9.750000000000000000e+00 -1.484999999999999964e+01 6.728000000000000114e+01
1.184999999999999964e+01 -2.564999999999999858e+01 6.800000000000000000e+01
1.334999999999999964e+01 -5.864999999999999858e+01 6.848999999999999488e+01
1.515000000000000036e+01 -8.550000000000000000e+01 3.242999999999999972e+01
1.860000000000000142e+01 -8.684999999999999432e+01 1.839000000000000057e+01
1.980000000000000071e+01 -6.629999999999999716e+01 -1.113000000000000078e+01
1.919999999999999929e+01 -3.779999999999999716e+01 -1.597000000000000064e+01
2.100000000000000000e+01 -3.329999999999999716e+01 -1.089000000000000057e+01
2.189999999999999858e+01 -2.264999999999999858e+01 -9.199999999999999289e+00
2.235000000000000142e+01 -4.650000000000000355e+00 3.727000000000000313e+01
2.400000000000000000e+01 -7.049999999999999822e+00 4.259000000000000341e+01
2.564999999999999858e+01 -9.449999999999999289e+00 5.735000000000000142e+01
3.014999999999999858e+01 -4.079999999999999716e+01 6.315999999999999659e+01
3.194999999999999929e+01 -7.470000000000000284e+01 4.453000000000000114e+01
3.345000000000000284e+01 -7.725000000000000000e+01 1.573000000000000043e+01
3.495000000000000284e+01 -7.545000000000000284e+01 1.136999999999999922e+01
3.495000000000000284e+01 -5.445000000000000284e+01 -4.839999999999999858e+00
3.450000000000000000e+01 -2.339999999999999858e+01 -3.390000000000000124e+00
3.420000000000000284e+01 -1.994999999999999929e+01 1.669999999999999929e+01
3.450000000000000000e+01 -1.080000000000000071e+01 2.008999999999999986e+01
3.450000000000000000e+01 -1.650000000000000000e+01 4.574000000000000199e+01
3.450000000000000000e+01 -4.035000000000000142e+01 6.025999999999999801e+01
3.194999999999999929e+01 -4.604999999999999716e+01 5.589999999999999858e+01
3.389999999999999858e+01 -5.879999999999999716e+01 5.468999999999999773e+01
3.554999999999999716e+01 -7.350000000000000000e+01 3.920000000000000284e+01
3.795000000000000284e+01 -7.229999999999999716e+01 2.251000000000000156e+01
4.064999999999999858e+01 -7.079999999999999716e+01 1.016000000000000014e+01
4.139999999999999858e+01 -5.820000000000000284e+01 1.449999999999999956e+00
4.229999999999999716e+01 -4.829999999999999716e+01 4.799999999999999822e-01
4.304999999999999716e+01 -3.750000000000000000e+01 3.149999999999999911e+00
4.304999999999999716e+01 -3.510000000000000142e+01 5.320000000000000284e+00
4.350000000000000000e+01 -3.329999999999999716e+01 1.449999999999999956e+00
4.275000000000000000e+01 -2.010000000000000142e+01 2.517000000000000171e+01
4.275000000000000000e+01 -1.785000000000000142e+01 3.242999999999999972e+01
4.379999999999999716e+01 -2.519999999999999929e+01 4.138000000000000256e+01
4.260000000000000142e+01 -3.570000000000000284e+01 4.718999999999999773e+01
4.335000000000000142e+01 -3.810000000000000142e+01 4.985000000000000142e+01
4.245000000000000284e+01 -4.545000000000000284e+01 5.275999999999999801e+01
4.260000000000000142e+01 -6.659999999999999432e+01 3.460999999999999943e+01
4.079999999999999716e+01 -6.750000000000000000e+01 1.525000000000000000e+01
3.825000000000000000e+01 -6.870000000000000284e+01 -1.209999999999999964e+00
3.885000000000000142e+01 -4.710000000000000142e+01 -4.839999999999999858e+00
3.645000000000000284e+01 -2.219999999999999929e+01 4.799999999999999822e-01
3.420000000000000284e+01 -9.449999999999999289e+00 1.862999999999999901e+01
3.300000000000000000e+01 -7.799999999999999822e+00 4.428999999999999915e+01
3.314999999999999858e+01 -1.259999999999999964e+01 4.936999999999999744e+01
3.360000000000000142e+01 -3.945000000000000284e+01 6.122999999999999687e+01
3.375000000000000000e+01 -6.014999999999999858e+01 5.807999999999999829e+01
3.450000000000000000e+01 -6.884999999999999432e+01 3.896000000000000085e+01
3.525000000000000000e+01 -7.604999999999999716e+01 2.758999999999999986e+01
3.089999999999999858e+01 -7.754999999999999716e+01 1.113000000000000078e+01
3.030000000000000071e+01 -5.175000000000000000e+01 -9.919999999999999929e+00
2.669999999999999929e+01 -5.400000000000000000e+01 -1.378999999999999915e+01
2.760000000000000142e+01 -1.365000000000000036e+01 9.439999999999999503e+00
2.714999999999999858e+01 -9.000000000000000000e+00 6.290000000000000036e+00
2.939999999999999858e+01 -1.034999999999999964e+01 4.210999999999999943e+01
2.775000000000000000e+01 -9.300000000000000711e+00 5.009000000000000341e+01
2.685000000000000142e+01 -4.395000000000000284e+01 6.631000000000000227e+01
2.475000000000000000e+01 -3.960000000000000142e+01 6.654999999999999716e+01
2.294999999999999929e+01 -4.170000000000000284e+01 6.703000000000000114e+01
2.369999999999999929e+01 -8.370000000000000284e+01 3.871999999999999886e+01
2.175000000000000000e+01 -8.490000000000000568e+01 3.242999999999999972e+01
2.414999999999999858e+01 -8.459999999999999432e+01 -4.599999999999999645e+00
2.414999999999999858e+01 -4.995000000000000284e+01 -1.597000000000000064e+01
2.294999999999999929e+01 -1.380000000000000071e+01 -2.180000000000000160e+00
2.355000000000000071e+01 -4.049999999999999822e+00 3.485000000000000142e+01
2.175000000000000000e+01 -1.244999999999999929e+01 6.509999999999999432e+01
2.264999999999999858e+01 -2.400000000000000000e+01 6.581999999999999318e+01
2.339999999999999858e+01 -5.745000000000000284e+01 6.581999999999999318e+01
2.189999999999999858e+01 -8.490000000000000568e+01 3.629999999999999716e+01
2.294999999999999929e+01 -8.490000000000000568e+01 -3.870000000000000107e+00
2.055000000000000071e+01 -7.304999999999999716e+01 -5.570000000000000284e+00
2.025000000000000000e+01 -3.539999999999999858e+01 -1.307000000000000028e+01
1.950000000000000000e+01 -2.789999999999999858e+01 -1.258000000000000007e+01
1.605000000000000071e+01 -2.399999999999999911e+00 8.710000000000000853e+00
1.469999999999999929e+01 -2.399999999999999911e+00 6.122999999999999687e+01
1.619999999999999929e+01 -1.860000000000000142e+01 6.631000000000000227e+01
1.605000000000000071e+01 -6.975000000000000000e+01 6.002000000000000313e+01
1.739999999999999858e+01 -8.729999999999999716e+01 3.485000000000000142e+01
1.694999999999999929e+01 -7.590000000000000568e+01 -8.949999999999999289e+00
1.814999999999999858e+01 -6.659999999999999432e+01 -1.646000000000000085e+01
1.710000000000000142e+01 -3.689999999999999858e+01 -1.717999999999999972e+01
1.605000000000000071e+01 -3.600000000000000089e+00 5.080000000000000071e+00
1.575000000000000000e+01 -2.100000000000000089e+00 3.582000000000000028e+01
1.559999999999999964e+01 -8.699999999999999289e+00 5.300000000000000000e+01
1.500000000000000000e+01 -4.589999999999999858e+01 7.042000000000000171e+01
1.230000000000000071e+01 -5.489999999999999858e+01 6.122999999999999687e+01
1.484999999999999964e+01 -8.175000000000000000e+01 4.864000000000000057e+01
1.530000000000000071e+01 -8.220000000000000284e+01 5.809999999999999609e+00
1.365000000000000036e+01 -6.690000000000000568e+01 -1.862999999999999901e+01
1.305000000000000071e+01 -5.175000000000000000e+01 -1.862999999999999901e+01
1.230000000000000071e+01 -1.215000000000000036e+01 -6.290000000000000036e+00
1.334999999999999964e+01 -5.999999999999999778e-01 2.903999999999999915e+01
1.409999999999999964e+01 -4.349999999999999645e+00 6.074000000000000199e+01
1.394999999999999929e+01 -1.619999999999999929e+01 6.534000000000000341e+01
1.694999999999999929e+01 -6.765000000000000568e+01 6.339999999999999858e+01
1.530000000000000071e+01 -8.715000000000000568e+01 2.903999999999999915e+01
1.830000000000000071e+01 -8.609999999999999432e+01 -7.500000000000000000e+00
1.800000000000000000e+01 -5.639999999999999858e+01 -1.646000000000000085e+01
1.575000000000000000e+01 -1.409999999999999964e+01 -6.290000000000000036e+00
1.694999999999999929e+01 -9.000000000000000222e-01 3.025000000000000000e+01
1.544999999999999929e+01 -9.000000000000000000e+00 6.195000000000000284e+01
1.440000000000000036e+01 -1.889999999999999858e+01 6.728000000000000114e+01
1.694999999999999929e+01 -5.670000000000000284e+01 6.800000000000000000e+01
1.559999999999999964e+01 -8.654999999999999716e+01 3.896000000000000085e+01
1.575000000000000000e+01 -8.670000000000000284e+01 -2.899999999999999911e+00
1.694999999999999929e+01 -7.470000000000000284e+01 -1.403999999999999915e+01
1.739999999999999858e+01 -4.620000000000000284e+01 -1.742000000000000171e+01
1.725000000000000000e+01 -1.680000000000000071e+01 -8.949999999999999289e+00
1.635000000000000142e+01 -4.500000000000000111e-01 2.444000000000000128e+01
1.755000000000000071e+01 -9.599999999999999645e+00 6.460999999999999943e+01
1.814999999999999858e+01 -2.580000000000000071e+01 6.873000000000000398e+01
1.935000000000000142e+01 -5.175000000000000000e+01 6.389000000000000057e+01
2.100000000000000000e+01 -7.304999999999999716e+01 5.250999999999999801e+01
2.400000000000000000e+01 -8.400000000000000000e+01 2.178000000000000114e+01
2.414999999999999858e+01 -6.600000000000000000e+01 -7.740000000000000213e+00
2.369999999999999929e+01 -4.260000000000000142e+01 -1.500000000000000000e+01
2.355000000000000071e+01 -2.910000000000000142e+01 3.870000000000000107e+00
2.505000000000000071e+01 -9.150000000000000355e+00 2.057000000000000028e+01
2.550000000000000000e+01 -6.000000000000000000e+00 4.114000000000000057e+01
2.430000000000000071e+01 -2.925000000000000000e+01 6.292000000000000171e+01
2.580000000000000071e+01 -5.535000000000000142e+01 6.171000000000000085e+01
2.894999999999999929e+01 -6.959999999999999432e+01 3.896000000000000085e+01
2.939999999999999858e+01 -7.890000000000000568e+01 2.928000000000000114e+01
3.150000000000000000e+01 -7.965000000000000568e+01 2.758999999999999986e+01
3.435000000000000142e+01 -5.714999999999999858e+01 -3.390000000000000124e+00
3.720000000000000284e+01 -1.830000000000000071e+01 5.080000000000000071e+00
3.825000000000000000e+01 -1.394999999999999929e+01 3.678000000000000114e+01
3.870000000000000284e+01 -1.769999999999999929e+01 5.057999999999999829e+01
4.050000000000000000e+01 -2.775000000000000000e+01 5.178999999999999915e+01
4.335000000000000142e+01 -4.454999999999999716e+01 5.009000000000000341e+01
4.454999999999999716e+01 -6.104999999999999716e+01 4.065999999999999659e+01
4.470000000000000284e+01 -6.225000000000000000e+01 2.685999999999999943e+01
4.470000000000000284e+01 -6.540000000000000568e+01 2.396000000000000085e+01
4.514999999999999858e+01 -6.000000000000000000e+01 1.573000000000000043e+01
4.529999999999999716e+01 -4.410000000000000142e+01 8.230000000000000426e+00
4.575000000000000000e+01 -4.050000000000000000e+01 1.233999999999999986e+01
4.679999999999999716e+01 -2.955000000000000071e+01 1.669999999999999929e+01
4.770000000000000284e+01 -3.254999999999999716e+01 1.573000000000000043e+01
4.739999999999999858e+01 -3.239999999999999858e+01 1.549000000000000021e+01
4.695000000000000284e+01 -3.089999999999999858e+01 1.427999999999999936e+01
4.770000000000000284e+01 -2.880000000000000071e+01 2.903999999999999915e+01
4.679999999999999716e+01 -2.610000000000000142e+01 3.653999999999999915e+01
4.664999999999999858e+01 -3.030000000000000071e+01 3.968999999999999773e+01
4.650000000000000000e+01 -4.589999999999999858e+01 4.428999999999999915e+01
4.604999999999999716e+01 -5.685000000000000142e+01 3.653999999999999915e+01
4.620000000000000284e+01 -5.925000000000000000e+01 3.582000000000000028e+01
4.650000000000000000e+01 -5.925000000000000000e+01 1.862999999999999901e+01
4.589999999999999858e+01 -4.139999999999999858e+01 7.500000000000000000e+00
4.589999999999999858e+01 -4.079999999999999716e+01 1.573000000000000043e+01
4.514999999999999858e+01 -2.535000000000000142e+01 1.549000000000000021e+01
4.304999999999999716e+01 -2.175000000000000000e+01 4.235000000000000142e+01
4.229999999999999716e+01 -2.819999999999999929e+01 5.178999999999999915e+01
4.004999999999999716e+01 -3.464999999999999858e+01 5.227000000000000313e+01
4.170000000000000284e+01 -5.279999999999999716e+01 5.154999999999999716e+01
4.170000000000000284e+01 -6.840000000000000568e+01 3.267000000000000171e+01
4.020000000000000284e+01 -7.125000000000000000e+01 3.364000000000000057e+01
3.885000000000000142e+01 -7.320000000000000284e+01 2.758999999999999986e+01
3.645000000000000284e+01 -7.125000000000000000e+01 -9.699999999999999734e-01
3.585000000000000142e+01 -3.554999999999999716e+01 -7.500000000000000000e+00
3.420000000000000284e+01 -4.064999999999999858e+01 -8.470000000000000639e+00
3.254999999999999716e+01 -1.544999999999999929e+01 2.180000000000000160e+00
3.150000000000000000e+01 -8.550000000000000711e+00 5.347999999999999687e+01
2.805000000000000071e+01 -1.559999999999999964e+01 5.928999999999999915e+01
2.730000000000000071e+01 -7.440000000000000568e+01 5.106000000000000227e+01
2.925000000000000000e+01 -8.115000000000000568e+01 4.360000000000000320e+00
2.535000000000000142e+01 -7.754999999999999716e+01 7.299999999999999822e-01
2.760000000000000142e+01 -5.295000000000000284e+01 -1.233999999999999986e+01
2.925000000000000000e+01 -1.935000000000000142e+01 9.919999999999999929e+00
2.369999999999999929e+01 -4.950000000000000178e+00 1.136999999999999922e+01
1.905000000000000071e+01 -3.164999999999999858e+01 6.679000000000000625e+01
1.814999999999999858e+01 -6.434999999999999432e+01 4.453000000000000114e+01
1.814999999999999858e+01 -8.204999999999999716e+01 4.259000000000000341e+01
1.950000000000000000e+01 -6.840000000000000568e+01 -9.679999999999999716e+00
1.964999999999999858e+01 -1.800000000000000000e+01 -7.259999999999999787e+00
2.130000000000000071e+01 -1.350000000000000000e+01 2.298999999999999844e+01
2.069999999999999929e+01 -7.500000000000000000e+00 4.646000000000000085e+01
2.144999999999999929e+01 -6.029999999999999716e+01 6.485999999999999943e+01
2.310000000000000142e+01 -6.825000000000000000e+01 5.928999999999999915e+01
2.175000000000000000e+01 -6.540000000000000568e+01 6.002000000000000313e+01
2.355000000000000071e+01 -7.800000000000000000e+01 5.809999999999999609e+00
2.444999999999999929e+01 -5.850000000000000000e+01 -6.780000000000000249e+00
2.489999999999999858e+01 -1.605000000000000071e+01 -4.110000000000000320e+00
2.564999999999999858e+01 -1.394999999999999929e+01 4.960999999999999943e+01
3.044999999999999929e+01 -2.100000000000000000e+01 6.218999999999999773e+01
3.225000000000000000e+01 -5.535000000000000142e+01 5.977000000000000313e+01
3.404999999999999716e+01 -7.484999999999999432e+01 1.597000000000000064e+01
3.629999999999999716e+01 -5.039999999999999858e+01 -4.599999999999999645e+00
3.795000000000000284e+01 -3.510000000000000142e+01 -1.449999999999999956e+00
3.929999999999999716e+01 -1.500000000000000000e+01 2.153999999999999915e+01
4.064999999999999858e+01 -3.525000000000000000e+01 4.960999999999999943e+01
4.260000000000000142e+01 -3.839999999999999858e+01 4.888000000000000256e+01
4.514999999999999858e+01 -5.489999999999999858e+01 4.453000000000000114e+01
4.545000000000000284e+01 -6.135000000000000142e+01 2.710000000000000142e+01
4.785000000000000142e+01 -5.729999999999999716e+01 1.355000000000000071e+01
4.785000000000000142e+01 -4.470000000000000284e+01 1.233999999999999986e+01
4.695000000000000284e+01 -3.180000000000000071e+01 1.403999999999999915e+01
4.650000000000000000e+01 -2.819999999999999929e+01 2.951999999999999957e+01
4.710000000000000142e+01 -2.805000000000000071e+01 3.048999999999999844e+01
4.725000000000000000e+01 -3.929999999999999716e+01 3.992999999999999972e+01
4.754999999999999716e+01 -3.404999999999999716e+01 4.040999999999999659e+01
4.845000000000000284e+01 -4.545000000000000284e+01 4.114000000000000057e+01
4.725000000000000000e+01 -5.820000000000000284e+01 3.364000000000000057e+01
4.739999999999999858e+01 -5.954999999999999716e+01 1.935999999999999943e+01
4.650000000000000000e+01 -5.820000000000000284e+01 1.621000000000000085e+01
4.664999999999999858e+01 -4.725000000000000000e+01 9.679999999999999716e+00
4.695000000000000284e+01 -2.850000000000000000e+01 1.573000000000000043e+01
4.514999999999999858e+01 -2.385000000000000142e+01 2.685999999999999943e+01
4.275000000000000000e+01 -1.919999999999999929e+01 3.629999999999999716e+01
4.200000000000000000e+01 -4.529999999999999716e+01 5.468999999999999773e+01
3.989999999999999858e+01 -6.345000000000000284e+01 2.710000000000000142e+01
4.035000000000000142e+01 -7.079999999999999716e+01 2.637999999999999901e+01
4.095000000000000284e+01 -5.745000000000000284e+01 3.629999999999999893e+00
4.125000000000000000e+01 -2.850000000000000000e+01 4.110000000000000320e+00
3.914999999999999858e+01 -2.925000000000000000e+01 4.110000000000000320e+00
3.960000000000000142e+01 -1.440000000000000036e+01 1.694000000000000128e+01
3.975000000000000000e+01 -1.710000000000000142e+01 4.839999999999999858e+01
3.570000000000000284e+01 -2.025000000000000000e+01 5.710999999999999943e+01
3.345000000000000284e+01 -5.714999999999999858e+01 5.977000000000000313e+01
3.254999999999999716e+01 -7.515000000000000568e+01 4.453000000000000114e+01
3.194999999999999929e+01 -7.754999999999999716e+01 4.599999999999999645e+00
3.285000000000000142e+01 -7.200000000000000000e+01 -3.870000000000000107e+00
3.135000000000000142e+01 -3.795000000000000284e+01 -1.113000000000000078e+01
2.910000000000000142e+01 -1.034999999999999964e+01 3.149999999999999911e+00
2.760000000000000142e+01 -7.650000000000000355e+00 2.251000000000000156e+01
2.939999999999999858e+01 -5.549999999999999822e+00 2.614000000000000057e+01
2.955000000000000071e+01 -2.039999999999999858e+01 5.517999999999999972e+01
2.880000000000000071e+01 -2.880000000000000071e+01 6.557999999999999829e+01
2.685000000000000142e+01 -4.425000000000000000e+01 6.557999999999999829e+01
2.610000000000000142e+01 -4.620000000000000284e+01 6.703000000000000114e+01
2.580000000000000071e+01 -4.950000000000000000e+01 6.509999999999999432e+01
2.535000000000000142e+01 -8.475000000000000000e+01 2.662000000000000099e+01
2.760000000000000142e+01 -7.859999999999999432e+01 -4.110000000000000320e+00
2.925000000000000000e+01 -6.840000000000000568e+01 -3.629999999999999893e+00
3.270000000000000284e+01 -5.970000000000000284e+01 -3.149999999999999911e+00
3.839999999999999858e+01 -5.489999999999999858e+01 1.209999999999999964e+00
4.289999999999999858e+01 -4.200000000000000000e+01 4.110000000000000320e+00
4.470000000000000284e+01 -2.955000000000000071e+01 1.427999999999999936e+01
4.410000000000000142e+01 -2.130000000000000071e+01 2.807000000000000028e+01
4.425000000000000000e+01 -3.030000000000000071e+01 4.597999999999999687e+01
4.320000000000000284e+01 -4.860000000000000142e+01 4.815999999999999659e+01
4.454999999999999716e+01 -6.014999999999999858e+01 4.017000000000000171e+01
4.439999999999999858e+01 -6.360000000000000142e+01 2.275000000000000000e+01
4.604999999999999716e+01 -5.504999999999999716e+01 1.185999999999999943e+01
4.620000000000000284e+01 -4.110000000000000142e+01 9.679999999999999716e+00
4.650000000000000000e+01 -3.239999999999999858e+01 1.573000000000000043e+01
4.739999999999999858e+01 -2.789999999999999858e+01 2.782999999999999829e+01
4.754999999999999716e+01 -3.044999999999999929e+01 3.824000000000000199e+01
4.679999999999999716e+01 -3.554999999999999716e+01 4.500999999999999801e+01
4.560000000000000142e+01 -4.589999999999999858e+01 4.815999999999999659e+01
4.379999999999999716e+01 -5.760000000000000142e+01 4.525000000000000000e+01
4.214999999999999858e+01 -6.659999999999999432e+01 3.750999999999999801e+01
3.960000000000000142e+01 -7.154999999999999716e+01 3.242999999999999972e+01
3.989999999999999858e+01 -6.975000000000000000e+01 1.283000000000000007e+01
3.945000000000000284e+01 -6.270000000000000284e+01 1.689999999999999947e+00
3.929999999999999716e+01 -4.335000000000000142e+01 -1.689999999999999947e+00
4.260000000000000142e+01 -2.939999999999999858e+01 7.500000000000000000e+00
4.350000000000000000e+01 -2.039999999999999858e+01 3.001000000000000156e+01
4.514999999999999858e+01 -3.329999999999999716e+01 4.356000000000000227e+01
4.650000000000000000e+01 -5.339999999999999858e+01 3.606000000000000227e+01
4.920000000000000284e+01 -5.235000000000000142e+01 2.178000000000000114e+01
4.845000000000000284e+01 -4.079999999999999716e+01 1.597000000000000064e+01
4.754999999999999716e+01 -2.744999999999999929e+01 2.614000000000000057e+01
4.710000000000000142e+01 -2.685000000000000142e+01 3.775000000000000000e+01
4.470000000000000284e+01 -3.464999999999999858e+01 4.815999999999999659e+01
4.335000000000000142e+01 -4.395000000000000284e+01 5.082000000000000028e+01
4.260000000000000142e+01 -5.429999999999999716e+01 4.913000000000000256e+01
4.245000000000000284e+01 -6.104999999999999716e+01 4.428999999999999915e+01
4.214999999999999858e+01 -6.720000000000000284e+01 3.290999999999999659e+01
4.364999999999999858e+01 -6.345000000000000284e+01 1.694000000000000128e+01
4.470000000000000284e+01 -4.800000000000000000e+01 7.500000000000000000e+00
4.545000000000000284e+01 -2.639999999999999858e+01 1.573000000000000043e+01
4.470000000000000284e+01 -2.055000000000000071e+01 3.121999999999999886e+01
4.245000000000000284e+01 -3.225000000000000000e+01 4.621999999999999886e+01
4.425000000000000000e+01 -4.995000000000000284e+01 4.379999999999999716e+01
4.364999999999999858e+01 -6.570000000000000284e+01 2.710000000000000142e+01
4.335000000000000142e+01 -5.835000000000000142e+01 7.019999999999999574e+00
4.454999999999999716e+01 -3.495000000000000284e+01 9.439999999999999503e+00
4.410000000000000142e+01 -1.980000000000000071e+01 2.637999999999999901e+01
4.589999999999999858e+01 -2.819999999999999929e+01 3.920000000000000284e+01
4.814999999999999858e+01 -4.664999999999999858e+01 3.920000000000000284e+01
4.800000000000000000e+01 -5.879999999999999716e+01 1.814999999999999858e+01
4.679999999999999716e+01 -5.145000000000000284e+01 9.919999999999999929e+00
4.545000000000000284e+01 -3.360000000000000142e+01 9.199999999999999289e+00
4.604999999999999716e+01 -2.280000000000000071e+01 2.710000000000000142e+01
4.545000000000000284e+01 -3.105000000000000071e+01 4.403999999999999915e+01
4.379999999999999716e+01 -4.814999999999999858e+01 4.379999999999999716e+01
4.425000000000000000e+01 -6.314999999999999858e+01 2.782999999999999829e+01
4.500000000000000000e+01 -5.039999999999999858e+01 1.041000000000000014e+01
4.560000000000000142e+01 -3.000000000000000000e+01 1.791000000000000014e+01
4.470000000000000284e+01 -2.535000000000000142e+01 4.017000000000000171e+01
4.454999999999999716e+01 -2.880000000000000071e+01 4.718999999999999773e+01
4.260000000000000142e+01 -4.139999999999999858e+01 5.106000000000000227e+01
4.470000000000000284e+01 -6.014999999999999858e+01 3.290999999999999659e+01
4.545000000000000284e+01 -6.254999999999999716e+01 1.041000000000000014e+01
4.395000000000000284e+01 -5.654999999999999716e+01 2.180000000000000160e+00
3.404999999999999716e+01 -6.195000000000000284e+01 -9.199999999999999289e+00
9.750000000000000000e+00 -7.095000000000000284e+01 -1.041000000000000014e+01
-1.140000000000000036e+01 -6.809999999999999432e+01 -7.500000000000000000e+00
-2.039999999999999858e+01 -6.659999999999999432e+01 -5.080000000000000071e+00
-2.385000000000000142e+01 -4.304999999999999716e+01 -4.360000000000000320e+00
-2.969999999999999929e+01 -3.000000000000000000e+01 -7.299999999999999822e-01
-2.730000000000000071e+01 -2.039999999999999858e+01 3.149999999999999911e+00
-2.460000000000000142e+01 -1.184999999999999964e+01 3.824000000000000199e+01
-2.505000000000000071e+01 -1.544999999999999929e+01 4.307999999999999829e+01
-2.414999999999999858e+01 -1.575000000000000000e+01 4.550000000000000000e+01
-2.669999999999999929e+01 -2.325000000000000000e+01 5.832000000000000028e+01
-2.339999999999999858e+01 -7.154999999999999716e+01 4.888000000000000256e+01
-2.205000000000000071e+01 -8.070000000000000284e+01 1.814999999999999858e+01
-2.444999999999999929e+01 -7.859999999999999432e+01 1.233999999999999986e+01
-2.355000000000000071e+01 -5.564999999999999858e+01 -9.919999999999999929e+00
-2.250000000000000000e+01 -1.950000000000000000e+01 4.799999999999999822e-01
-2.189999999999999858e+01 -9.750000000000000000e+00 2.564999999999999858e+01
-2.444999999999999929e+01 -1.034999999999999964e+01 3.775000000000000000e+01
-2.385000000000000142e+01 -3.075000000000000000e+01 5.735000000000000142e+01
-2.369999999999999929e+01 -6.389999999999999858e+01 5.396999999999999886e+01
-2.475000000000000000e+01 -7.920000000000000284e+01 1.646000000000000085e+01
-2.280000000000000071e+01 -7.695000000000000284e+01 -4.599999999999999645e+00
-1.919999999999999929e+01 -6.554999999999999716e+01 -1.209999999999999964e+01
-1.710000000000000142e+01 -1.334999999999999964e+01 9.699999999999999734e-01
-1.844999999999999929e+01 -8.250000000000000000e+00 4.161999999999999744e+01
-1.935000000000000142e+01 -1.155000000000000071e+01 4.792000000000000171e+01
-1.950000000000000000e+01 -4.875000000000000000e+01 6.389000000000000057e+01
-1.860000000000000142e+01 -4.995000000000000284e+01 6.412999999999999545e+01
-1.680000000000000071e+01 -4.829999999999999716e+01 6.631000000000000227e+01
-1.080000000000000071e+01 -4.979999999999999716e+01 6.896999999999999886e+01
-3.299999999999999822e+00 -5.010000000000000142e+01 7.065999999999999659e+01
5.700000000000000178e+00 -5.535000000000000142e+01 6.848999999999999488e+01
1.094999999999999929e+01 -6.285000000000000142e+01 6.581999999999999318e+01
1.769999999999999929e+01 -6.765000000000000568e+01 6.195000000000000284e+01
1.635000000000000142e+01 -7.050000000000000000e+01 6.364999999999999858e+01
1.649999999999999911e+00 -7.679999999999999716e+01 5.421000000000000085e+01
-1.380000000000000071e+01 -7.529999999999999716e+01 5.106000000000000227e+01
-1.905000000000000071e+01 -7.829999999999999716e+01 1.912000000000000099e+01
-2.085000000000000142e+01 -7.140000000000000568e+01 -4.799999999999999822e-01
-2.144999999999999929e+01 -3.600000000000000000e+01 -1.185999999999999943e+01
-2.280000000000000071e+01 -3.000000000000000000e+01 8.230000000000000426e+00
-2.114999999999999858e+01 -8.400000000000000355e+00 3.048999999999999844e+01
-2.175000000000000000e+01 -3.510000000000000142e+01 6.050000000000000000e+01
-2.219999999999999929e+01 -7.800000000000000000e+01 3.920000000000000284e+01
-2.535000000000000142e+01 -7.409999999999999432e+01 2.180000000000000160e+00
-2.639999999999999858e+01 -6.135000000000000142e+01 -7.990000000000000213e+00
-2.610000000000000142e+01 -3.150000000000000000e+01 -1.689999999999999947e+00
-2.669999999999999929e+01 -1.334999999999999964e+01 1.839000000000000057e+01
-2.730000000000000071e+01 -2.369999999999999929e+01 4.985000000000000142e+01
-2.789999999999999858e+01 -4.739999999999999858e+01 5.784000000000000341e+01
-2.669999999999999929e+01 -6.900000000000000000e+01 4.235000000000000142e+01
-2.369999999999999929e+01 -7.950000000000000000e+01 1.233999999999999986e+01
-2.085000000000000142e+01 -7.184999999999999432e+01 -5.080000000000000071e+00
-2.010000000000000142e+01 -4.770000000000000284e+01 -1.113000000000000078e+01
-2.219999999999999929e+01 -2.025000000000000000e+01 -7.299999999999999822e-01
-2.055000000000000071e+01 -7.650000000000000355e+00 3.460999999999999943e+01
-1.935000000000000142e+01 -2.700000000000000000e+01 6.050000000000000000e+01
-1.860000000000000142e+01 -3.270000000000000284e+01 6.437000000000000455e+01
-1.169999999999999929e+01 -7.500000000000000000e+01 5.250999999999999801e+01
-8.099999999999999645e+00 -8.625000000000000000e+01 1.233999999999999986e+01
-5.250000000000000000e+00 -6.554999999999999716e+01 -1.378999999999999915e+01
-4.650000000000000355e+00 -5.700000000000000000e+01 -1.767000000000000171e+01
-3.299999999999999822e+00 -3.060000000000000142e+01 -1.621000000000000085e+01
0.000000000000000000e+00 -1.050000000000000044e+00 1.331000000000000050e+01
1.050000000000000044e+00 -4.500000000000000000e+00 4.500999999999999801e+01
5.999999999999999778e-01 -2.055000000000000071e+01 6.945000000000000284e+01
5.250000000000000000e+00 -3.764999999999999858e+01 6.970000000000000284e+01
4.799999999999999822e+00 -6.150000000000000000e+01 6.460999999999999943e+01
8.250000000000000000e+00 -8.729999999999999716e+01 3.557000000000000028e+01
1.065000000000000036e+01 -6.929999999999999716e+01 -9.439999999999999503e+00
1.005000000000000071e+01 -2.955000000000000071e+01 -1.767000000000000171e+01
9.000000000000000000e+00 -1.725000000000000000e+01 -1.209999999999999964e+00
7.049999999999999822e+00 -7.500000000000000000e+00 9.679999999999999716e+00
7.950000000000000178e+00 4.500000000000000111e-01 3.653999999999999915e+01
9.449999999999999289e+00 -3.689999999999999858e+01 6.993999999999999773e+01
8.250000000000000000e+00 -7.604999999999999716e+01 6.171000000000000085e+01
7.200000000000000178e+00 -8.715000000000000568e+01 1.500000000000000000e+01
8.400000000000000355e+00 -8.234999999999999432e+01 -1.403999999999999915e+01
1.034999999999999964e+01 -4.379999999999999716e+01 -1.983999999999999986e+01
6.450000000000000178e+00 -2.175000000000000000e+01 -1.525000000000000000e+01
4.049999999999999822e+00 1.649999999999999911e+00 2.057000000000000028e+01
-5.999999999999999778e-01 -7.500000000000000000e-01 3.653999999999999915e+01
-3.899999999999999911e+00 2.999999999999999889e-01 2.662000000000000099e+01
-2.250000000000000000e+00 -1.964999999999999858e+01 6.460999999999999943e+01
-6.150000000000000355e+00 -7.200000000000000000e+01 6.074000000000000199e+01
-7.950000000000000178e+00 -8.654999999999999716e+01 6.780000000000000249e+00
-5.099999999999999645e+00 -7.365000000000000568e+01 -1.378999999999999915e+01
-6.299999999999999822e+00 -9.300000000000000711e+00 5.809999999999999609e+00
-1.244999999999999929e+01 -4.200000000000000178e+00 2.758999999999999986e+01
-1.980000000000000071e+01 -2.655000000000000071e+01 6.218999999999999773e+01
-2.219999999999999929e+01 -7.004999999999999716e+01 5.106000000000000227e+01
-2.369999999999999929e+01 -7.695000000000000284e+01 3.390000000000000124e+00
-2.775000000000000000e+01 -4.620000000000000284e+01 -3.390000000000000124e+00
-3.105000000000000071e+01 -2.039999999999999858e+01 2.057000000000000028e+01
-3.404999999999999716e+01 -2.894999999999999929e+01 4.718999999999999773e+01
-3.314999999999999858e+01 -5.714999999999999858e+01 4.017000000000000171e+01
-3.435000000000000142e+01 -7.020000000000000284e+01 1.525000000000000000e+01
-3.314999999999999858e+01 -5.279999999999999716e+01 -9.699999999999999734e-01
-3.510000000000000142e+01 -2.639999999999999858e+01 1.136999999999999922e+01
-3.329999999999999716e+01 -2.025000000000000000e+01 3.678000000000000114e+01
-3.314999999999999858e+01 -4.050000000000000000e+01 5.324000000000000199e+01
-3.000000000000000000e+01 -6.285000000000000142e+01 4.888000000000000256e+01
-2.730000000000000071e+01 -7.529999999999999716e+01 2.323000000000000043e+01
-2.744999999999999929e+01 -5.925000000000000000e+01 -2.399999999999999911e-01
-2.444999999999999929e+01 -3.285000000000000142e+01 -1.016000000000000014e+01
-2.280000000000000071e+01 -1.319999999999999929e+01 9.439999999999999503e+00
-2.355000000000000071e+01 -1.050000000000000000e+01 2.880000000000000071e+01
-2.085000000000000142e+01 -2.789999999999999858e+01 5.542000000000000171e+01
-1.889999999999999858e+01 -6.029999999999999716e+01 5.807999999999999829e+01
-1.680000000000000071e+01 -8.220000000000000284e+01 3.364000000000000057e+01
-1.334999999999999964e+01 -7.529999999999999716e+01 9.699999999999999734e-01
-8.400000000000000355e+00 -4.275000000000000000e+01 -1.597000000000000064e+01
-8.400000000000000355e+00 -1.469999999999999929e+01 0.000000000000000000e+00
-6.150000000000000355e+00 -4.500000000000000111e-01 4.332000000000000028e+01
-6.450000000000000178e+00 -1.215000000000000036e+01 5.614000000000000057e+01
-4.950000000000000178e+00 -1.515000000000000036e+01 5.807999999999999829e+01
-1.199999999999999956e+00 -7.965000000000000568e+01 5.057999999999999829e+01
1.499999999999999944e-01 -7.575000000000000000e+01 -1.041000000000000014e+01
2.700000000000000178e+00 -3.975000000000000000e+01 -1.935999999999999943e+01
-6.750000000000000000e+00 -1.949999999999999956e+00 2.685999999999999943e+01
-9.300000000000000711e+00 -9.449999999999999289e+00 5.760000000000000142e+01
-9.300000000000000711e+00 -2.085000000000000142e+01 6.800000000000000000e+01
-1.319999999999999929e+01 -4.650000000000000000e+01 5.807999999999999829e+01
-1.169999999999999929e+01 -8.445000000000000284e+01 1.960000000000000142e+01
-1.425000000000000000e+01 -7.320000000000000284e+01 -6.530000000000000249e+00
-1.380000000000000071e+01 -3.254999999999999716e+01 -1.378999999999999915e+01
-1.500000000000000000e+01 -3.899999999999999911e+00 3.194000000000000128e+01
-1.575000000000000000e+01 -2.460000000000000142e+01 5.881000000000000227e+01
-1.860000000000000142e+01 -5.939999999999999858e+01 5.856000000000000227e+01
-1.994999999999999929e+01 -7.604999999999999716e+01 2.467999999999999972e+01
-1.814999999999999858e+01 -8.250000000000000000e+01 -1.689999999999999947e+00
-1.980000000000000071e+01 -6.525000000000000000e+01 -1.233999999999999986e+01
-2.189999999999999858e+01 -3.900000000000000000e+01 -8.230000000000000426e+00
-2.625000000000000000e+01 -2.025000000000000000e+01 7.019999999999999574e+00
-2.864999999999999858e+01 -2.235000000000000142e+01 4.259000000000000341e+01
-2.985000000000000142e+01 -3.435000000000000142e+01 5.034000000000000341e+01
-3.060000000000000142e+01 -6.389999999999999858e+01 4.403999999999999915e+01
-2.955000000000000071e+01 -7.409999999999999432e+01 1.573000000000000043e+01
-3.150000000000000000e+01 -4.979999999999999716e+01 -4.599999999999999645e+00
-3.119999999999999929e+01 -2.055000000000000071e+01 1.403999999999999915e+01
-3.360000000000000142e+01 -1.980000000000000071e+01 4.332000000000000028e+01
-3.239999999999999858e+01 -2.775000000000000000e+01 5.250999999999999801e+01
-3.044999999999999929e+01 -4.575000000000000000e+01 4.864000000000000057e+01
-3.270000000000000284e+01 -6.600000000000000000e+01 2.758999999999999986e+01
-2.939999999999999858e+01 -7.320000000000000284e+01 1.283000000000000007e+01
-2.685000000000000142e+01 -5.264999999999999858e+01 -3.870000000000000107e+00
-2.714999999999999858e+01 -3.854999999999999716e+01 -6.780000000000000249e+00
-2.535000000000000142e+01 -1.769999999999999929e+01 5.320000000000000284e+00
-2.564999999999999858e+01 -1.530000000000000071e+01 6.530000000000000249e+00
-2.475000000000000000e+01 -1.500000000000000000e+01 7.740000000000000213e+00
-2.580000000000000071e+01 -1.515000000000000036e+01 7.500000000000000000e+00
-2.910000000000000142e+01 -1.950000000000000000e+01 7.990000000000000213e+00
-2.744999999999999929e+01 -1.769999999999999929e+01 5.570000000000000284e+00
-2.835000000000000142e+01 -2.280000000000000071e+01 2.399999999999999911e-01
-2.850000000000000000e+01 -3.044999999999999929e+01 -5.809999999999999609e+00
-2.594999999999999929e+01 -5.475000000000000000e+01 -4.110000000000000320e+00
-2.519999999999999929e+01 -7.575000000000000000e+01 1.573000000000000043e+01
-3.270000000000000284e+01 -6.915000000000000568e+01 2.880000000000000071e+01
-3.525000000000000000e+01 -5.700000000000000000e+01 4.815999999999999659e+01
-3.420000000000000284e+01 -3.900000000000000000e+01 4.114000000000000057e+01
-3.720000000000000284e+01 -3.000000000000000000e+01 2.855999999999999872e+01
-3.720000000000000284e+01 -2.955000000000000071e+01 1.646000000000000085e+01
-3.764999999999999858e+01 -4.154999999999999716e+01 7.500000000000000000e+00
-3.645000000000000284e+01 -5.414999999999999858e+01 9.439999999999999503e+00
-3.825000000000000000e+01 -5.775000000000000000e+01 1.839000000000000057e+01
-3.870000000000000284e+01 -6.060000000000000142e+01 3.218999999999999773e+01
-3.795000000000000284e+01 -5.264999999999999858e+01 4.453000000000000114e+01
-3.600000000000000000e+01 -3.675000000000000000e+01 4.065999999999999659e+01
-3.750000000000000000e+01 -2.864999999999999858e+01 2.371999999999999886e+01
-3.704999999999999716e+01 -2.864999999999999858e+01 1.355000000000000071e+01
-3.510000000000000142e+01 -2.789999999999999858e+01 8.710000000000000853e+00
-3.600000000000000000e+01 -4.154999999999999716e+01 3.629999999999999893e+00
-3.510000000000000142e+01 -5.595000000000000284e+01 8.470000000000000639e+00
-3.764999999999999858e+01 -6.314999999999999858e+01 1.427999999999999936e+01
-3.300000000000000000e+01 -7.320000000000000284e+01 2.467999999999999972e+01
-3.060000000000000142e+01 -6.959999999999999432e+01 4.332000000000000028e+01
-3.119999999999999929e+01 -5.414999999999999858e+01 5.492999999999999972e+01
-2.850000000000000000e+01 -3.479999999999999716e+01 5.347999999999999687e+01
-2.819999999999999929e+01 -2.144999999999999929e+01 4.259000000000000341e+01
-2.639999999999999858e+01 -1.200000000000000000e+01 2.807000000000000028e+01
-2.985000000000000142e+01 -1.725000000000000000e+01 1.427999999999999936e+01
-2.819999999999999929e+01 -2.114999999999999858e+01 -4.799999999999999822e-01
-2.325000000000000000e+01 -2.880000000000000071e+01 -1.113000000000000078e+01
-2.100000000000000000e+01 -4.814999999999999858e+01 -1.355000000000000071e+01
-1.844999999999999929e+01 -6.870000000000000284e+01 -3.390000000000000124e+00
-1.800000000000000000e+01 -8.100000000000000000e+01 1.597000000000000064e+01
-1.769999999999999929e+01 -8.265000000000000568e+01 3.435999999999999943e+01
-2.235000000000000142e+01 -7.440000000000000568e+01 5.178999999999999915e+01
-2.655000000000000071e+01 -5.954999999999999716e+01 5.784000000000000341e+01
-2.775000000000000000e+01 -3.585000000000000142e+01 5.639000000000000057e+01
-2.789999999999999858e+01 -1.769999999999999929e+01 3.871999999999999886e+01
-2.369999999999999929e+01 -1.050000000000000000e+01 2.903999999999999915e+01
-2.475000000000000000e+01 -1.244999999999999929e+01 3.390000000000000124e+00
-2.369999999999999929e+01 -2.969999999999999929e+01 -8.710000000000000853e+00
-2.160000000000000142e+01 -5.010000000000000142e+01 -9.199999999999999289e+00
-2.280000000000000071e+01 -6.809999999999999432e+01 6.049999999999999822e+00
-2.519999999999999929e+01 -7.665000000000000568e+01 1.862999999999999901e+01
-2.505000000000000071e+01 -7.725000000000000000e+01 4.500999999999999801e+01
-2.894999999999999929e+01 -6.254999999999999716e+01 4.960999999999999943e+01
-3.300000000000000000e+01 -4.845000000000000284e+01 4.864000000000000057e+01
-3.404999999999999716e+01 -2.294999999999999929e+01 3.557000000000000028e+01
-3.210000000000000142e+01 -1.785000000000000142e+01 1.983999999999999986e+01
-3.300000000000000000e+01 -2.700000000000000000e+01 2.419999999999999929e+00
-3.404999999999999716e+01 -4.754999999999999716e+01 3.149999999999999911e+00
-3.629999999999999716e+01 -5.264999999999999858e+01 1.331000000000000050e+01
-3.870000000000000284e+01 -5.729999999999999716e+01 2.589000000000000057e+01
-3.795000000000000284e+01 -5.220000000000000284e+01 3.824000000000000199e+01
-3.960000000000000142e+01 -4.335000000000000142e+01 2.976999999999999957e+01
-4.064999999999999858e+01 -4.410000000000000142e+01 2.782999999999999829e+01
-4.064999999999999858e+01 -4.425000000000000000e+01 1.862999999999999901e+01
-3.929999999999999716e+01 -5.460000000000000142e+01 1.862999999999999901e+01
-3.929999999999999716e+01 -5.760000000000000142e+01 2.903999999999999915e+01
-3.870000000000000284e+01 -5.595000000000000284e+01 4.379999999999999716e+01
-3.585000000000000142e+01 -4.635000000000000142e+01 4.550000000000000000e+01
-3.525000000000000000e+01 -3.119999999999999929e+01 4.065999999999999659e+01
-3.389999999999999858e+01 -2.130000000000000071e+01 1.646000000000000085e+01
-3.105000000000000071e+01 -1.905000000000000071e+01 3.870000000000000107e+00
-3.270000000000000284e+01 -3.420000000000000284e+01 -1.209999999999999964e+00
-3.225000000000000000e+01 -5.685000000000000142e+01 2.399999999999999911e-01
-2.955000000000000071e+01 -6.779999999999999716e+01 1.185999999999999943e+01
-2.864999999999999858e+01 -7.409999999999999432e+01 1.597000000000000064e+01
-2.880000000000000071e+01 -6.809999999999999432e+01 4.356000000000000227e+01
-2.775000000000000000e+01 -6.045000000000000284e+01 5.517999999999999972e+01
-3.135000000000000142e+01 -4.635000000000000142e+01 5.565999999999999659e+01
-2.969999999999999929e+01 -2.055000000000000071e+01 3.871999999999999886e+01
-3.030000000000000071e+01 -1.710000000000000142e+01 2.541000000000000014e+01
-3.030000000000000071e+01 -1.980000000000000071e+01 9.439999999999999503e+00
-3.030000000000000071e+01 -3.270000000000000284e+01 -3.390000000000000124e+00
-2.925000000000000000e+01 -3.975000000000000000e+01 -7.500000000000000000e+00
-2.775000000000000000e+01 -3.839999999999999858e+01 -4.360000000000000320e+00
-3.210000000000000142e+01 -3.779999999999999716e+01 9.699999999999999734e-01
-3.150000000000000000e+01 -2.085000000000000142e+01 1.089000000000000057e+01
-2.864999999999999858e+01 -1.334999999999999964e+01 2.130000000000000071e+01
-2.835000000000000142e+01 -1.334999999999999964e+01 2.589000000000000057e+01
-2.969999999999999929e+01 -1.590000000000000036e+01 2.541000000000000014e+01
-3.600000000000000000e+01 -2.880000000000000071e+01 2.201999999999999957e+01
-4.050000000000000000e+01 -4.500000000000000000e+01 1.475999999999999979e+01
-3.839999999999999858e+01 -4.875000000000000000e+01 1.355000000000000071e+01
-3.989999999999999858e+01 -4.635000000000000142e+01 1.767000000000000171e+01
-4.079999999999999716e+01 -4.964999999999999858e+01 2.396000000000000085e+01
-4.079999999999999716e+01 -4.904999999999999716e+01 3.048999999999999844e+01
-3.945000000000000284e+01 -5.475000000000000000e+01 3.847999999999999687e+01
-3.795000000000000284e+01 -4.454999999999999716e+01 3.945000000000000284e+01
-4.004999999999999716e+01 -3.900000000000000000e+01 2.541000000000000014e+01
-4.110000000000000142e+01 -4.170000000000000284e+01 2.807000000000000028e+01
-4.110000000000000142e+01 -3.885000000000000142e+01 1.960000000000000142e+01
-3.885000000000000142e+01 -4.260000000000000142e+01 1.113000000000000078e+01
-3.870000000000000284e+01 -4.725000000000000000e+01 1.355000000000000071e+01
-3.945000000000000284e+01 -5.145000000000000284e+01 1.862999999999999901e+01
-3.960000000000000142e+01 -5.475000000000000000e+01 2.855999999999999872e+01
-3.975000000000000000e+01 -5.145000000000000284e+01 3.048999999999999844e+01
-4.004999999999999716e+01 -5.145000000000000284e+01 3.509000000000000341e+01
-4.050000000000000000e+01 -3.975000000000000000e+01 3.001000000000000156e+01
-3.960000000000000142e+01 -3.570000000000000284e+01 1.451999999999999957e+01
-3.929999999999999716e+01 -3.660000000000000142e+01 1.767000000000000171e+01
-3.885000000000000142e+01 -3.720000000000000284e+01 1.258000000000000007e+01
-4.050000000000000000e+01 -4.214999999999999858e+01 1.935999999999999943e+01
-3.989999999999999858e+01 -3.989999999999999858e+01 1.427999999999999936e+01
-4.004999999999999716e+01 -4.979999999999999716e+01 1.694000000000000128e+01
-3.960000000000000142e+01 -5.310000000000000142e+01 1.549000000000000021e+01
-3.900000000000000000e+01 -5.670000000000000284e+01 2.855999999999999872e+01
-3.929999999999999716e+01 -5.354999999999999716e+01 3.606000000000000227e+01
-3.795000000000000284e+01 -5.204999999999999716e+01 4.767000000000000171e+01
-2.789999999999999858e+01 -5.025000000000000000e+01 5.832000000000000028e+01
-1.725000000000000000e+01 -4.964999999999999858e+01 6.703000000000000114e+01
-1.350000000000000000e+01 -4.635000000000000142e+01 6.873000000000000398e+01
-4.200000000000000178e+00 -4.245000000000000284e+01 6.993999999999999773e+01
9.000000000000000222e-01 -3.675000000000000000e+01 6.970000000000000284e+01
5.700000000000000178e+00 -3.105000000000000071e+01 6.848999999999999488e+01
1.500000000000000000e+00 -2.880000000000000071e+01 6.800000000000000000e+01
1.500000000000000000e+00 -2.744999999999999929e+01 6.703000000000000114e+01
3.299999999999999822e+00 -2.805000000000000071e+01 6.751999999999999602e+01
6.299999999999999822e+00 -2.955000000000000071e+01 6.945000000000000284e+01
1.350000000000000000e+01 -3.929999999999999716e+01 6.970000000000000284e+01
1.484999999999999964e+01 -4.379999999999999716e+01 6.993999999999999773e+01
1.380000000000000071e+01 -5.010000000000000142e+01 7.018000000000000682e+01
1.365000000000000036e+01 -5.325000000000000000e+01 6.920999999999999375e+01
1.200000000000000000e+01 -5.489999999999999858e+01 6.920999999999999375e+01
1.365000000000000036e+01 -5.504999999999999716e+01 6.920999999999999375e+01
1.544999999999999929e+01 -5.475000000000000000e+01 6.873000000000000398e+01
1.515000000000000036e+01 -5.535000000000000142e+01 6.873000000000000398e+01
1.635000000000000142e+01 -5.535000000000000142e+01 6.823999999999999488e+01
1.739999999999999858e+01 -5.550000000000000000e+01 6.848999999999999488e+01
1.739999999999999858e+01 -5.564999999999999858e+01 6.800000000000000000e+01
1.844999999999999929e+01 -5.550000000000000000e+01 6.751999999999999602e+01
1.830000000000000071e+01 -5.610000000000000142e+01 6.776000000000000512e+01
1.800000000000000000e+01 -5.610000000000000142e+01 6.776000000000000512e+01
1.800000000000000000e+01 -5.625000000000000000e+01 6.751999999999999602e+01
1.814999999999999858e+01 -5.579999999999999716e+01 6.751999999999999602e+01
