11:53:55 20.99 -2.85 -45.75 15.75
11:53:55 20.99 -2.85 -45.75 15.93
11:53:55 20.98 -2.52 -46.50 16.02
11:53:55 20.52 -2.69 -46.00 15.77
11:53:56 20.52 -2.55 -45.51 15.82
11:53:56 20.98 -2.53 -46.25 15.93
11:53:56 20.83 -2.23 -46.02 16.06
11:53:57 20.67 -2.70 -45.75 15.93
11:53:57 20.36 -2.68 -46.25 15.91
11:53:57 20.52 -2.55 -45.76 15.97
11:53:57 20.67 -2.70 -45.75 15.75
11:53:58 20.52 -2.69 -46.00 15.97
11:53:58 20.68 -2.85 -45.75 16.00
11:53:58 20.99 -3.01 -45.74 15.88
11:53:58 20.67 -2.26 -45.27 15.93
11:53:59 20.83 -2.39 -45.76 15.84
11:53:59 20.83 -2.54 -46.01 15.97
11:53:59 20.52 -2.40 -45.52 16.02
11:53:59 20.83 -2.72 -45.25 16.00
11:54:00 20.99 -2.56 -45.51 16.24
11:54:00 20.67 -2.68 -46.25 15.91
11:54:00 21.14 -2.39 -45.76 16.02
11:54:01 20.83 -2.53 -46.26 15.97
11:54:01 20.83 -2.56 -45.51 15.93
11:54:01 20.83 -2.69 -46.00 15.97
11:54:01 20.68 -2.55 -45.51 16.15
11:54:02 20.67 -2.54 -46.01 16.02
11:54:02 20.98 -2.22 -46.27 16.19
11:54:02 20.83 -2.09 -45.77 16.08
11:54:02 20.36 -2.68 -46.25 16.06
11:54:03 20.83 -2.68 -46.50 16.13
11:54:03 20.83 -2.70 -45.75 16.08
11:54:03 20.83 -2.85 -45.75 16.17
11:54:04 20.52 -2.54 -46.01 16.26
11:54:04 20.83 -2.56 -45.26 16.33
11:54:04 20.83 -2.55 -45.76 16.31
11:54:04 20.67 -2.39 -45.76 16.28
11:54:05 20.37 -2.71 -45.51 16.24
11:54:05 20.36 -2.39 -45.76 16.28
11:54:05 20.67 -2.24 -45.77 16.62
11:54:05 20.51 -1.92 -46.03 16.70
11:54:06 20.83 -2.24 -45.77 16.79
11:54:06 20.67 -2.22 -46.27 17.08
11:54:06 20.21 -2.24 -45.77 17.12
11:54:07 20.83 -2.39 -45.76 17.23
11:54:07 20.52 -2.10 -45.28 17.06
11:54:07 20.51 -2.07 -46.27 17.28
11:54:07 20.82 -1.77 -46.03 17.26
11:54:08 20.52 -2.38 -46.01 17.21
11:54:08 20.51 -2.21 -46.52 17.28
11:54:08 20.36 -2.09 -45.53 17.23
11:54:08 20.21 -2.09 -45.53 17.48
11:54:09 20.67 -2.07 -46.27 17.81
11:54:09 20.67 -1.79 -45.29 17.72
11:54:09 20.67 -1.92 -46.03 17.70
11:54:10 20.52 -2.10 -45.28 17.90
11:54:10 20.36 -2.08 -45.78 17.92
11:54:10 20.83 -1.95 -45.28 17.72
11:54:10 20.36 -1.80 -45.04 17.83
11:54:11 20.21 -1.64 -45.29 18.12
11:54:11 20.36 -1.78 -45.79 18.14
11:54:11 20.52 -1.79 -45.54 18.16
11:54:11 20.52 -2.11 -45.03 18.19
11:54:12 20.36 -1.79 -45.29 18.05
11:54:12 20.36 -1.33 -45.30 18.27
11:54:12 20.36 -1.80 -45.04 18.12
11:54:12 20.21 -1.78 -45.79 18.27
11:54:13 19.90 -1.64 -45.30 18.08
11:54:13 20.83 -1.50 -44.80 18.14
11:54:13 20.21 -1.66 -44.80 18.32
11:54:14 20.98 -1.64 -45.29 18.65
11:54:14 20.98 -1.33 -45.30 18.74
11:54:14 20.36 -1.48 -45.55 18.94
11:54:14 20.67 -1.35 -44.80 19.09
11:54:15 20.83 -1.52 -44.30 19.25
11:54:15 20.36 -1.50 -44.80 19.18
11:54:15 20.52 -1.20 -44.81 19.20
11:54:15 20.36 -1.35 -44.81 19.20
11:54:16 20.05 -1.17 -45.56 19.12
11:54:16 20.52 -1.66 -44.79 19.16
11:54:16 20.05 -1.19 -45.06 19.12
11:54:17 20.67 -1.04 -44.81 18.87
11:54:17 20.20 -1.18 -45.31 19.05
11:54:17 20.52 -1.35 -44.80 19.03
11:54:17 20.20 -1.02 -45.31 18.98
11:54:18 20.05 -1.36 -44.31 19.07
11:54:18 20.51 -0.88 -45.07 19.09
11:54:18 20.51 -1.47 -45.80 19.16
11:54:18 20.82 -1.01 -45.81 19.05
11:54:19 20.67 -1.19 -45.06 19.05
11:54:19 20.52 -1.19 -45.06 19.34
11:54:19 20.05 -0.89 -44.82 19.34
11:54:20 20.21 -1.19 -44.81 19.78
11:54:20 20.05 -0.88 -45.07 19.78
11:54:20 20.51 -1.18 -45.31 19.85
11:54:20 19.89 -0.56 -45.33 20.07
11:54:21 19.89 -0.87 -45.32 20.13
11:54:21 20.20 -0.87 -45.32 20.00
11:54:21 20.05 -0.58 -44.83 20.24
11:54:21 20.36 -0.58 -44.83 20.29
11:54:22 20.36 -0.90 -44.57 20.11
11:54:22 20.36 -0.89 -44.82 20.46
11:54:22 19.89 -0.42 -44.84 20.42
11:54:23 20.05 -0.76 -44.08 20.51
11:54:23 20.05 -0.88 -45.07 20.66
11:54:23 20.36 -0.89 -44.82 20.58
11:54:23 20.20 -0.42 -45.09 20.42
11:54:24 20.20 -0.57 -45.08 20.38
11:54:24 20.05 -0.74 -44.58 20.46
11:54:24 20.20 -0.27 -44.84 20.38
11:54:24 20.05 -0.60 -44.33 20.49
11:54:25 20.36 -0.59 -44.58 20.49
11:54:25 20.20 -0.43 -44.59 20.42
11:54:25 19.89 -0.57 -45.08 20.42
11:54:25 20.05 -0.27 -44.84 20.62
11:54:26 20.36 -0.11 -45.10 20.82
11:54:26 20.05 -0.28 -44.59 20.86
11:54:26 20.36 -0.60 -44.33 20.66
11:54:27 20.05 -0.43 -44.84 20.93
11:54:27 19.89 -0.13 -44.60 21.00
11:54:27 20.20 -0.43 -44.84 21.02
11:54:27 20.51 -0.27 -45.09 21.11
11:54:28 20.51 -0.27 -44.84 21.06
11:54:28 20.21 -0.14 -44.10 20.91
11:54:28 19.89 -0.72 -45.08 21.22
11:54:28 19.74 -0.74 -44.58 21.08
11:54:29 20.20 0.03 -44.60 21.11
11:54:29 20.36 -0.43 -44.84 21.02
11:54:29 20.05 -0.13 -44.35 21.02
11:54:30 19.74 -0.27 -44.84 21.19
11:54:30 20.20 -0.29 -44.34 21.13
11:54:30 19.74 -0.30 -44.10 21.08
11:54:30 20.21 -0.44 -44.34 21.13
11:54:31 20.05 -0.29 -44.35 21.22
11:54:31 19.90 -0.44 -44.34 21.17
11:54:31 20.51 -0.44 -44.59 21.17
11:54:31 19.89 -0.42 -44.84 21.31
11:54:32 20.20 -0.14 -44.35 21.26
11:54:32 20.51 -0.12 -44.85 21.31
11:54:32 20.05 -0.41 -45.34 21.33
11:54:33 20.05 -0.13 -44.60 21.42
11:54:33 19.89 0.04 -45.10 21.64
11:54:33 19.89 -0.13 -44.35 21.55
11:54:33 20.04 0.36 -45.36 21.31
11:54:34 20.05 -0.13 -44.60 21.22
11:54:34 20.05 -0.13 -44.60 21.44
11:54:34 20.05 -0.29 -44.35 21.66
11:54:34 19.73 0.05 -45.10 21.70
11:54:35 20.20 0.03 -44.85 21.64
11:54:35 20.05 -0.27 -44.84 21.55
11:54:35 20.05 0.01 -44.11 21.64
11:54:36 19.27 -0.43 -44.59 21.44
11:54:36 20.05 -0.29 -44.35 21.55
11:54:36 20.20 0.17 -44.36 21.77
11:54:36 19.89 -0.13 -44.35 21.70
11:54:37 20.05 0.03 -44.60 21.81
11:54:37 20.20 0.17 -44.36 21.59
11:54:37 20.20 -0.14 -44.35 21.95
11:54:37 19.89 0.33 -44.37 21.90
11:54:38 19.89 0.19 -44.86 21.95
11:54:38 19.89 0.02 -44.36 22.23
11:54:38 19.89 0.18 -44.61 22.39
11:54:39 20.20 0.33 -44.37 22.26
11:54:39 19.58 0.33 -44.37 22.48
11:54:39 19.89 0.49 -44.62 22.48
11:54:39 20.05 0.48 -44.37 22.61
11:54:40 19.89 0.63 -44.13 22.90
11:54:40 19.89 0.01 -44.11 23.05
11:54:40 20.05 0.63 -44.13 23.32
11:54:40 19.74 0.48 -44.37 23.54
11:54:41 19.73 0.79 -44.38 23.92
11:54:41 20.05 0.92 -43.89 24.23
11:54:41 19.89 0.94 -44.39 24.40
11:54:42 19.89 1.24 -44.15 24.40
11:54:42 19.58 0.92 -43.64 24.62
11:54:42 19.27 1.26 -44.65 24.98
11:54:42 20.20 1.71 -44.41 24.98
11:54:43 19.27 1.25 -44.40 24.93
11:54:43 19.58 1.38 -43.66 25.33
11:54:43 19.42 1.57 -44.66 25.40
11:54:43 19.27 1.54 -43.91 25.73
11:54:44 19.73 1.39 -44.15 25.91
11:54:44 20.19 1.86 -44.42 25.95
11:54:44 19.73 1.70 -44.17 26.04
11:54:44 19.74 1.38 -43.66 25.93
11:54:45 19.58 1.84 -43.67 26.31
11:54:45 19.42 2.00 -43.93 26.42
11:54:45 19.42 1.68 -43.42 26.44
11:54:46 19.58 1.84 -43.67 26.73
11:54:46 19.58 2.14 -43.43 26.92
11:54:46 19.58 2.45 -43.44 27.01
11:54:46 19.27 2.59 -43.20 26.97
11:54:47 19.42 2.44 -43.20 27.28
11:54:47 19.27 2.13 -43.19 27.50
11:54:47 19.58 3.04 -42.72 27.77
11:54:47 19.27 2.58 -42.95 27.79
11:54:48 19.42 2.60 -43.45 28.16
11:54:48 19.42 2.75 -43.46 28.23
11:54:48 19.26 3.21 -43.22 28.52
11:54:49 19.27 3.19 -42.73 28.72
11:54:49 18.96 3.03 -42.47 28.67
11:54:49 18.96 3.05 -42.97 28.92
11:54:49 19.11 3.35 -42.98 28.87
11:54:50 19.27 3.34 -42.48 29.14
11:54:50 19.11 3.49 -42.49 29.49
11:54:50 19.42 3.50 -42.74 29.54
11:54:50 19.26 3.51 -42.98 29.65
11:54:51 19.58 3.34 -42.73 29.69
11:54:51 19.27 3.34 -42.48 30.20
11:54:51 19.10 4.13 -43.26 30.04
11:54:52 19.26 4.12 -43.01 30.29
11:54:52 18.95 3.65 -42.74 30.38
11:54:52 19.11 4.11 -42.51 30.44
11:54:52 19.26 4.12 -43.01 30.64
11:54:53 18.64 4.28 -43.01 30.62
11:54:53 19.11 3.96 -42.75 30.80
11:54:53 19.26 4.26 -42.51 31.28
11:54:53 18.95 3.96 -42.75 30.97
11:54:54 19.11 3.81 -42.75 31.08
11:54:54 19.26 4.42 -42.77 31.31
11:54:54 19.26 4.72 -42.53 31.42
11:54:54 19.26 4.42 -42.77 31.26
11:54:55 18.64 4.41 -42.52 31.33
11:54:55 19.10 4.42 -42.77 31.35
11:54:55 18.95 4.58 -43.02 31.39
11:54:56 19.11 4.24 -42.02 31.50
11:54:56 19.11 4.26 -42.51 31.75
11:54:56 18.95 4.87 -42.29 31.84
11:54:56 19.10 5.16 -42.05 32.15
11:54:57 19.26 5.00 -41.79 32.43
11:54:57 18.95 5.16 -41.80 32.48
11:54:57 19.26 5.02 -42.29 32.61
11:54:57 18.95 5.16 -42.05 32.81
11:54:58 19.11 5.15 -41.55 32.94
11:54:58 19.26 4.84 -41.54 32.85
11:54:58 19.10 5.17 -42.30 32.99
11:54:59 18.95 5.16 -41.80 33.19
11:54:59 18.64 5.01 -42.04 33.30
11:54:59 18.79 5.17 -42.05 33.36
11:54:59 18.79 5.17 -42.05 33.58
11:55:00 18.80 5.15 -41.55 33.52
11:55:00 18.48 5.32 -42.05 33.81
11:55:00 19.57 5.44 -41.31 33.76
11:55:00 18.64 5.47 -41.81 33.72
11:55:01 18.64 5.62 -41.82 33.96
11:55:01 18.64 5.78 -42.07 33.87
11:55:01 18.79 5.17 -42.05 33.83
11:55:02 18.80 5.30 -41.56 33.92
11:55:02 18.48 5.78 -42.07 34.20
11:55:02 18.48 5.76 -41.57 34.14
11:55:02 19.10 5.77 -41.82 34.34
11:55:03 19.11 5.30 -41.55 34.58
11:55:03 18.79 6.09 -42.08 34.93
11:55:03 18.94 6.54 -41.85 34.89
11:55:03 18.79 6.37 -41.34 35.07
11:55:04 18.64 6.23 -41.59 35.60
11:55:04 18.17 6.85 -41.86 35.58
11:55:04 18.48 6.22 -41.34 35.80
11:55:05 18.64 5.91 -41.33 35.80
11:55:05 18.95 6.04 -40.83 35.80
11:55:05 18.79 6.21 -41.09 36.19
11:55:05 18.79 6.37 -41.34 36.08
11:55:06 18.48 6.37 -41.34 36.04
11:55:06 18.48 6.52 -41.35 36.11
11:55:06 18.64 6.35 -40.85 36.11
11:55:06 18.79 6.38 -41.59 36.19
11:55:07 18.79 6.66 -40.86 36.13
11:55:07 18.64 6.52 -41.35 36.19
11:55:07 18.95 6.51 -41.10 36.22
11:55:08 18.79 6.82 -41.11 36.15
11:55:08 18.63 7.30 -41.62 36.22
11:55:08 18.48 6.69 -41.60 36.22
11:55:08 18.95 6.66 -40.85 36.26
11:55:09 18.79 6.52 -41.35 36.35
11:55:09 18.17 7.12 -40.87 36.59
11:55:09 18.79 7.28 -41.13 36.68
11:55:09 18.64 6.83 -41.36 36.68
11:55:10 18.17 6.97 -40.87 36.84
11:55:10 18.32 7.15 -41.62 36.90
11:55:10 18.63 7.30 -41.62 37.17
11:55:10 18.64 6.81 -40.86 37.23
11:55:11 18.48 7.45 -41.38 37.43
11:55:11 18.17 6.81 -40.61 37.48
11:55:11 18.79 7.30 -41.62 37.74
11:55:12 18.48 7.41 -40.38 37.85
11:55:12 18.17 7.59 -41.14 37.79
11:55:12 18.32 7.58 -40.89 37.92
11:55:12 18.64 7.25 -40.13 37.92
11:55:13 18.32 7.43 -40.88 38.21
11:55:13 18.48 7.42 -40.63 38.23
11:55:13 18.64 7.42 -40.63 38.21
11:55:13 18.32 7.89 -40.90 38.52
11:55:14 18.17 7.87 -40.15 38.54
11:55:14 18.48 7.24 -39.88 38.61
11:55:14 18.33 7.42 -40.63 38.69
11:55:15 18.17 7.73 -40.65 38.92
11:55:15 18.33 7.72 -40.40 38.81
11:55:15 18.17 7.28 -40.88 39.07
11:55:15 18.63 7.73 -40.64 39.40
11:55:16 18.32 8.33 -40.17 39.25
11:55:16 18.02 7.87 -40.15 39.47
11:55:16 17.86 8.33 -40.17 39.54
11:55:16 17.86 7.88 -40.40 39.82
11:55:17 18.33 7.72 -40.40 39.82
11:55:17 18.17 8.18 -40.41 39.85
11:55:17 18.17 8.03 -40.41 39.82
11:55:18 18.33 8.17 -39.91 39.87
11:55:18 18.48 8.34 -40.42 40.02
11:55:18 18.17 8.18 -40.41 39.85
11:55:18 18.02 7.85 -39.66 40.02
11:55:19 18.33 7.85 -39.65 39.98
11:55:19 18.01 8.34 -40.42 39.93
11:55:19 18.17 7.86 -39.90 40.22
11:55:19 17.86 8.19 -40.66 40.40
11:55:20 18.32 8.17 -40.16 40.58
11:55:20 18.17 8.64 -40.18 40.53
11:55:20 17.86 8.31 -39.67 40.58
11:55:21 18.01 8.18 -40.41 40.60
11:55:21 17.86 8.32 -39.92 40.77
11:55:21 18.17 8.62 -39.68 40.86
11:55:21 18.47 8.65 -40.68 40.73
11:55:22 17.86 8.17 -39.92 40.77
11:55:22 18.33 8.60 -39.18 40.75
11:55:22 18.32 8.49 -40.42 40.80
11:55:22 18.01 8.65 -40.68 40.73
11:55:23 18.32 8.62 -39.68 40.69
11:55:23 18.17 8.31 -39.67 40.51
11:55:23 18.17 8.48 -40.17 40.62
11:55:24 18.63 8.47 -39.92 40.38
11:55:24 18.17 8.30 -39.42 40.62
11:55:24 18.32 8.79 -40.18 40.55
11:55:24 18.17 8.64 -40.18 40.60
11:55:25 18.32 8.94 -40.19 40.77
11:55:25 18.48 8.46 -39.67 40.71
11:55:25 18.17 8.94 -40.19 40.93
11:55:25 18.01 8.77 -39.69 41.11
11:55:26 17.86 9.08 -39.70 41.02
11:55:26 18.16 8.80 -40.43 41.37
11:55:26 18.17 8.64 -40.43 41.37
11:55:26 18.01 8.78 -39.94 41.66
11:55:27 17.55 8.92 -39.45 41.22
11:55:27 17.86 8.48 -40.18 41.42
11:55:27 17.86 8.94 -40.19 41.73
11:55:28 17.86 8.64 -40.18 41.57
11:55:28 18.17 8.34 -40.42 41.53
11:55:28 18.17 9.09 -39.95 41.33
11:55:28 18.48 8.77 -39.68 41.42
11:55:29 18.01 8.62 -39.68 41.53
11:55:29 18.32 9.10 -40.19 41.31
11:55:29 18.48 8.62 -39.68 41.46
11:55:29 18.17 8.60 -39.18 41.42
11:55:30 17.86 8.78 -39.94 41.22
11:55:30 17.70 8.64 -40.18 41.42
11:55:30 18.48 8.47 -39.92 41.35
11:55:31 18.32 8.93 -39.94 41.24
11:55:31 18.32 9.09 -39.94 41.19
11:55:31 17.86 9.07 -39.45 41.42
11:55:31 17.86 8.77 -39.44 41.13
11:55:32 18.17 9.06 -39.20 41.19
11:55:32 17.86 8.48 -40.18 41.19
11:55:32 17.70 8.78 -39.94 41.17
11:55:32 18.17 8.92 -39.44 41.44
11:55:33 18.17 8.62 -39.68 41.53
11:55:33 17.70 9.25 -40.20 41.37
11:55:33 18.48 8.79 -40.18 41.73
11:55:34 18.17 8.78 -39.93 41.50
11:55:34 17.86 8.92 -39.44 41.70
11:55:34 18.17 9.08 -39.70 41.88
11:55:34 17.86 8.94 -40.19 41.86
11:55:35 17.55 8.60 -38.94 41.86
11:55:35 17.70 8.77 -39.44 42.06
11:55:35 17.86 9.23 -39.45 42.19
11:55:35 17.86 8.92 -39.44 42.08
11:55:36 18.01 9.06 -39.20 42.15
11:55:36 18.32 9.08 -39.70 42.30
11:55:36 17.70 8.77 -39.44 42.04
11:55:37 18.17 8.92 -39.44 42.35
11:55:37 17.86 9.23 -39.70 41.99
11:55:37 18.17 9.23 -39.45 42.10
11:55:37 18.17 8.93 -39.69 42.21
11:55:38 18.01 8.92 -39.44 42.08
11:55:38 18.48 8.78 -39.93 42.06
11:55:38 18.17 9.07 -39.45 41.66
11:55:38 18.02 8.76 -39.19 41.92
11:55:39 18.01 9.06 -39.20 41.79
11:55:39 18.32 9.39 -39.96 42.04
11:55:39 18.01 9.09 -39.95 41.99
11:55:40 18.02 8.90 -38.94 42.08
11:55:40 17.86 9.23 -39.45 42.21
11:55:40 17.86 9.23 -39.45 42.15
11:55:40 17.54 9.24 -39.95 42.10
11:55:41 17.40 9.20 -38.71 42.06
11:55:41 18.01 9.38 -39.46 42.12
11:55:41 17.86 9.23 -39.45 42.08
11:55:41 17.70 9.37 -39.21 42.08
11:55:42 18.32 9.07 -39.45 41.90
11:55:42 17.54 9.24 -39.95 42.19
11:55:42 18.01 9.25 -40.20 42.19
11:55:42 18.01 9.23 -39.70 42.50
11:55:43 18.32 9.56 -40.21 42.68
11:55:43 17.86 9.07 -39.45 42.88
11:55:43 18.01 9.40 -39.96 42.79
11:55:44 18.33 9.05 -38.95 42.70
11:55:44 18.17 9.37 -39.21 42.81
11:55:44 17.86 9.67 -38.97 42.70
11:55:44 18.32 9.21 -38.95 42.83
11:55:45 18.17 9.68 -39.22 43.12
11:55:45 17.85 9.70 -39.97 43.12
11:55:45 18.17 9.69 -39.47 43.30
11:55:45 18.63 9.21 -39.20 43.47
11:55:46 18.32 9.85 -39.72 43.58
11:55:46 18.32 10.14 -39.23 43.83
11:55:46 18.01 9.52 -39.21 44.00
11:55:47 18.01 9.82 -38.98 44.05
11:55:47 18.63 9.83 -39.22 44.14
11:55:47 18.17 9.52 -39.21 44.31
11:55:47 17.70 9.82 -38.73 44.40
11:55:48 17.85 10.45 -39.25 44.29
11:55:48 17.85 10.59 -39.00 44.27
11:55:48 18.47 10.30 -39.49 44.51
11:55:48 17.85 10.60 -39.25 44.47
11:55:49 18.16 10.45 -39.25 44.56
11:55:49 18.01 10.14 -39.24 44.78
11:55:49 17.86 9.97 -38.73 44.85
11:55:49 17.70 10.41 -38.25 44.87
11:55:50 17.86 10.58 -38.50 45.13
11:55:50 18.01 10.27 -38.49 45.13
11:55:50 18.01 10.44 -39.00 45.20
11:55:51 18.01 10.44 -39.00 45.13
11:55:51 18.16 10.28 -38.99 45.35
11:55:51 17.39 10.28 -38.75 45.44
11:55:51 18.01 10.43 -38.75 45.42
11:55:52 18.48 10.13 -38.98 45.44
11:55:52 18.16 10.58 -38.75 45.49
11:55:52 18.17 10.27 -38.49 45.58
11:55:52 17.85 11.05 -38.77 45.80
11:55:53 17.70 10.88 -38.52 45.93
11:55:53 17.70 10.86 -37.77 45.88
11:55:53 17.70 10.42 -38.50 45.86
11:55:54 18.01 10.42 -38.50 45.73
11:55:54 18.01 10.73 -38.51 45.86
11:55:54 18.32 10.91 -39.26 45.60
11:55:54 18.32 10.59 -39.00 45.73
11:55:55 17.86 10.57 -38.26 45.35
11:55:55 18.17 10.57 -38.50 45.38
11:55:55 18.01 10.75 -39.26 45.44
11:55:55 17.54 10.73 -38.51 45.58
11:55:56 18.01 10.12 -38.74 45.31
11:55:56 17.86 10.27 -38.49 45.29
11:55:56 17.85 10.74 -38.76 45.42
11:55:57 17.70 10.74 -38.76 45.44
11:55:57 18.01 10.90 -39.01 45.24
11:55:57 18.01 10.44 -39.00 45.38
11:55:57 18.16 10.58 -38.75 45.29
11:55:58 18.32 10.43 -38.75 45.31
11:55:58 17.54 10.73 -38.51 45.24
11:55:58 18.17 10.43 -38.75 45.27
11:55:58 18.01 10.58 -38.75 45.38
11:55:59 17.86 10.41 -38.00 45.33
11:55:59 18.01 10.13 -38.99 45.07
11:55:59 17.85 10.45 -39.25 45.15
11:56:00 18.01 10.75 -39.26 45.13
11:56:00 18.47 10.59 -39.00 45.09
