12:49:19 20.31 -4.43 -46.01 13.32
12:49:19 20.15 -4.39 -46.77 13.34
12:49:19 20.00 -4.70 -47.01 13.19
12:49:19 19.67 -4.41 -46.26 13.38
12:49:20 19.99 -4.25 -46.27 13.21
12:49:20 20.00 -4.86 -47.00 13.23
12:49:20 20.63 -4.40 -46.78 13.36
12:49:20 20.16 -4.71 -46.76 13.38
12:49:21 20.31 -4.90 -46.24 13.45
12:49:21 19.99 -4.72 -46.50 13.32
12:49:21 20.15 -4.75 -45.99 13.47
12:49:22 20.15 -4.40 -46.52 13.21
12:49:22 20.31 -4.74 -46.25 13.36
12:49:22 20.15 -4.40 -46.52 13.38
12:49:22 20.15 -4.42 -46.26 13.36
12:49:23 20.15 -4.28 -45.76 13.41
12:49:23 20.16 -4.37 -47.28 13.56
12:49:23 19.99 -4.27 -46.01 13.32
12:49:23 20.48 -4.72 -46.76 13.38
12:49:24 20.31 -4.74 -46.25 13.32
12:49:24 19.99 -4.41 -46.26 13.32
12:49:24 20.48 -4.54 -47.02 13.41
12:49:25 20.00 -4.38 -47.03 13.47
12:49:25 19.99 -4.56 -46.51 13.41
12:49:25 19.83 -4.57 -46.25 13.78
12:49:25 20.00 -4.53 -47.27 13.43
12:49:26 19.99 -4.07 -46.79 13.63
12:49:26 20.31 -4.28 -45.76 13.58
12:49:26 19.99 -4.59 -46.00 13.67
12:49:26 19.84 -4.71 -46.75 13.76
12:49:27 19.99 -4.09 -46.27 13.65
12:49:27 20.15 -3.94 -46.28 13.83
12:49:27 20.15 -4.06 -47.04 13.74
12:49:27 20.31 -4.09 -46.53 13.94
12:49:28 20.31 -4.39 -46.77 13.89
12:49:28 19.83 -3.93 -46.28 14.03
12:49:28 20.15 -4.08 -46.53 14.27
12:49:29 20.31 -4.43 -46.01 13.94
12:49:29 20.14 -4.29 -45.50 14.25
12:49:29 20.30 -3.64 -45.79 14.58
12:49:29 19.99 -3.93 -46.28 14.56
12:49:30 20.47 -3.93 -46.54 14.93
12:49:30 19.98 -3.63 -46.04 14.98
12:49:30 19.98 -3.63 -46.04 15.27
12:49:30 20.46 -3.48 -45.80 15.31
12:49:31 20.29 -3.33 -45.55 15.91
12:49:31 19.97 -2.99 -46.07 16.04
12:49:31 20.13 -3.16 -45.81 16.28
12:49:32 20.29 -2.68 -45.83 16.33
12:49:32 19.98 -3.32 -45.80 16.15
12:49:32 20.13 -3.16 -45.81 15.93
12:49:32 19.98 -2.97 -46.33 15.95
12:49:33 19.98 -3.15 -46.06 16.00
12:49:33 19.81 -2.84 -45.82 16.26
12:49:33 20.13 -2.51 -46.10 16.42
12:49:33 20.13 -3.16 -45.81 16.75
12:49:34 19.97 -2.83 -46.08 16.66
12:49:34 19.97 -2.52 -45.84 16.99
12:49:34 20.28 -2.21 -45.60 17.28
12:49:35 20.45 -2.51 -46.10 17.26
12:49:35 19.81 -2.84 -45.82 17.28
12:49:35 20.44 -2.55 -45.33 17.50
12:49:35 20.13 -2.52 -45.84 17.50
12:49:36 20.12 -1.90 -45.36 17.68
12:49:36 19.96 -2.04 -45.86 17.88
12:49:36 20.12 -1.89 -45.61 18.16
12:49:36 20.28 -2.07 -45.35 18.25
12:49:37 19.96 -2.39 -45.08 18.47
12:49:37 19.95 -1.58 -45.37 18.61
12:49:37 20.12 -1.74 -45.37 18.63
12:49:37 19.96 -1.90 -45.36 18.83
12:49:38 19.79 -1.58 -45.37 18.89
12:49:38 20.12 -1.74 -45.37 19.20
12:49:38 19.63 -1.28 -44.87 19.07
12:49:39 20.11 -1.28 -45.13 19.07
12:49:39 20.11 -1.44 -45.13 19.16
12:49:39 19.64 -1.71 -45.87 19.18
12:49:39 20.11 -1.30 -44.62 19.71
12:49:40 20.27 -0.96 -45.15 19.73
12:49:40 20.27 -1.41 -45.64 20.00
12:49:40 19.63 -0.77 -45.66 20.04
12:49:40 19.78 -0.80 -44.90 20.13
12:49:41 20.27 -1.27 -45.39 20.29
12:49:41 19.62 -0.48 -44.91 20.33
12:49:41 19.78 -0.47 -45.17 20.71
12:49:42 20.10 -0.66 -44.65 20.73
12:49:42 20.25 0.13 -44.44 20.91
12:49:42 19.46 -0.35 -44.41 21.19
12:49:42 19.78 -0.51 -44.40 21.39
12:49:43 20.26 -0.33 -44.92 21.26
12:49:43 20.11 -0.80 -45.16 21.19
12:49:43 19.93 0.14 -44.69 21.84
12:49:43 20.26 -0.17 -44.93 21.59
12:49:44 20.26 -0.17 -44.93 21.64
12:49:44 19.45 -0.01 -44.68 21.77
12:49:44 19.61 -0.01 -44.68 21.68
12:49:45 19.93 0.15 -44.94 21.59
12:49:45 20.10 -0.18 -44.67 21.59
12:49:45 19.78 -0.32 -44.92 21.84
12:49:45 20.25 0.32 -45.21 22.12
12:49:46 20.25 -0.03 -44.43 22.04
12:49:46 19.93 0.62 -44.71 22.41
12:49:46 19.93 0.31 -44.95 22.50
12:49:46 20.25 0.45 -44.45 22.72
12:49:47 19.77 0.27 -43.93 22.74
12:49:47 20.08 0.93 -44.47 23.16
12:49:47 19.92 0.76 -44.21 22.99
12:49:48 20.24 1.27 -45.00 23.32
12:49:48 19.92 0.77 -44.46 23.58
12:49:48 19.92 0.91 -43.96 23.81
12:49:48 20.24 1.07 -44.22 24.14
12:49:49 19.91 1.39 -43.98 24.20
12:49:49 20.08 1.57 -44.50 24.51
12:49:49 20.08 1.24 -44.23 24.71
12:49:49 20.07 1.54 -43.99 24.60
12:49:50 19.91 1.71 -44.00 24.98
12:49:50 19.59 2.20 -44.27 25.15
12:49:50 19.75 1.72 -44.25 25.22
12:49:50 20.23 2.02 -44.01 25.18
12:49:51 20.23 1.85 -43.75 25.27
12:49:51 19.74 2.18 -43.76 25.60
12:49:51 20.06 2.33 -43.77 25.84
12:49:52 20.06 2.33 -43.77 26.02
12:49:52 19.75 2.52 -44.29 26.28
12:49:52 20.06 2.66 -44.04 26.31
12:49:52 20.06 2.82 -44.05 26.50
12:49:53 20.06 3.15 -44.07 26.79
12:49:53 20.22 2.80 -43.54 27.04
12:49:53 20.38 3.13 -43.81 27.12
12:49:53 20.22 3.32 -44.33 27.15
12:49:54 20.22 2.80 -43.54 27.28
12:49:54 20.06 2.97 -43.80 27.35
12:49:54 20.06 2.79 -43.28 27.50
12:49:55 20.21 3.29 -43.82 27.68
12:49:55 20.05 3.43 -43.31 27.81
12:49:55 19.89 3.92 -43.59 28.12
12:49:55 20.37 3.76 -43.59 28.36
12:49:56 20.20 3.54 -42.30 28.30
12:49:56 20.53 3.41 -43.06 28.56
12:49:56 19.88 3.91 -43.34 28.54
12:49:56 20.21 4.09 -43.86 28.89
12:49:57 19.72 4.23 -43.35 28.89
12:49:57 20.36 3.88 -42.83 28.98
12:49:57 20.36 4.42 -44.13 29.18
12:49:58 20.36 4.07 -43.35 29.23
12:49:58 20.04 4.39 -43.36 29.38
12:49:58 20.20 4.54 -43.11 29.69
12:49:58 20.20 4.39 -43.36 29.65
12:49:59 20.19 4.52 -42.86 29.85
12:49:59 20.67 4.69 -43.12 30.04
12:49:59 20.35 5.33 -43.15 30.09
12:49:59 20.19 5.02 -43.14 30.51
12:50:00 20.03 5.19 -43.40 30.49
12:50:00 20.35 4.85 -43.13 30.71
12:50:00 20.19 4.99 -42.62 30.77
12:50:01 20.19 5.19 -43.40 31.22
12:50:01 20.19 4.83 -42.62 31.17
12:50:01 20.34 5.48 -42.90 31.37
12:50:01 20.18 5.45 -42.14 31.62
12:50:02 20.34 5.64 -42.91 31.75
12:50:02 20.34 5.47 -42.65 31.92
12:50:02 20.66 5.64 -42.91 32.06
12:50:02 20.65 6.08 -42.17 32.32
12:50:03 20.49 5.91 -41.90 32.43
12:50:03 20.18 5.78 -42.41 32.39
12:50:03 20.49 6.26 -42.43 32.57
12:50:04 20.65 6.08 -42.17 32.74
12:50:04 20.49 6.06 -41.66 32.74
12:50:04 20.66 6.09 -42.42 32.81
12:50:04 20.50 6.10 -42.42 33.21
12:50:05 20.66 6.09 -42.42 33.45
12:50:05 20.33 6.57 -42.19 33.36
12:50:05 20.50 6.10 -42.42 33.43
12:50:05 20.01 6.57 -42.19 33.43
12:50:06 20.49 6.38 -41.67 33.63
12:50:06 20.65 6.24 -42.18 33.58
12:50:06 20.17 6.57 -42.19 33.61
12:50:06 20.81 6.88 -42.21 33.72
12:50:07 20.17 6.73 -42.20 33.87
12:50:07 20.16 6.69 -41.43 34.09
12:50:07 20.64 6.70 -41.69 34.40
12:50:08 20.49 6.38 -41.67 34.45
12:50:08 20.48 6.84 -41.18 34.54
12:50:08 20.64 7.19 -41.97 34.54
12:50:08 20.64 6.85 -41.44 34.67
12:50:09 20.48 7.16 -41.20 35.00
12:50:09 20.64 7.35 -41.97 35.04
12:50:09 20.32 6.99 -40.93 35.15
12:50:09 20.63 7.66 -41.73 35.46
12:50:10 20.47 7.65 -41.48 35.35
12:50:10 20.32 7.34 -41.72 35.60
12:50:10 20.63 7.83 -42.00 35.75
12:50:11 20.47 7.83 -41.99 36.04
12:50:11 20.63 7.66 -41.73 36.13
12:50:11 20.63 7.79 -41.23 36.31
12:50:11 20.94 8.27 -41.25 36.37
12:50:12 20.63 7.78 -40.97 36.73
12:50:12 20.47 8.12 -41.24 36.66
12:50:12 20.78 8.42 -41.00 36.97
12:50:12 20.78 8.58 -41.01 37.23
12:50:13 20.95 8.46 -41.77 37.61
12:50:13 20.62 8.73 -40.76 37.52
12:50:13 21.10 8.75 -41.28 37.37
12:50:14 20.94 9.07 -41.29 37.92
12:50:14 20.78 9.23 -41.30 37.79
12:50:14 20.93 9.37 -40.80 38.32
12:50:14 20.93 9.52 -40.55 38.36
12:50:15 20.77 9.22 -41.04 38.27
12:50:15 20.62 8.74 -41.02 38.43
12:50:15 20.61 9.38 -41.05 38.76
12:50:15 20.29 9.69 -40.81 38.81
12:50:16 20.93 9.38 -41.05 38.94
12:50:16 20.93 9.36 -40.54 39.09
12:50:16 20.60 10.01 -40.82 39.12
12:50:17 20.60 10.17 -40.83 39.31
12:50:17 20.45 9.69 -40.81 39.58
12:50:17 21.09 9.69 -40.81 39.80
12:50:17 20.60 9.99 -40.31 39.67
12:50:18 21.08 9.97 -40.06 39.98
12:50:18 21.40 9.97 -40.06 40.24
12:50:18 20.92 10.32 -40.58 40.29
12:50:18 20.92 10.16 -40.58 40.33
12:50:19 21.24 9.83 -40.56 40.80
12:50:19 20.92 10.46 -40.34 40.71
12:50:19 21.23 10.77 -40.10 41.00
12:50:20 21.23 11.10 -40.37 41.00
12:50:20 20.92 10.29 -40.07 41.19
12:50:20 20.76 10.48 -40.59 41.33
12:50:20 21.23 10.77 -40.10 41.35
12:50:21 20.91 10.45 -40.08 41.39
12:50:21 21.39 10.62 -40.35 41.68
12:50:21 20.75 10.76 -39.84 41.97
12:50:21 21.07 10.61 -40.09 41.95
12:50:22 21.07 10.78 -40.35 42.19
12:50:22 20.59 10.92 -39.85 42.28
12:50:22 20.75 11.43 -40.38 42.28
12:50:22 21.06 11.24 -39.86 42.52
12:50:23 20.74 11.57 -40.13 42.90
12:50:23 21.22 11.58 -40.39 42.88
12:50:23 21.22 11.71 -39.63 42.92
12:50:24 21.06 11.39 -39.62 43.27
12:50:24 20.74 11.23 -39.61 43.23
12:50:24 20.74 11.73 -40.14 43.16
12:50:24 21.06 11.88 -39.89 43.58
12:50:25 21.23 11.59 -40.65 43.47
12:50:25 21.21 11.68 -39.12 43.67
12:50:25 21.06 11.87 -39.64 43.67
12:50:25 21.38 12.05 -40.16 43.63
12:50:26 20.73 12.52 -39.92 44.18
12:50:26 20.73 12.17 -39.14 44.14
12:50:26 21.53 12.32 -39.15 44.34
12:50:27 21.21 12.01 -39.39 44.40
12:50:27 21.21 12.33 -39.41 44.71
12:50:27 20.73 12.34 -39.40 44.82
12:50:27 21.21 12.68 -39.93 44.85
12:50:28 21.21 12.51 -39.67 44.98
12:50:28 21.05 12.48 -39.16 45.02
12:50:28 20.89 12.83 -39.68 45.22
12:50:28 21.04 12.77 -38.41 45.40
12:50:29 21.04 12.96 -39.18 45.42
12:50:29 21.53 12.82 -39.69 45.77
12:50:29 21.69 12.65 -39.42 45.88
12:50:30 21.52 12.93 -38.67 45.69
12:50:30 21.20 12.94 -38.67 45.82
12:50:30 21.35 13.56 -38.45 46.35
12:50:30 21.52 12.95 -38.93 46.02
12:50:31 21.36 13.43 -38.95 46.11
12:50:31 21.52 13.43 -38.95 46.19
12:50:31 21.36 13.12 -39.19 46.08
12:50:31 21.36 13.12 -39.19 46.08
12:50:32 21.52 13.13 -39.45 46.06
12:50:32 21.52 13.25 -38.69 46.33
12:50:32 20.88 13.62 -39.46 46.35
12:50:32 21.19 13.57 -38.44 46.06
12:50:33 21.20 13.15 -39.70 46.17
12:50:33 21.52 13.27 -38.94 46.00
