13:22:14 20.64 0.52 -47.69 12.57
13:22:15 20.96 0.36 -47.69 12.50
13:22:15 20.48 0.19 -47.41 12.61
13:22:15 20.32 0.56 -48.21 12.59
13:22:16 20.97 0.24 -48.19 12.61
13:22:16 20.49 0.24 -48.19 12.79
13:22:16 21.13 0.22 -47.93 12.85
13:22:16 20.65 0.24 -48.19 12.68
13:22:17 21.29 0.56 -48.21 12.94
13:22:17 20.32 0.37 -47.68 12.85
13:22:17 20.32 0.54 -47.95 13.21
13:22:17 20.00 0.74 -48.47 13.30
13:22:18 20.97 0.24 -48.19 13.50
13:22:18 20.32 0.51 -47.44 13.63
13:22:18 20.80 0.82 -47.46 13.87
13:22:19 20.64 0.84 -47.72 14.07
13:22:19 20.00 0.86 -47.97 14.29
13:22:19 19.83 0.97 -47.21 14.42
13:22:19 20.64 0.98 -47.47 14.42
13:22:20 20.15 0.97 -47.21 14.67
13:22:20 20.00 0.99 -47.47 14.98
13:22:20 19.99 1.14 -47.48 15.02
13:22:20 19.99 1.80 -47.78 14.96
13:22:21 20.63 1.11 -46.97 15.31
13:22:21 20.16 1.14 -47.48 15.42
13:22:21 20.31 1.60 -47.26 15.66
13:22:22 20.15 1.73 -46.75 15.64
13:22:22 19.99 1.75 -47.01 16.17
13:22:22 20.15 1.89 -46.76 16.15
13:22:22 20.15 1.55 -46.48 16.00
13:22:23 19.99 2.05 -46.77 16.24
13:22:23 19.83 2.21 -46.78 16.42
13:22:23 19.83 2.54 -47.06 16.64
13:22:23 20.15 2.36 -46.80 16.62
13:22:24 19.51 1.92 -47.27 16.81
13:22:24 19.66 2.17 -46.27 16.90
13:22:24 19.98 2.03 -46.52 17.32
13:22:24 19.98 2.49 -46.29 17.48
13:22:25 20.14 2.66 -46.56 17.61
13:22:25 19.98 3.00 -46.84 17.81
13:22:25 19.50 2.84 -46.83 17.79
13:22:26 19.65 2.59 -45.53 18.19
13:22:26 19.50 2.63 -46.04 18.25
13:22:26 19.82 3.12 -46.34 18.56
13:22:26 19.82 3.11 -46.08 18.65
13:22:27 19.50 3.11 -46.08 18.83
13:22:27 19.49 3.25 -45.83 18.92
13:22:27 19.49 3.41 -45.84 19.05
13:22:27 19.50 3.12 -46.33 19.18
13:22:28 19.66 3.60 -46.37 19.25
13:22:28 19.49 3.87 -45.62 19.73
13:22:28 19.65 3.90 -46.13 19.87
13:22:29 19.65 3.74 -46.12 20.20
13:22:29 19.32 4.31 -45.14 19.91
13:22:29 19.65 3.71 -45.61 20.31
13:22:29 19.33 3.87 -45.62 20.46
13:22:30 19.65 4.33 -45.40 20.44
13:22:30 19.16 4.15 -45.12 20.66
13:22:30 19.49 4.17 -45.38 20.97
13:22:30 19.32 4.13 -44.87 21.02
13:22:31 19.48 4.61 -44.90 21.44
13:22:31 19.49 4.34 -45.65 21.37
13:22:31 19.48 4.31 -45.14 21.68
13:22:32 19.17 4.17 -45.38 21.75
13:22:32 19.16 4.47 -45.15 21.77
13:22:32 19.16 4.89 -44.41 21.97
13:22:32 19.00 5.10 -45.19 22.15
13:22:33 19.48 5.24 -44.95 22.46
13:22:33 18.84 5.41 -44.95 22.85
13:22:33 19.32 5.23 -44.69 22.81
13:22:33 19.48 5.40 -44.96 22.77
13:22:34 19.00 5.07 -44.68 22.92
13:22:34 19.00 5.07 -44.68 23.19
13:22:34 19.15 5.17 -43.92 23.16
13:22:35 19.16 5.55 -44.71 23.16
13:22:35 19.31 5.51 -44.20 23.52
13:22:35 19.47 5.51 -44.20 23.76
13:22:35 18.99 5.69 -44.46 23.78
13:22:36 19.15 5.67 -44.21 23.89
13:22:36 19.31 5.83 -44.22 24.00
13:22:36 19.15 5.69 -44.46 24.18
13:22:36 19.16 5.58 -45.22 24.09
13:22:37 18.99 5.65 -43.95 24.18
13:22:37 18.99 5.97 -43.97 24.29
13:22:37 19.31 5.67 -44.21 23.85
13:22:38 18.67 6.32 -44.50 24.16
13:22:38 19.48 6.20 -45.01 24.07
13:22:38 19.15 5.67 -44.21 24.07
13:22:38 18.99 5.86 -44.73 24.07
13:22:39 18.99 6.01 -44.48 24.05
13:22:39 19.15 6.32 -44.51 24.25
13:22:39 18.99 6.11 -43.72 24.12
13:22:39 18.99 5.69 -44.46 24.67
13:22:40 19.47 6.29 -44.00 24.69
13:22:40 18.99 5.67 -44.21 24.93
13:22:40 18.67 6.15 -44.24 25.00
13:22:40 18.83 6.13 -43.98 24.91
13:22:41 18.99 5.81 -43.96 24.85
13:22:41 18.99 6.11 -43.72 25.20
13:22:41 18.83 6.16 -44.49 25.04
13:22:42 19.63 6.13 -43.99 24.89
13:22:42 19.15 6.13 -43.98 25.09
13:22:42 19.15 6.61 -44.02 24.89
13:22:42 18.99 6.62 -44.27 25.15
13:22:43 19.31 6.13 -43.98 25.27
13:22:43 18.82 6.43 -43.75 25.35
13:22:43 18.82 6.38 -42.97 25.42
13:22:43 18.66 6.11 -43.72 25.84
13:22:44 19.14 6.43 -43.75 25.77
13:22:44 19.15 6.27 -43.74 25.64
13:22:44 18.50 6.11 -43.72 25.95
13:22:45 19.14 6.57 -43.50 26.11
13:22:45 18.82 6.75 -43.77 26.02
13:22:45 18.98 6.57 -43.50 26.17
13:22:45 18.50 6.78 -44.28 26.44
13:22:46 18.82 6.57 -43.50 26.44
13:22:46 18.82 6.89 -43.52 26.79
13:22:46 18.34 6.71 -43.25 26.84
13:22:46 19.15 6.29 -43.99 26.66
13:22:47 18.50 7.23 -43.80 26.62
13:22:47 18.34 6.93 -44.03 26.77
13:22:47 18.82 7.21 -43.54 26.81
13:22:48 18.50 7.05 -43.53 26.86
13:22:48 18.66 7.37 -43.55 26.95
13:22:48 18.82 7.03 -43.28 27.28
13:22:48 18.98 6.71 -43.25 27.28
13:22:49 19.14 6.55 -43.24 27.39
13:22:49 18.49 7.01 -43.02 27.48
13:22:49 18.66 7.67 -43.32 27.65
13:22:49 18.49 7.30 -42.52 27.54
13:22:50 18.82 7.03 -43.28 28.05
13:22:50 18.81 7.14 -42.52 27.90
13:22:50 18.49 7.17 -43.03 28.08
13:22:51 18.49 7.33 -43.04 28.14
13:22:51 18.66 7.51 -43.31 28.30
13:22:51 18.66 7.84 -43.59 28.50
13:22:51 18.81 7.63 -42.81 28.74
13:22:52 18.82 7.83 -43.33 28.61
13:22:52 18.49 7.63 -42.80 28.69
13:22:52 18.81 7.79 -42.82 28.92
13:22:52 18.49 7.99 -43.34 28.78
13:22:53 18.97 7.95 -42.83 29.07
13:22:53 18.49 7.47 -42.79 29.25
13:22:53 18.65 7.79 -42.82 29.27
13:22:53 18.81 7.77 -42.56 29.47
13:22:54 18.17 7.95 -42.82 29.62
13:22:54 18.17 8.30 -43.36 29.71
13:22:54 18.49 8.07 -42.32 30.07
13:22:55 18.81 8.11 -42.84 30.07
13:22:55 18.81 8.27 -42.85 30.38
13:22:55 18.65 8.41 -42.60 30.49
13:22:55 18.65 8.07 -42.32 30.88
13:22:56 18.64 8.55 -42.36 30.91
13:22:56 18.16 8.06 -42.06 31.00
13:22:56 18.64 8.67 -41.85 31.37
13:22:56 18.49 8.74 -42.88 31.37
13:22:57 18.16 8.53 -42.10 31.68
13:22:57 18.32 8.99 -41.87 31.75
13:22:57 18.64 9.01 -42.13 31.86
13:22:58 18.48 8.97 -41.62 32.10
13:22:58 18.48 9.29 -41.64 32.28
13:22:58 18.64 9.29 -41.64 32.23
13:22:58 18.64 9.17 -42.15 32.19
13:22:59 18.48 9.31 -41.90 32.32
13:22:59 18.00 9.31 -41.89 32.30
13:22:59 18.96 8.99 -41.88 32.28
13:22:59 18.64 9.31 -41.90 32.65
13:23:00 18.00 8.99 -41.87 32.46
13:23:00 18.48 9.47 -41.91 32.54
13:23:00 18.47 9.73 -41.16 32.65
13:23:01 18.64 9.47 -41.91 32.59
13:23:01 18.32 9.45 -41.65 32.35
13:23:01 18.32 9.45 -41.65 32.43
13:23:01 18.48 9.63 -41.92 32.61
13:23:02 18.80 9.61 -41.67 32.54
13:23:02 17.99 9.59 -41.40 32.85
13:23:02 18.79 9.59 -41.41 33.01
13:23:02 18.47 9.77 -41.67 33.32
13:23:03 18.64 9.95 -41.94 33.19
13:23:03 18.47 9.73 -41.16 33.23
13:23:03 18.31 9.57 -41.15 33.27
13:23:04 18.31 9.42 -41.14 33.16
13:23:04 18.63 9.57 -41.15 33.27
13:23:04 18.47 9.91 -41.43 33.08
13:23:04 18.31 10.21 -41.19 33.27
13:23:05 18.31 10.09 -41.70 33.23
13:23:05 18.15 9.73 -41.16 33.12
13:23:05 19.12 9.93 -41.69 33.30
13:23:05 18.48 9.45 -41.65 33.23
13:23:06 18.63 9.91 -41.43 33.45
13:23:06 18.15 9.89 -41.17 33.36
13:23:06 18.79 10.07 -41.44 33.43
13:23:06 18.31 9.73 -41.16 33.74
13:23:07 18.31 10.07 -41.44 34.12
13:23:07 18.31 9.87 -40.91 34.23
13:23:07 18.15 10.25 -41.71 34.65
13:23:08 18.31 9.91 -41.43 34.54
13:23:08 18.31 10.19 -40.94 34.56
13:23:08 18.31 10.21 -41.19 34.58
13:23:08 17.98 10.51 -40.96 34.82
13:23:09 18.15 10.23 -41.45 34.80
13:23:09 18.15 10.25 -41.71 35.00
13:23:09 18.31 10.51 -40.96 35.24
13:23:09 18.15 10.35 -40.95 35.15
13:23:10 18.47 10.51 -40.96 35.35
13:23:10 18.30 10.33 -40.69 35.51
13:23:10 18.79 10.33 -40.69 35.58
13:23:11 18.15 10.35 -40.95 35.80
13:23:11 18.30 11.09 -40.23 35.73
13:23:11 17.98 10.79 -40.46 35.88
13:23:11 18.30 10.93 -40.22 36.28
13:23:12 18.62 10.92 -39.96 36.31
13:23:12 18.46 11.25 -40.24 36.37
13:23:12 18.47 10.83 -40.98 36.31
13:23:12 18.46 11.25 -40.24 36.39
13:23:13 18.46 10.76 -39.95 36.26
13:23:13 18.14 11.47 -41.02 36.37
13:23:13 18.46 11.61 -40.78 36.73
13:23:14 18.14 10.78 -40.21 36.73
13:23:14 18.30 11.27 -40.50 36.53
13:23:14 17.98 11.41 -40.25 36.59
13:23:14 18.14 11.29 -40.75 36.59
13:23:15 18.29 11.04 -39.46 36.90
13:23:15 18.30 11.89 -40.29 36.70
13:23:15 18.30 11.43 -40.51 36.79
13:23:15 17.82 10.97 -40.73 36.57
13:23:16 18.30 11.09 -40.23 36.68
13:23:16 18.30 11.27 -40.50 36.55
13:23:16 17.82 11.13 -40.74 36.73
13:23:17 18.30 11.13 -40.74 36.88
13:23:17 18.14 11.43 -40.51 36.68
13:23:17 18.30 11.43 -40.51 36.73
13:23:17 17.98 11.13 -40.74 36.73
13:23:18 18.14 11.08 -39.97 37.08
13:23:18 18.14 10.97 -40.73 36.99
13:23:18 18.30 10.76 -39.95 37.21
13:23:18 18.78 11.45 -40.77 37.35
13:23:19 18.13 11.55 -40.01 37.52
13:23:19 18.29 11.71 -40.02 37.57
13:23:19 18.45 11.38 -39.74 37.59
13:23:20 18.14 11.43 -40.51 37.37
13:23:20 18.30 11.57 -40.26 37.65
13:23:20 18.29 11.68 -39.50 37.70
13:23:20 18.30 11.73 -40.28 37.59
13:23:21 17.97 11.71 -40.02 37.57
13:23:21 18.46 11.55 -40.01 37.46
13:23:21 17.98 11.75 -40.53 37.37
13:23:21 17.97 11.71 -40.02 37.48
13:23:22 18.14 11.75 -40.53 37.43
13:23:22 17.82 11.91 -40.54 37.54
13:23:22 18.14 11.45 -40.77 37.46
13:23:23 18.14 11.59 -40.52 37.61
13:23:23 18.30 11.41 -40.25 37.52
13:23:23 17.81 11.38 -39.74 37.52
13:23:23 17.97 11.69 -39.76 37.59
13:23:24 17.65 11.38 -39.73 37.57
13:23:24 17.98 11.41 -40.25 37.59
13:23:24 18.29 11.53 -39.75 37.57
13:23:24 18.30 11.41 -40.25 37.57
13:23:25 17.97 11.54 -39.75 37.39
13:23:25 17.66 11.75 -40.53 37.57
13:23:25 18.14 11.41 -40.25 37.54
13:23:25 18.13 11.55 -40.01 37.46
13:23:26 17.81 11.08 -39.97 37.68
13:23:26 18.13 11.22 -39.73 37.70
13:23:26 18.13 11.52 -39.49 37.43
13:23:27 18.14 11.89 -40.29 37.90
13:23:27 17.97 11.85 -39.77 38.08
13:23:27 18.14 11.77 -40.79 38.16
13:23:27 18.13 11.99 -39.52 38.38
13:23:28 18.62 11.73 -40.28 38.52
13:23:28 18.45 11.87 -40.03 38.56
13:23:28 17.97 12.15 -39.53 38.52
13:23:28 17.65 11.38 -39.73 38.67
13:23:29 18.14 11.24 -39.98 38.74
13:23:29 18.13 12.47 -39.56 38.96
13:23:29 18.13 12.29 -39.29 39.03
13:23:30 18.13 12.14 -39.28 39.00
13:23:30 17.97 12.49 -39.81 39.18
13:23:30 17.81 12.53 -40.33 39.31
13:23:30 18.13 12.47 -39.56 39.40
13:23:31 18.28 11.94 -38.75 39.51
13:23:31 17.97 12.17 -39.79 39.69
13:23:31 17.81 12.81 -39.84 39.93
13:23:31 17.97 12.15 -39.53 39.93
13:23:32 17.81 12.47 -39.56 39.82
13:23:32 17.97 12.14 -39.28 39.89
13:23:32 17.96 12.60 -39.05 39.98
13:23:33 17.81 12.63 -39.57 40.27
13:23:33 17.97 12.45 -39.30 40.11
13:23:33 18.29 12.81 -39.84 40.46
13:23:33 18.45 12.47 -39.56 40.40
13:23:34 17.80 12.93 -39.33 40.62
13:23:34 17.64 13.25 -39.35 40.64
13:23:34 17.80 12.42 -38.78 40.86
13:23:34 18.44 13.05 -38.83 41.02
13:23:35 17.96 12.93 -39.33 41.04
13:23:35 18.12 12.77 -39.32 41.15
13:23:35 17.80 12.91 -39.08 41.13
13:23:36 18.12 12.72 -38.55 41.59
13:23:36 18.44 13.07 -39.09 41.31
13:23:36 18.28 12.59 -39.06 41.46
13:23:36 18.12 12.90 -38.82 41.42
13:23:37 17.96 13.07 -39.09 41.73
13:23:37 17.80 13.23 -39.10 41.53
13:23:37 17.80 13.21 -38.84 41.70
13:23:37 18.28 13.04 -38.58 41.75
13:23:38 18.12 13.35 -38.60 42.01
13:23:38 18.28 13.21 -38.84 42.10
13:23:38 17.96 13.37 -38.85 42.19
13:23:38 18.44 12.88 -38.57 42.23
13:23:39 18.12 13.35 -38.60 42.26
13:23:39 17.80 13.41 -39.37 42.39
13:23:39 18.12 12.58 -38.80 42.06
13:23:40 17.63 13.32 -38.08 42.37
13:23:40 17.80 13.20 -38.58 42.46
13:23:40 18.28 13.37 -38.85 42.74
13:23:40 18.11 13.32 -38.08 42.52
13:23:41 17.80 13.69 -38.87 42.90
13:23:41 18.28 13.53 -38.87 43.05
13:23:41 18.28 13.51 -38.61 43.05
13:23:41 17.95 13.66 -38.36 43.30
13:23:42 18.11 13.80 -38.12 43.45
13:23:42 18.11 13.64 -38.10 43.45
13:23:42 18.28 13.50 -38.35 43.47
13:23:43 18.11 13.80 -38.12 43.38
13:23:43 17.96 13.67 -38.62 43.50
13:23:43 17.96 13.53 -38.86 43.10
13:23:43 17.80 13.85 -38.88 43.25
13:23:44 17.96 13.67 -38.62 43.25
13:23:44 17.48 13.37 -38.85 43.63
13:23:44 18.11 13.97 -38.38 43.63
13:23:44 17.63 13.48 -38.09 43.69
13:23:45 18.11 13.81 -38.37 43.81
13:23:45 18.11 13.97 -38.38 44.07
13:23:45 17.95 14.61 -38.43 44.18
13:23:46 17.95 14.43 -38.16 44.14
13:23:46 18.43 13.92 -37.61 44.20
13:23:46 18.27 14.41 -37.90 44.42
13:23:46 17.79 14.29 -38.40 44.34
13:23:47 18.11 14.13 -38.40 44.58
13:23:47 17.79 13.78 -37.86 44.42
13:23:47 18.11 13.78 -37.86 44.31
13:23:47 18.11 14.10 -37.88 44.27
13:23:48 17.63 13.48 -38.09 44.09
13:23:48 18.43 14.24 -37.64 44.34
13:23:48 17.63 13.97 -38.38 44.07
13:23:49 18.27 14.25 -37.89 44.14
13:23:49 18.27 14.08 -37.62 44.27
13:23:49 18.43 14.29 -38.41 44.51
13:23:49 17.79 13.80 -38.11 44.69
13:23:50 17.78 14.22 -37.38 44.89
13:23:50 17.63 14.75 -38.18 45.02
13:23:50 18.11 14.71 -37.67 44.93
13:23:50 18.11 14.13 -38.40 44.87
13:23:51 17.63 14.24 -37.63 45.09
13:23:51 18.11 13.62 -37.85 45.58
13:23:51 18.11 14.57 -37.91 45.46
13:23:51 18.11 14.41 -37.90 45.33
13:23:52 18.27 14.25 -37.89 45.44
13:23:52 18.27 14.55 -37.66 45.62
13:23:52 18.10 14.54 -37.40 45.60
13:23:53 17.94 14.54 -37.40 45.51
13:23:53 18.26 14.66 -36.90 45.31
13:23:53 18.11 14.57 -37.91 45.29
13:23:53 18.43 14.09 -37.88 45.22
13:23:54 18.27 14.73 -37.93 45.27
13:23:54 18.27 14.41 -37.90 45.20
13:23:54 17.79 14.57 -37.91 45.07
13:23:54 18.10 14.38 -37.39 45.40
13:23:55 18.27 14.08 -37.62 45.40
13:23:55 18.11 14.41 -37.90 45.11
13:23:55 17.95 14.40 -37.65 45.18
13:23:56 18.43 14.54 -37.40 45.24
13:23:56 17.95 14.57 -37.91 45.18
13:23:56 18.11 14.77 -38.44 45.44
13:23:56 17.95 14.10 -37.88 45.18
13:23:57 18.10 14.38 -37.39 45.11
13:23:57 17.95 14.24 -37.63 45.13
13:23:57 18.27 14.38 -37.39 45.44
13:23:57 18.27 14.43 -38.16 45.42
13:23:58 18.43 14.25 -37.89 45.42
13:23:58 18.27 14.40 -37.65 45.46
13:23:58 17.94 14.71 -37.67 45.40
13:23:59 18.27 14.24 -37.64 45.35
13:23:59 17.95 14.40 -37.65 45.31
13:23:59 18.11 14.71 -37.67 45.24
13:23:59 18.11 14.41 -37.90 45.33
13:24:00 18.59 14.69 -37.41 45.22
13:24:00 18.27 14.45 -38.42 45.29
