13:32:27 22.65 -5.08 -49.39 9.98
13:32:27 22.33 -5.11 -48.87 10.15
13:32:28 22.81 -5.09 -49.13 10.04
13:32:28 22.65 -5.59 -48.84 10.02
13:32:28 22.17 -5.57 -49.10 9.91
13:32:28 22.33 -5.57 -49.10 10.13
13:32:29 22.65 -5.40 -49.37 9.93
13:32:29 22.81 -5.22 -49.64 10.24
13:32:29 22.17 -5.41 -49.11 10.02
13:32:29 22.65 -5.24 -49.38 10.04
13:32:30 22.65 -5.41 -49.11 10.22
13:32:30 22.49 -4.96 -48.62 10.35
13:32:30 22.33 -5.25 -49.12 10.22
13:32:31 22.33 -5.43 -48.85 10.09
13:32:31 22.00 -5.23 -49.38 10.42
13:32:31 22.65 -5.43 -48.85 10.33
13:32:31 22.17 -5.41 -49.11 10.35
13:32:32 22.49 -5.43 -48.85 10.40
13:32:32 22.01 -5.26 -48.86 10.73
13:32:32 22.65 -4.96 -48.61 10.91
13:32:32 22.32 -4.32 -48.66 10.91
13:32:33 22.49 -5.12 -48.61 11.02
13:32:33 22.17 -4.98 -48.36 11.35
13:32:33 21.52 -4.49 -48.39 11.26
13:32:34 22.00 -4.48 -48.65 11.48
13:32:34 22.16 -4.48 -48.65 11.44
13:32:34 22.00 -4.80 -48.63 11.53
13:32:34 22.00 -4.61 -49.16 11.59
13:32:35 22.00 -4.64 -48.64 11.37
13:32:35 22.33 -4.35 -48.13 11.53
13:32:35 21.52 -4.48 -48.65 11.46
13:32:35 21.85 -4.83 -48.11 11.55
13:32:36 22.17 -4.35 -48.14 11.44
13:32:36 22.17 -4.69 -47.85 11.66
13:32:36 21.52 -4.67 -48.12 11.75
13:32:36 21.84 -4.46 -48.91 11.99
13:32:37 22.00 -4.16 -48.67 11.92
13:32:37 22.00 -4.45 -49.17 11.95
13:32:37 22.01 -4.38 -47.61 11.81
13:32:38 21.52 -4.35 -48.14 11.79
13:32:38 21.69 -5.02 -47.58 11.92
13:32:38 21.84 -4.16 -48.67 11.79
13:32:38 22.00 -4.30 -48.92 11.97
13:32:39 21.84 -4.35 -48.14 11.81
13:32:39 22.01 -4.66 -48.38 11.86
13:32:39 22.00 -4.29 -49.18 11.77
13:32:39 22.01 -4.51 -48.13 12.04
13:32:40 22.17 -4.35 -48.14 12.01
13:32:40 21.84 -4.49 -48.39 11.95
13:32:40 21.69 -4.38 -47.62 12.19
13:32:41 22.16 -4.03 -48.15 12.12
13:32:41 21.68 -4.17 -48.41 12.39
13:32:41 21.52 -4.52 -47.87 12.52
13:32:41 21.36 -4.36 -47.88 12.70
13:32:42 21.68 -4.06 -47.64 12.72
13:32:42 21.84 -3.84 -48.69 12.94
13:32:42 21.68 -3.87 -48.17 12.99
13:32:42 21.84 -3.69 -48.44 13.01
13:32:43 21.68 -3.90 -47.65 13.58
13:32:43 21.68 -4.20 -47.89 13.34
13:32:43 21.68 -3.71 -48.18 13.19
13:32:44 21.52 -3.88 -47.91 13.45
13:32:44 21.36 -3.26 -47.69 13.65
13:32:44 20.87 -3.53 -48.46 13.50
13:32:44 21.19 -3.55 -48.19 13.52
13:32:45 21.19 -3.40 -47.94 13.43
13:32:45 21.52 -3.58 -47.67 13.74
13:32:45 21.35 -3.69 -48.44 13.67
13:32:45 21.52 -3.40 -47.94 13.47
13:32:46 21.36 -3.11 -47.44 13.58
13:32:46 21.52 -3.10 -47.70 13.76
13:32:46 21.85 -3.60 -47.40 13.69
13:32:47 21.52 -3.56 -47.93 13.96
13:32:47 21.35 -3.39 -48.20 14.03
13:32:47 20.87 -2.95 -47.45 14.16
13:32:47 21.52 -3.58 -47.67 14.23
13:32:48 21.19 -2.92 -47.97 14.65
13:32:48 21.19 -2.47 -47.48 14.56
13:32:48 21.68 -3.12 -47.43 14.67
13:32:48 21.68 -3.13 -47.17 14.67
13:32:49 21.20 -2.97 -47.19 14.73
13:32:49 21.19 -3.24 -47.95 14.71
13:32:49 21.19 -3.26 -47.69 14.67
13:32:50 21.35 -2.75 -48.24 14.62
13:32:50 20.87 -2.94 -47.71 14.69
13:32:50 21.04 -3.27 -47.43 14.62
13:32:50 21.04 -3.43 -47.42 14.78
13:32:51 21.20 -3.14 -46.92 14.76
13:32:51 21.35 -2.76 -47.98 14.54
13:32:51 21.19 -2.44 -48.00 14.73
13:32:51 21.03 -2.79 -47.46 14.60
13:32:52 20.87 -2.62 -47.73 14.73
13:32:52 21.36 -2.95 -47.45 14.51
13:32:52 21.03 -2.95 -47.45 14.56
13:32:53 20.87 -2.76 -47.98 14.76
13:32:53 21.20 -3.11 -47.44 14.62
13:32:53 21.19 -3.26 -47.69 14.62
13:32:53 21.35 -2.94 -47.71 14.71
13:32:54 21.36 -2.79 -47.46 14.82
13:32:54 20.87 -2.62 -47.73 14.78
13:32:54 21.19 -2.63 -47.47 14.73
13:32:54 21.03 -2.63 -47.47 14.71
13:32:55 21.35 -2.76 -47.98 14.71
13:32:55 21.52 -2.81 -47.19 14.89
13:32:55 21.19 -2.62 -47.73 15.07
13:32:55 21.36 -2.79 -47.46 15.09
13:32:56 21.36 -2.65 -47.20 15.22
13:32:56 21.36 -2.49 -47.21 15.49
13:32:56 21.03 -2.18 -46.97 15.75
13:32:57 20.71 -2.36 -46.71 16.04
13:32:57 20.71 -2.02 -46.99 16.13
13:32:57 20.71 -2.02 -46.99 16.24
13:32:57 21.19 -2.01 -47.24 16.33
13:32:58 20.87 -1.88 -46.73 16.42
13:32:58 21.19 -1.72 -46.74 16.68
13:32:58 20.71 -2.02 -46.99 16.48
13:32:58 20.88 -1.92 -45.95 16.39
13:32:59 20.88 -2.52 -46.70 16.39
13:32:59 20.87 -1.86 -47.00 16.28
13:32:59 20.71 -1.88 -46.74 16.55
13:33:00 20.87 -1.88 -46.73 16.55
13:33:00 20.54 -1.84 -47.26 16.26
13:33:00 20.87 -2.01 -47.25 16.48
13:33:00 20.55 -2.04 -46.73 16.28
13:33:01 21.03 -1.88 -46.73 16.37
13:33:01 21.19 -2.04 -46.72 16.48
13:33:01 20.55 -1.91 -46.22 16.31
13:33:01 20.87 -1.86 -47.00 16.31
13:33:02 21.03 -1.53 -47.27 16.22
13:33:02 20.71 -2.01 -47.25 16.53
13:33:02 20.55 -2.05 -46.47 16.31
13:33:03 20.38 -1.86 -47.00 16.31
13:33:03 20.87 -2.02 -46.99 16.31
13:33:03 20.87 -2.02 -46.99 16.37
13:33:03 21.03 -2.04 -46.72 16.33
13:33:04 20.87 -1.69 -47.27 16.66
13:33:04 21.02 -1.67 -47.53 16.73
13:33:04 20.71 -2.04 -46.73 16.90
13:33:04 20.55 -1.73 -46.49 16.88
13:33:05 20.39 -1.59 -46.24 17.01
13:33:05 20.38 -1.55 -46.76 17.04
13:33:05 20.55 -1.88 -46.74 17.01
13:33:06 20.39 -1.57 -46.50 17.04
13:33:06 20.55 -1.57 -46.50 17.17
13:33:06 21.03 -1.09 -46.52 17.12
13:33:06 21.19 -1.72 -46.74 17.10
13:33:07 20.71 -1.40 -46.76 17.10
13:33:07 20.70 -1.54 -47.02 16.95
13:33:07 20.71 -1.43 -46.24 17.10
13:33:07 20.55 -1.59 -46.23 17.12
13:33:08 20.55 -1.57 -46.50 16.95
13:33:08 20.54 -1.70 -47.01 17.08
13:33:08 20.55 -1.56 -46.76 17.06
13:33:08 20.54 -1.22 -47.04 17.06
13:33:09 21.03 -1.08 -46.78 17.15
13:33:09 21.04 -1.75 -46.22 17.30
13:33:09 20.87 -1.70 -47.01 17.26
13:33:10 20.87 -1.73 -46.48 17.04
13:33:10 20.54 -1.84 -47.26 17.26
13:33:10 20.54 -1.40 -46.77 17.30
13:33:10 20.71 -1.57 -46.49 17.15
13:33:11 20.71 -1.88 -46.74 17.19
13:33:11 21.03 -1.38 -47.02 17.35
13:33:11 20.87 -1.27 -46.25 17.32
13:33:11 20.38 -1.39 -46.77 17.35
13:33:12 20.39 -1.59 -46.24 17.19
13:33:12 20.54 -1.67 -47.53 17.15
13:33:12 20.55 -1.57 -46.50 17.37
13:33:13 20.38 -1.23 -46.78 17.41
13:33:13 20.71 -1.56 -46.76 17.41
13:33:13 20.87 -1.27 -46.25 17.17
13:33:13 20.55 -1.43 -46.24 17.50
13:33:14 21.03 -1.88 -46.73 17.32
13:33:14 21.03 -1.57 -46.49 17.28
13:33:14 20.71 -1.41 -46.50 17.23
13:33:14 20.39 -1.11 -46.26 17.43
13:33:15 20.71 -0.93 -46.53 17.32
13:33:15 20.87 -1.41 -46.50 17.68
13:33:15 20.87 -1.25 -46.51 17.46
13:33:16 20.54 -1.38 -47.03 17.32
13:33:16 20.71 -0.96 -46.01 17.48
13:33:16 20.54 -1.24 -46.78 17.43
13:33:16 20.87 -1.40 -46.76 17.54
13:33:17 20.87 -1.24 -46.77 17.72
13:33:17 20.71 -1.09 -46.52 17.79
13:33:17 20.39 -1.41 -46.51 17.81
13:33:17 20.71 -1.72 -46.75 17.77
13:33:18 20.54 -1.38 -47.03 17.88
13:33:18 20.54 -1.22 -47.04 17.72
13:33:18 20.71 -1.72 -46.75 17.72
13:33:19 20.22 -1.22 -47.04 17.83
13:33:19 20.71 -1.25 -46.51 17.79
13:33:19 20.38 -1.39 -46.77 17.63
13:33:19 20.86 -1.06 -47.04 17.83
13:33:20 20.87 -0.80 -46.02 17.74
13:33:20 20.71 -1.12 -46.00 17.61
13:33:20 20.39 -1.28 -45.99 17.74
13:33:20 20.38 -1.23 -46.78 17.83
13:33:21 20.55 -0.95 -46.27 17.72
13:33:21 20.06 -0.93 -46.54 17.72
13:33:21 20.55 -1.11 -46.26 17.77
13:33:21 20.39 -1.41 -46.51 17.92
13:33:22 20.55 -1.25 -46.51 17.81
13:33:22 20.71 -1.09 -46.52 17.81
13:33:22 20.38 -1.55 -46.76 17.70
13:33:23 20.71 -1.60 -45.97 17.99
13:33:23 20.54 -1.09 -46.52 17.83
13:33:23 20.54 -0.79 -46.28 17.94
13:33:23 20.54 -0.93 -46.53 18.30
13:33:24 20.87 -0.95 -46.27 18.47
13:33:24 20.38 -0.59 -46.82 18.58
13:33:24 20.22 -0.80 -46.02 18.65
13:33:24 20.71 -0.96 -46.01 18.74
13:33:25 20.38 -0.79 -46.28 18.76
13:33:25 20.37 -0.42 -47.09 18.65
13:33:25 20.22 -0.94 -46.28 18.65
13:33:26 20.22 -0.78 -46.29 18.65
13:33:26 20.06 -0.62 -46.30 18.56
13:33:26 20.06 -0.77 -46.55 18.81
13:33:26 20.39 -0.80 -46.02 18.83
13:33:27 20.06 -0.33 -45.79 19.31
13:33:27 19.90 -0.67 -45.51 19.18
13:33:27 20.22 -0.35 -45.53 19.14
13:33:27 19.90 -0.17 -45.80 19.42
13:33:28 20.06 -0.01 -45.81 19.60
13:33:28 19.90 -0.17 -45.80 19.56
13:33:28 20.05 0.02 -46.34 19.71
13:33:29 20.06 -0.03 -45.55 19.60
13:33:29 19.89 0.47 -45.84 19.87
13:33:29 20.38 -0.32 -46.05 20.07
13:33:29 20.06 0.16 -46.08 20.09
13:33:30 20.22 0.27 -45.31 20.20
13:33:30 20.38 0.30 -45.83 20.46
13:33:30 20.06 0.29 -45.57 20.42
13:33:30 20.22 -0.02 -45.81 20.60
13:33:31 20.22 0.59 -45.33 20.75
13:33:31 20.06 0.27 -45.31 21.02
13:33:31 19.58 1.05 -44.84 21.08
13:33:32 19.57 0.90 -45.09 21.50
13:33:32 19.25 0.74 -45.08 21.59
13:33:32 19.57 0.76 -45.34 21.62
13:33:32 19.89 0.93 -45.61 21.75
13:33:33 19.41 1.22 -45.11 22.12
13:33:33 19.74 1.19 -44.59 22.12
13:33:33 19.74 1.37 -44.86 22.23
13:33:33 19.57 1.21 -44.85 22.35
13:33:34 19.89 1.38 -45.12 22.59
13:33:34 19.90 1.20 -44.85 22.72
13:33:34 19.57 1.83 -44.63 23.05
13:33:34 19.41 1.51 -44.61 22.90
13:33:35 19.74 1.65 -44.36 23.05
13:33:35 19.74 1.51 -44.61 23.12
13:33:35 19.57 1.88 -45.41 23.30
13:33:36 19.57 2.33 -44.92 23.41
13:33:36 19.09 2.30 -44.40 23.61
13:33:36 19.41 2.33 -44.92 23.94
13:33:36 19.08 2.33 -44.92 23.96
13:33:37 19.25 2.28 -44.14 23.96
13:33:37 19.25 2.15 -44.65 24.36
13:33:37 19.41 2.44 -44.15 24.45
13:33:37 18.76 2.62 -44.42 24.54
13:33:38 19.25 2.43 -43.89 24.54
13:33:38 19.57 2.60 -44.15 24.69
13:33:38 19.41 2.62 -44.42 24.91
13:33:39 19.24 2.97 -44.96 24.89
13:33:39 19.09 2.76 -44.17 24.98
13:33:39 18.93 2.75 -43.91 25.33
13:33:39 19.08 2.92 -44.18 25.71
13:33:40 19.10 2.54 -43.11 25.75
13:33:40 18.92 3.40 -44.21 25.75
13:33:40 18.92 3.23 -43.94 25.77
13:33:40 19.57 3.21 -43.67 25.86
13:33:41 18.93 3.05 -43.67 25.88
13:33:41 19.09 3.20 -43.41 25.82
13:33:41 19.25 3.05 -43.66 25.86
13:33:42 18.93 3.18 -43.15 26.06
13:33:42 18.92 3.55 -43.96 25.77
13:33:42 18.92 3.55 -43.96 26.28
13:33:42 19.09 3.37 -43.68 26.26
13:33:43 18.92 3.53 -43.70 26.33
13:33:43 18.77 3.36 -43.43 26.46
13:33:43 18.76 3.56 -44.22 26.31
13:33:43 18.77 3.36 -43.43 26.55
13:33:44 18.76 3.71 -43.97 26.68
13:33:44 19.08 3.71 -43.96 26.81
13:33:44 18.60 3.55 -43.96 26.81
13:33:45 18.60 3.53 -43.70 26.84
13:33:45 18.93 3.82 -43.19 26.70
13:33:45 18.44 3.84 -43.46 26.88
13:33:45 18.77 3.81 -42.93 26.99
13:33:46 18.44 3.38 -43.69 27.06
13:33:46 18.60 3.66 -43.19 27.12
13:33:46 18.92 4.17 -43.73 27.41
13:33:46 18.44 4.14 -43.22 27.39
13:33:47 18.60 3.98 -43.20 27.46
13:33:47 18.92 4.30 -43.22 27.65
13:33:47 18.43 4.18 -43.74 27.54
13:33:48 18.60 4.29 -42.96 27.77
13:33:48 18.76 3.82 -43.19 27.96
13:33:48 18.43 4.34 -43.75 27.96
13:33:48 18.93 4.43 -42.71 28.19
13:33:49 18.11 4.47 -43.24 28.32
13:33:49 18.76 4.59 -42.72 28.50
13:33:49 18.44 4.29 -42.96 28.56
13:33:49 18.44 4.59 -42.72 28.63
13:33:50 18.43 4.94 -43.26 28.65
13:33:50 18.28 4.59 -42.72 28.94
13:33:50 18.44 4.58 -42.46 28.92
13:33:51 18.60 4.91 -42.74 28.87
13:33:51 18.44 4.74 -42.47 29.07
13:33:51 18.11 4.95 -43.27 29.29
13:33:51 18.60 4.94 -43.26 29.25
13:33:52 18.11 5.40 -42.77 29.56
13:33:52 18.27 5.09 -43.01 29.54
13:33:52 18.12 4.90 -42.48 29.69
13:33:52 17.95 5.37 -42.25 29.73
13:33:53 18.28 5.38 -42.51 29.93
13:33:53 18.76 5.52 -42.26 30.40
13:33:53 18.27 5.39 -42.77 30.46
13:33:53 18.27 5.70 -42.53 30.91
13:33:54 18.27 5.70 -42.53 30.77
13:33:54 17.96 5.80 -41.50 30.82
13:33:54 18.12 5.80 -41.50 31.06
13:33:55 18.44 6.12 -41.51 31.02
13:33:55 17.95 6.01 -42.29 31.17
13:33:55 18.11 5.88 -42.80 31.24
13:33:55 18.11 6.00 -42.29 31.68
13:33:56 17.63 5.98 -41.77 31.37
13:33:56 18.27 6.15 -42.04 31.57
13:33:56 17.95 6.31 -42.05 31.50
13:33:56 17.78 6.34 -42.57 31.77
13:33:57 18.27 6.15 -42.04 31.86
13:33:57 17.96 6.58 -41.29 31.84
13:33:57 17.63 6.28 -41.53 31.90
13:33:58 18.28 6.10 -41.25 32.10
13:33:58 17.95 6.61 -41.81 32.23
13:33:58 18.44 6.60 -41.54 32.12
13:33:58 17.47 6.01 -42.30 32.15
13:33:59 18.27 6.61 -41.81 32.32
13:33:59 17.78 7.43 -42.12 32.52
13:33:59 17.95 6.76 -41.56 32.41
13:33:59 17.79 6.94 -41.83 32.35
13:34:00 17.79 6.42 -41.28 32.57
13:34:00 17.95 6.92 -41.57 32.63
13:34:00 18.11 6.61 -41.81 32.81
13:34:01 17.79 7.10 -41.84 32.59
13:34:01 18.11 6.96 -42.35 32.83
13:34:01 18.27 7.22 -41.32 33.10
13:34:01 17.63 7.37 -41.08 33.27
13:34:02 18.11 7.40 -41.59 33.23
13:34:02 18.11 7.25 -41.85 33.27
13:34:02 17.95 7.11 -42.10 33.23
13:34:02 17.79 7.06 -41.32 33.34
13:34:03 17.95 7.53 -41.08 33.41
13:34:03 17.95 7.85 -41.10 33.81
13:34:03 17.30 7.40 -41.60 33.61
13:34:03 17.79 7.08 -41.58 33.94
13:34:04 17.78 7.88 -41.63 34.00
13:34:04 17.79 7.38 -41.34 34.03
13:34:04 18.12 7.35 -40.81 34.00
13:34:05 17.63 7.55 -41.35 34.14
13:34:05 17.79 7.19 -40.80 34.09
13:34:05 18.27 7.86 -41.36 34.07
13:34:05 17.31 7.31 -40.03 34.23
13:34:06 17.63 7.37 -41.08 34.25
13:34:06 17.14 7.71 -41.36 34.73
13:34:06 17.46 8.03 -41.38 34.58
13:34:06 17.79 7.96 -40.33 34.49
13:34:07 17.79 7.83 -40.84 34.58
13:34:07 17.95 7.85 -41.10 34.51
13:34:07 17.78 8.18 -41.38 34.60
13:34:08 17.63 7.80 -40.32 34.67
13:34:08 18.27 8.01 -41.11 34.60
13:34:08 17.47 7.69 -41.10 34.54
13:34:08 17.95 7.85 -41.10 34.54
13:34:09 17.62 7.71 -41.36 34.67
13:34:09 18.27 7.86 -41.36 34.60
13:34:09 17.30 7.87 -41.37 34.47
13:34:09 17.63 7.67 -40.83 34.56
13:34:10 17.95 8.62 -40.63 34.62
13:34:10 17.79 7.83 -40.84 34.78
13:34:10 17.79 8.14 -40.60 35.00
13:34:11 17.63 8.15 -40.86 34.82
13:34:11 17.62 8.65 -41.15 34.82
13:34:11 17.63 8.30 -40.61 35.02
13:34:11 17.63 7.96 -40.33 35.04
13:34:12 17.79 7.83 -40.84 35.00
13:34:12 17.47 7.96 -40.33 34.87
13:34:12 17.30 8.17 -41.13 34.80
13:34:12 17.79 8.14 -40.60 34.98
13:34:13 17.47 8.00 -40.85 35.18
13:34:13 17.79 8.01 -41.11 34.96
13:34:13 17.63 7.96 -40.33 35.33
13:34:14 17.95 8.30 -40.61 35.24
13:34:14 17.79 7.99 -40.85 35.27
13:34:14 18.11 8.33 -41.13 35.09
13:34:14 17.63 8.15 -40.86 35.29
13:34:15 17.62 8.47 -40.88 35.38
13:34:15 17.63 8.27 -40.09 35.29
13:34:15 17.47 8.14 -40.60 35.42
13:34:15 17.79 8.28 -40.35 35.49
13:34:16 17.78 8.63 -40.89 35.40
13:34:16 17.46 8.35 -41.40 35.31
13:34:16 17.78 8.63 -40.89 35.38
13:34:16 17.62 8.33 -41.13 35.40
13:34:17 17.46 8.17 -41.13 35.38
13:34:17 17.47 8.28 -40.35 35.42
13:34:17 17.95 8.33 -41.13 35.38
13:34:18 17.79 8.17 -41.12 35.31
13:34:18 17.47 7.96 -40.33 35.40
13:34:18 17.79 8.31 -40.87 35.66
13:34:18 17.46 8.01 -41.12 35.49
13:34:19 18.11 8.15 -40.86 36.00
13:34:19 17.95 8.59 -40.11 35.95
13:34:19 17.62 8.63 -40.89 36.06
13:34:19 17.47 8.75 -40.12 36.04
13:34:20 16.98 8.59 -40.11 36.24
13:34:20 17.30 8.78 -40.64 36.28
13:34:20 17.63 8.59 -40.11 36.48
13:34:21 17.46 9.07 -40.14 36.37
13:34:21 17.47 8.60 -40.37 36.73
13:34:21 17.63 8.91 -40.13 36.62
13:34:21 17.30 8.77 -40.38 36.70
13:34:22 17.95 9.08 -40.40 36.73
13:34:22 17.79 8.73 -39.86 36.81
13:34:22 17.31 8.57 -39.85 36.92
13:34:22 17.63 9.20 -39.62 37.01
13:34:23 17.95 8.75 -40.12 36.90
13:34:23 17.47 8.44 -40.36 36.86
13:34:23 16.98 9.09 -40.40 37.17
13:34:24 17.31 9.20 -39.63 37.17
13:34:24 17.47 9.05 -39.88 37.28
13:34:24 17.47 9.36 -39.64 37.48
13:34:24 17.47 9.21 -39.89 37.83
13:34:25 16.98 9.36 -39.64 37.72
13:34:25 17.47 8.91 -40.13 37.85
13:34:25 17.30 9.21 -39.89 37.96
13:34:25 17.15 9.50 -39.39 37.96
13:34:26 17.30 9.53 -39.91 38.14
13:34:26 17.30 9.53 -39.91 38.23
13:34:26 17.31 9.81 -39.14 38.25
13:34:27 17.63 9.52 -39.64 38.47
13:34:27 17.30 9.52 -39.65 38.34
13:34:27 17.31 9.81 -39.14 38.65
13:34:27 17.63 9.79 -38.88 38.72
13:34:28 17.47 9.82 -39.40 38.63
13:34:28 17.63 9.50 -39.38 38.52
13:34:28 17.30 9.84 -39.67 38.56
13:34:28 16.98 9.50 -39.39 38.50
13:34:29 17.47 9.81 -39.14 38.52
13:34:29 17.46 9.37 -39.90 38.36
13:34:29 16.98 10.29 -39.18 38.47
13:34:29 17.63 9.50 -39.38 38.32
13:34:30 17.63 9.53 -39.91 38.19
13:34:30 17.14 9.84 -39.67 38.30
13:34:30 17.31 9.65 -39.13 38.67
13:34:31 17.32 9.42 -38.08 38.45
13:34:31 17.14 10.32 -39.70 38.74
13:34:31 17.15 9.81 -39.15 38.47
13:34:31 17.63 9.95 -38.89 38.72
13:34:32 16.98 10.00 -39.68 38.83
13:34:32 16.97 9.87 -40.19 38.58
13:34:32 17.47 9.82 -39.40 38.67
13:34:32 16.98 10.00 -39.68 38.72
13:34:33 16.98 10.00 -39.68 38.74
13:34:33 17.14 9.84 -39.67 38.83
13:34:33 17.14 10.13 -39.16 39.00
13:34:34 16.98 9.98 -39.42 39.00
13:34:34 17.30 9.84 -39.67 39.20
13:34:34 17.15 10.08 -38.38 39.20
13:34:34 16.98 10.11 -38.91 39.14
13:34:35 17.63 10.27 -38.91 39.34
13:34:35 17.15 10.10 -38.64 39.42
13:34:35 17.15 10.26 -38.65 39.58
13:34:35 17.47 9.95 -38.89 39.73
13:34:36 16.99 9.94 -38.63 39.73
13:34:36 16.98 10.43 -38.92 39.47
13:34:36 16.82 10.13 -39.17 39.76
13:34:37 17.14 9.98 -39.42 39.71
13:34:37 17.14 9.97 -39.16 39.98
13:34:37 16.82 9.95 -38.90 39.87
13:34:37 17.31 10.58 -38.67 39.87
13:34:38 17.14 10.43 -38.92 40.00
13:34:38 16.82 10.31 -39.44 40.07
13:34:38 16.81 10.18 -39.95 39.98
13:34:38 17.30 10.75 -38.94 40.04
13:34:39 16.99 10.24 -38.39 40.11
13:34:39 17.62 10.91 -38.95 40.04
13:34:39 17.14 10.74 -38.68 40.33
13:34:40 16.98 10.77 -39.20 40.40
13:34:40 16.66 10.72 -38.42 40.51
13:34:40 16.98 10.72 -38.42 40.42
13:34:40 17.15 10.72 -38.42 40.44
13:34:41 16.97 10.94 -39.48 40.44
13:34:41 16.98 10.72 -38.42 40.51
13:34:41 16.82 10.26 -38.66 40.49
13:34:41 17.31 10.58 -38.67 40.60
13:34:42 16.98 10.42 -38.66 40.33
13:34:42 16.98 10.77 -39.20 40.44
13:34:42 17.47 10.59 -38.93 40.33
13:34:43 17.13 10.80 -39.73 40.46
13:34:43 16.50 10.74 -38.69 40.58
13:34:43 16.82 10.58 -38.67 40.84
13:34:43 16.82 10.88 -38.43 40.73
13:34:44 17.14 11.22 -38.71 40.80
13:34:44 16.82 11.20 -38.45 41.02
13:34:44 16.98 11.38 -38.72 41.17
13:34:44 16.65 11.40 -38.99 41.08
13:34:45 16.82 11.20 -38.45 41.24
13:34:45 16.66 11.17 -37.93 41.28
13:34:45 16.50 11.14 -37.41 41.28
13:34:45 16.66 11.35 -38.20 41.50
13:34:46 16.66 11.19 -38.19 41.48
13:34:46 16.98 11.19 -38.19 41.66
13:34:46 16.99 11.17 -37.93 41.81
13:34:47 16.82 11.35 -38.20 41.77
13:34:47 16.82 11.20 -38.45 41.66
13:34:47 16.82 11.33 -37.94 41.75
13:34:47 16.82 11.17 -37.93 41.64
13:34:48 16.82 11.38 -38.72 41.48
13:34:48 16.98 11.35 -38.20 41.57
13:34:48 16.49 11.22 -38.72 41.48
13:34:48 17.14 11.07 -38.96 41.19
13:34:49 16.66 11.36 -38.46 41.26
13:34:49 16.98 11.20 -38.45 41.59
13:34:49 16.98 11.20 -38.45 41.55
13:34:50 16.34 11.34 -37.94 41.79
13:34:50 16.98 10.74 -38.68 41.84
13:34:50 16.49 11.24 -38.98 41.73
13:34:50 16.50 11.49 -37.95 41.75
13:34:51 17.15 11.14 -37.40 41.53
13:34:51 16.66 10.85 -37.91 41.64
13:34:51 16.82 11.35 -38.20 41.64
13:34:51 16.66 11.32 -37.68 41.84
13:34:52 16.98 11.20 -38.45 41.62
13:34:52 16.98 11.35 -38.20 41.75
13:34:52 16.98 11.03 -38.18 41.50
13:34:53 17.14 11.23 -38.97 41.70
13:34:53 16.83 11.00 -37.66 41.88
13:34:53 17.15 10.85 -37.91 41.90
13:34:53 17.30 11.36 -38.46 41.81
13:34:54 16.98 11.68 -38.48 41.77
13:34:54 16.66 11.35 -38.20 42.12
13:34:54 16.50 11.03 -38.18 42.32
13:34:54 16.82 11.68 -38.48 42.37
13:34:55 16.98 11.96 -37.72 42.21
13:34:55 16.33 11.82 -37.97 42.52
13:34:55 16.82 11.52 -38.47 42.32
13:34:56 16.50 11.78 -37.45 42.39
13:34:56 16.66 11.51 -38.21 42.79
13:34:56 16.98 11.81 -37.97 42.41
13:34:56 16.82 11.64 -37.70 42.43
13:34:57 16.50 11.81 -37.97 42.41
13:34:57 16.82 11.99 -38.24 42.43
13:34:57 16.65 11.68 -38.48 42.61
13:34:57 16.66 11.65 -37.96 42.41
13:34:58 16.65 12.00 -38.50 42.43
13:34:58 16.66 11.67 -38.22 42.54
13:34:58 16.82 11.67 -38.22 42.61
13:34:58 16.98 11.68 -38.48 42.74
13:34:59 16.98 11.84 -38.49 42.70
13:34:59 16.82 11.65 -37.96 42.85
13:34:59 16.82 11.65 -37.96 42.88
13:35:00 16.33 11.99 -38.24 42.74
13:35:00 16.98 11.97 -37.98 42.54
13:35:00 16.99 11.30 -37.42 42.94
13:35:00 16.98 11.64 -37.70 42.72
13:35:01 16.82 11.96 -37.72 42.77
13:35:01 16.66 11.97 -37.98 42.81
13:35:01 16.66 11.97 -37.98 42.81
13:35:01 16.82 11.65 -37.96 42.83
13:35:02 16.99 11.78 -37.44 42.74
13:35:02 16.82 11.97 -37.98 43.10
13:35:02 16.50 11.94 -37.46 43.10
13:35:03 16.66 11.97 -37.98 42.72
13:35:03 17.30 11.98 -38.23 43.08
13:35:03 16.97 12.16 -38.51 42.74
13:35:03 16.98 11.80 -37.71 42.94
13:35:04 16.49 12.47 -38.27 43.10
13:35:04 16.98 12.12 -37.73 43.14
13:35:04 16.81 12.31 -38.26 43.05
13:35:04 16.98 12.12 -37.73 43.34
13:35:05 16.82 12.13 -37.99 43.25
13:35:05 16.82 12.28 -37.74 43.25
13:35:05 16.81 12.32 -38.52 43.27
13:35:06 16.81 12.19 -39.03 43.36
13:35:06 16.18 11.80 -37.71 43.30
13:35:06 16.50 12.12 -37.73 43.56
13:35:06 16.98 12.40 -37.22 43.47
13:35:07 16.66 12.13 -37.99 43.58
13:35:07 16.65 12.60 -37.76 43.52
13:35:07 16.98 12.42 -37.48 43.61
13:35:07 16.82 12.12 -37.73 43.65
13:35:08 16.34 12.41 -37.23 43.76
13:35:08 16.66 12.10 -37.47 43.72
13:35:08 16.50 12.28 -37.74 43.65
13:35:09 16.82 12.76 -37.77 43.72
13:35:09 16.34 12.09 -37.21 43.56
13:35:09 16.82 11.97 -37.98 43.56
13:35:09 16.98 12.56 -37.23 43.69
13:35:10 16.49 12.90 -37.52 43.81
13:35:10 16.49 12.60 -37.76 44.00
13:35:10 16.81 12.79 -38.29 44.05
13:35:10 16.66 12.13 -37.99 44.09
13:35:11 16.82 12.29 -38.00 43.85
13:35:11 16.82 12.57 -37.23 44.03
13:35:11 16.82 12.44 -37.75 44.05
13:35:12 16.66 12.12 -37.73 43.89
13:35:12 16.82 12.90 -37.51 44.05
13:35:12 16.98 12.76 -37.76 43.87
13:35:12 16.49 12.77 -38.03 43.76
13:35:13 16.66 13.05 -37.26 43.83
13:35:13 16.50 12.25 -37.22 43.72
13:35:13 16.34 12.26 -37.48 43.63
13:35:13 16.98 12.72 -37.24 43.65
13:35:14 16.34 12.23 -36.96 43.74
13:35:14 16.50 11.78 -37.45 43.81
13:35:14 16.49 12.81 -38.55 43.85
13:35:14 16.66 12.57 -37.23 43.61
13:35:15 16.33 12.42 -37.49 43.58
13:35:15 16.66 12.26 -37.48 43.61
13:35:15 16.33 12.76 -37.77 43.47
13:35:16 16.98 12.45 -38.01 43.52
13:35:16 16.49 12.17 -38.51 43.69
13:35:16 16.81 12.63 -38.28 43.72
13:35:16 16.65 12.45 -38.01 43.45
13:35:17 16.98 12.76 -37.76 43.36
13:35:17 16.82 12.45 -38.01 43.47
13:35:17 16.98 12.10 -37.46 43.65
13:35:17 16.82 12.42 -37.48 43.67
13:35:18 16.66 12.12 -37.73 43.74
13:35:18 16.50 11.96 -37.72 43.45
13:35:18 16.82 11.94 -37.46 43.63
13:35:19 16.82 11.94 -37.46 43.54
13:35:19 16.98 12.10 -37.46 43.54
13:35:19 16.66 12.10 -37.47 43.58
13:35:19 16.66 12.42 -37.49 43.63
13:35:20 16.82 11.96 -37.72 43.43
13:35:20 16.98 11.94 -37.45 43.67
13:35:20 16.50 12.28 -37.74 43.54
13:35:20 16.65 12.31 -38.26 43.41
13:35:21 16.98 12.10 -37.46 43.52
13:35:21 16.50 12.26 -37.48 43.30
13:35:21 17.30 12.27 -37.73 43.19
13:35:22 16.33 12.18 -38.78 43.47
13:35:22 16.50 12.12 -37.73 43.27
13:35:22 16.98 11.80 -37.71 43.45
13:35:22 16.49 12.13 -37.99 43.16
13:35:23 16.82 11.83 -38.23 43.10
13:35:23 16.49 12.13 -37.99 43.03
13:35:23 16.82 12.12 -37.73 43.10
13:35:23 16.82 12.42 -37.48 43.03
13:35:24 16.49 11.86 -38.75 43.23
13:35:24 16.81 12.32 -38.52 42.96
13:35:24 16.65 11.84 -38.49 43.14
13:35:25 16.65 11.99 -38.24 43.05
13:35:25 17.46 11.97 -37.97 43.27
13:35:25 16.81 12.79 -38.29 43.34
13:35:25 17.30 12.32 -38.52 43.41
13:35:26 16.50 11.94 -37.46 43.43
13:35:26 16.33 12.42 -37.49 43.58
13:35:26 16.82 12.60 -37.76 43.81
13:35:26 16.17 11.98 -37.98 43.92
13:35:27 16.66 12.12 -37.73 43.58
13:35:27 16.34 12.41 -37.23 43.76
13:35:27 16.66 12.58 -37.50 43.78
13:35:27 16.82 12.44 -37.75 44.00
13:35:28 16.49 12.60 -37.76 44.25
13:35:28 16.65 12.45 -38.01 44.20
13:35:28 16.49 12.76 -37.77 43.96
13:35:29 16.82 12.74 -37.50 44.40
13:35:29 16.50 12.73 -37.25 44.25
13:35:29 16.50 12.26 -37.48 44.25
13:35:29 16.81 12.93 -38.04 44.18
13:35:30 17.29 13.25 -38.05 44.27
13:35:30 17.14 12.75 -37.76 44.51
13:35:30 16.50 12.87 -36.99 44.60
13:35:30 16.82 12.74 -37.50 44.54
13:35:31 16.65 12.76 -37.77 44.56
13:35:31 16.49 12.92 -37.78 44.58
13:35:31 16.66 12.58 -37.50 44.40
13:35:32 16.65 13.37 -37.28 44.78
13:35:32 16.98 13.06 -37.52 44.89
13:35:32 17.14 12.74 -37.50 45.00
13:35:32 16.82 13.37 -37.28 45.04
13:35:33 16.98 12.87 -36.99 44.80
13:35:33 16.50 12.89 -37.26 44.82
13:35:33 16.66 13.50 -36.77 45.18
13:35:33 17.14 12.88 -37.25 45.18
13:35:34 16.17 13.51 -37.04 45.22
13:35:34 16.82 12.71 -36.98 45.35
13:35:34 16.33 13.05 -37.27 45.58
13:35:35 16.66 13.46 -36.25 45.64
13:35:35 16.33 13.37 -37.29 45.38
13:35:35 16.65 13.53 -37.29 45.53
13:35:35 16.66 13.03 -37.00 45.66
13:35:36 16.34 13.64 -36.52 45.66
13:35:36 16.18 13.32 -36.50 45.53
13:35:36 16.50 13.19 -37.01 45.51
13:35:36 16.66 13.50 -36.77 45.73
