14:38:55 18.28 -1.71 -47.85 12.63
14:38:56 18.28 -1.69 -48.37 12.46
14:38:56 18.45 -1.56 -47.59 12.61
14:38:56 18.61 -1.69 -48.37 12.63
14:38:56 18.61 -1.86 -48.10 12.68
14:38:57 18.45 -1.55 -47.85 12.57
14:38:57 18.77 -1.54 -48.11 12.50
14:38:57 18.61 -1.87 -47.84 12.83
14:38:57 18.45 -1.87 -47.84 12.63
14:38:58 18.28 -1.40 -47.86 12.83
14:38:58 18.45 -1.70 -48.11 12.70
14:38:58 18.45 -1.86 -48.10 12.88
14:38:59 18.29 -1.72 -47.59 12.79
14:38:59 18.61 -1.57 -47.33 12.94
14:38:59 18.77 -1.59 -47.07 12.99
14:38:59 18.29 -1.59 -46.81 12.77
14:39:00 18.77 -1.42 -47.34 12.88
14:39:00 17.96 -1.41 -47.60 12.74
14:39:00 18.28 -1.56 -47.59 12.90
14:39:00 18.61 -1.24 -47.87 13.05
14:39:01 18.45 -1.09 -47.61 13.30
14:39:01 18.45 -1.25 -47.61 13.34
14:39:01 18.61 -1.24 -47.87 13.45
14:39:02 18.44 -0.93 -47.62 13.58
14:39:02 18.12 -1.08 -47.87 13.81
14:39:02 18.61 -0.92 -47.88 13.92
14:39:02 18.28 -0.93 -47.62 14.16
14:39:03 18.12 -0.93 -47.62 13.92
14:39:03 18.44 -0.77 -47.62 14.16
14:39:03 18.44 -0.80 -47.11 14.14
14:39:03 18.44 -0.82 -46.59 14.31
14:39:04 18.61 -1.12 -46.83 14.29
14:39:04 18.61 -0.79 -47.36 14.51
14:39:04 18.28 -0.64 -47.11 14.76
14:39:05 18.44 -0.63 -47.37 15.15
14:39:05 18.44 -0.50 -46.60 15.02
14:39:05 18.60 -0.31 -47.38 15.31
14:39:05 18.12 -0.32 -47.12 15.33
14:39:06 17.96 -0.17 -46.87 15.55
14:39:06 18.60 -0.17 -46.87 15.62
14:39:06 18.28 -0.00 -47.14 15.66
14:39:06 18.12 -0.18 -46.61 15.75
14:39:07 18.12 0.29 -46.63 15.64
14:39:07 18.44 0.14 -46.88 15.64
14:39:07 18.28 -0.18 -46.61 15.62
14:39:08 18.28 0.13 -46.62 15.91
14:39:08 18.28 0.29 -46.63 15.91
14:39:08 18.44 0.31 -47.15 16.22
14:39:08 18.44 0.30 -46.89 16.13
14:39:09 18.28 0.14 -46.88 16.19
14:39:09 18.28 0.62 -46.90 16.26
14:39:09 18.28 0.62 -46.90 16.02
14:39:09 18.44 0.78 -47.17 16.02
14:39:10 18.28 0.47 -47.16 16.00
14:39:10 18.60 0.14 -46.88 16.22
14:39:10 17.96 -0.02 -46.62 16.00
14:39:11 18.28 0.29 -46.63 16.04
14:39:11 18.60 -0.02 -46.88 16.24
14:39:11 18.28 0.31 -47.15 16.28
14:39:11 18.76 0.45 -46.64 16.35
14:39:12 18.44 0.27 -46.11 16.46
14:39:12 18.44 0.45 -46.64 16.39
14:39:12 18.28 0.30 -46.89 16.33
14:39:12 18.28 0.61 -46.64 16.44
14:39:13 18.12 0.46 -46.90 16.68
14:39:13 18.12 0.61 -46.64 16.57
14:39:13 18.12 0.59 -46.12 16.57
14:39:13 18.12 0.76 -46.65 16.62
14:39:14 18.60 0.46 -46.90 16.64
14:39:14 18.28 0.63 -47.16 16.64
14:39:14 18.93 0.60 -46.64 16.53
14:39:15 17.96 0.61 -46.64 16.55
14:39:15 18.28 0.60 -46.38 16.44
14:39:15 18.76 0.63 -47.16 16.59
14:39:15 18.12 1.08 -46.66 16.73
14:39:16 18.12 0.77 -46.91 16.86
14:39:16 18.12 0.62 -46.90 16.92
14:39:16 18.60 0.28 -46.37 16.84
14:39:16 18.44 0.74 -46.13 16.84
14:39:17 18.12 0.76 -46.65 16.84
14:39:17 18.28 0.59 -46.12 17.08
14:39:17 18.28 0.75 -46.39 17.28
14:39:18 18.44 0.75 -46.39 17.35
14:39:18 18.28 1.08 -46.66 17.48
14:39:18 18.12 1.07 -46.40 17.63
14:39:18 18.12 0.94 -47.18 17.68
14:39:19 18.60 1.39 -46.41 17.68
14:39:19 18.60 0.76 -46.65 17.65
14:39:19 17.96 1.07 -46.40 17.57
14:39:19 18.60 1.07 -46.40 17.68
14:39:20 18.60 1.06 -46.14 17.54
14:39:20 18.60 0.74 -46.13 17.46
14:39:20 18.12 0.91 -46.40 17.77
14:39:21 18.60 1.23 -46.41 17.72
14:39:21 18.12 1.42 -47.19 17.48
14:39:21 18.44 0.92 -46.66 17.90
14:39:21 18.12 1.21 -45.89 17.81
14:39:22 18.12 1.24 -46.67 17.81
14:39:22 17.96 1.07 -46.40 17.90
14:39:22 18.28 1.23 -46.41 17.99
14:39:22 17.96 1.07 -46.40 17.92
14:39:23 17.96 1.25 -46.93 17.92
14:39:23 18.60 1.24 -46.67 17.90
14:39:23 18.44 1.40 -46.67 17.94
14:39:24 18.12 1.37 -45.90 18.05
14:39:24 18.44 1.23 -46.41 18.08
14:39:24 18.44 1.40 -46.67 18.05
14:39:24 18.28 1.09 -46.92 18.30
14:39:25 18.12 1.68 -45.91 18.56
14:39:25 18.44 1.70 -46.43 18.67
14:39:25 17.95 1.87 -46.69 18.92
14:39:25 18.60 1.37 -46.15 18.94
14:39:26 18.44 1.53 -46.16 18.85
14:39:26 18.12 1.85 -46.17 18.89
14:39:26 18.28 1.52 -45.90 18.98
14:39:26 18.28 1.71 -46.69 18.96
14:39:27 18.44 1.70 -46.43 18.94
14:39:27 18.28 1.85 -46.17 18.98
14:39:27 18.44 2.18 -46.45 19.12
14:39:28 18.44 2.01 -46.18 19.18
14:39:28 18.44 2.00 -45.92 19.47
14:39:28 18.76 2.01 -46.18 19.73
14:39:28 18.92 1.83 -45.65 19.89
14:39:29 18.44 2.48 -46.20 20.18
14:39:29 18.28 2.31 -45.93 20.44
14:39:29 18.28 2.33 -46.45 20.60
14:39:29 18.11 2.78 -45.69 20.88
14:39:30 18.92 2.47 -45.94 20.88
14:39:30 18.28 2.76 -45.17 20.97
14:39:30 18.44 3.41 -45.72 21.00
14:39:31 18.60 3.26 -45.97 21.11
14:39:31 18.11 3.23 -45.19 21.11
14:39:31 18.76 2.43 -44.90 21.33
14:39:31 18.11 3.41 -45.72 21.39
14:39:32 18.44 3.27 -46.23 21.42
14:39:32 18.11 3.24 -45.45 21.77
14:39:32 18.11 3.42 -45.98 21.81
14:39:32 18.60 3.22 -44.93 21.92
14:39:33 18.27 3.40 -45.46 22.10
14:39:33 18.60 3.26 -45.97 22.26
14:39:33 18.27 3.58 -45.98 22.19
14:39:34 18.27 3.24 -45.45 22.30
14:39:34 18.27 4.04 -45.74 22.48
14:39:34 18.43 3.57 -45.72 22.70
14:39:34 18.11 3.55 -45.20 22.77
14:39:35 18.60 3.85 -44.96 22.81
14:39:35 18.11 3.38 -44.94 22.81
14:39:35 17.95 4.02 -45.22 22.83
14:39:35 18.60 3.87 -45.48 22.88
14:39:36 18.11 3.69 -44.95 22.94
14:39:36 18.27 4.18 -45.23 23.08
14:39:36 17.79 3.85 -44.96 23.08
14:39:37 18.60 3.88 -45.74 23.05
14:39:37 18.27 3.68 -44.69 23.01
14:39:37 17.95 3.69 -44.95 23.19
14:39:37 18.76 3.86 -45.22 23.16
14:39:38 18.43 3.85 -44.96 23.43
14:39:38 18.11 4.33 -44.98 23.63
14:39:38 18.11 4.03 -45.48 23.87
14:39:38 18.27 4.15 -44.45 24.18
14:39:39 18.11 4.48 -44.98 24.00
14:39:39 17.79 3.70 -45.21 24.00
14:39:39 18.27 4.80 -45.00 23.78
14:39:39 18.43 4.31 -44.72 23.78
14:39:40 18.43 4.83 -45.78 23.58
14:39:40 18.43 4.30 -44.46 23.85
14:39:40 18.43 4.46 -44.46 23.76
14:39:41 18.43 4.32 -44.98 23.87
14:39:41 17.79 3.83 -44.44 23.83
14:39:41 18.43 4.62 -44.47 23.85
14:39:41 18.11 4.31 -44.46 23.65
14:39:42 18.59 4.35 -45.50 23.78
14:39:42 18.11 4.33 -44.98 23.96
14:39:42 18.43 4.17 -44.97 23.83
14:39:42 18.11 4.18 -45.23 24.16
14:39:43 18.43 4.63 -44.73 24.07
14:39:43 18.59 4.46 -44.46 24.23
14:39:43 18.59 4.63 -44.73 24.38
14:39:44 17.95 4.49 -45.24 24.31
14:39:44 18.27 4.47 -44.72 24.45
14:39:44 18.11 4.64 -44.99 24.31
14:39:44 18.27 4.47 -44.72 24.42
14:39:45 18.27 4.48 -44.98 24.31
14:39:45 17.95 5.11 -44.75 24.18
14:39:45 17.79 4.15 -44.45 24.03
14:39:45 18.43 4.47 -44.72 24.29
14:39:46 18.27 4.77 -44.22 24.18
14:39:46 18.27 4.48 -44.98 24.42
14:39:46 18.11 4.65 -45.25 24.56
14:39:47 17.95 4.78 -44.48 24.67
14:39:47 18.59 4.61 -44.21 24.67
14:39:47 18.43 4.64 -44.99 24.58
14:39:47 18.43 4.78 -44.48 24.65
14:39:48 18.92 4.62 -44.47 24.62
14:39:48 18.27 4.78 -44.48 24.67
14:39:48 17.95 4.78 -44.48 24.87
14:39:48 17.95 4.49 -45.24 24.69
14:39:49 18.43 5.10 -44.75 24.65
14:39:49 18.59 4.78 -44.48 24.67
14:39:49 18.43 4.78 -44.48 24.87
14:39:50 18.27 5.26 -44.76 25.04
14:39:50 18.27 5.25 -44.50 25.15
14:39:50 18.59 5.07 -43.97 25.35
14:39:50 18.27 4.95 -44.74 25.27
14:39:51 17.78 5.42 -44.76 25.62
14:39:51 18.43 5.08 -44.23 25.44
14:39:51 18.43 4.95 -44.74 25.53
14:39:51 18.27 5.08 -44.23 25.40
14:39:52 18.43 5.10 -44.75 25.42
14:39:52 17.95 5.25 -44.50 25.69
14:39:52 18.11 5.08 -44.23 25.64
14:39:53 18.43 5.07 -43.97 25.49
14:39:53 18.27 4.92 -43.96 25.73
14:39:53 18.43 5.24 -44.24 25.97
14:39:53 18.11 5.57 -44.51 26.11
14:39:54 18.11 5.39 -43.98 26.44
14:39:54 18.27 5.86 -44.00 26.59
14:39:54 18.75 5.53 -43.47 26.55
14:39:54 18.27 5.71 -43.99 26.77
14:39:55 18.11 5.87 -44.26 27.08
14:39:55 18.59 6.19 -44.27 27.12
14:39:55 18.27 5.55 -43.99 27.41
14:39:55 18.27 6.03 -44.27 27.39
14:39:56 18.43 5.85 -43.74 27.35
14:39:56 18.27 6.17 -43.75 27.46
14:39:56 17.78 6.33 -43.76 27.72
14:39:57 18.43 6.35 -44.28 27.77
14:39:57 18.27 6.52 -44.55 27.88
14:39:57 18.27 6.61 -42.99 27.81
14:39:57 18.59 6.33 -43.76 28.01
14:39:58 18.27 6.17 -43.75 28.23
14:39:58 18.27 6.63 -43.51 28.41
14:39:58 18.11 6.49 -43.77 28.45
14:39:58 18.43 6.15 -43.23 28.41
14:39:59 17.78 6.18 -44.01 28.45
14:39:59 18.43 6.79 -43.52 28.58
14:39:59 18.43 6.63 -43.51 28.65
14:40:00 18.10 6.64 -43.77 28.83
14:40:00 18.11 6.30 -42.98 28.78
14:40:00 18.27 6.61 -42.99 28.81
14:40:00 17.94 7.10 -43.27 29.07
14:40:01 18.10 7.27 -43.54 29.40
14:40:01 18.43 7.10 -43.27 29.29
14:40:01 18.59 7.26 -43.54 29.49
14:40:01 18.27 7.25 -43.28 29.65
14:40:02 18.27 6.77 -43.00 29.49
14:40:02 18.59 7.41 -43.28 29.62
14:40:02 18.59 6.77 -43.00 29.58
14:40:03 18.59 7.41 -43.28 29.58
14:40:03 18.75 7.38 -42.51 29.54
14:40:03 18.26 7.55 -42.77 29.78
14:40:03 18.10 7.43 -43.80 29.82
14:40:04 18.43 7.56 -43.03 30.09
14:40:04 18.75 7.72 -43.04 30.18
14:40:04 18.43 7.71 -42.78 30.75
14:40:04 18.42 8.04 -43.31 30.88
14:40:05 18.26 7.55 -42.77 30.93
14:40:05 18.26 8.01 -42.53 31.15
14:40:05 18.59 7.53 -42.25 31.19
14:40:06 18.26 7.69 -42.26 31.17
14:40:06 18.43 7.73 -43.30 31.17
14:40:06 18.10 8.19 -43.06 31.31
14:40:06 18.42 8.17 -42.54 31.17
14:40:07 18.59 8.02 -42.79 31.24
14:40:07 18.27 7.53 -42.25 31.28
14:40:07 17.94 8.03 -43.05 31.19
14:40:07 18.42 8.20 -43.32 31.26
14:40:08 18.26 7.88 -43.04 31.26
14:40:08 18.10 7.56 -43.03 31.26
14:40:08 18.10 7.56 -43.03 31.26
14:40:09 18.42 8.04 -43.31 31.55
14:40:09 18.26 7.54 -42.51 31.48
14:40:09 18.43 7.84 -42.26 31.33
14:40:09 18.26 8.02 -42.79 31.57
14:40:10 18.75 8.02 -42.79 31.35
14:40:10 18.10 8.01 -42.53 31.35
14:40:10 18.42 8.34 -42.80 31.68
14:40:10 18.26 8.01 -42.53 31.70
14:40:11 18.59 8.02 -42.79 32.10
14:40:11 18.59 7.70 -42.52 32.28
14:40:11 18.26 8.64 -42.30 32.28
14:40:12 18.59 8.49 -42.55 32.68
14:40:12 18.26 8.64 -42.30 32.68
14:40:12 18.75 8.79 -42.30 32.83
14:40:12 18.42 9.09 -41.80 32.96
14:40:13 18.26 8.65 -42.56 33.05
14:40:13 18.75 9.27 -42.32 33.43
14:40:13 18.91 8.79 -42.30 33.45
14:40:13 18.26 8.46 -41.77 33.61
14:40:14 18.58 9.11 -42.32 33.87
14:40:14 18.58 9.39 -41.55 33.98
14:40:14 18.42 9.10 -42.06 34.09
14:40:14 18.91 8.95 -42.31 34.09
14:40:15 18.75 9.42 -42.33 34.29
14:40:15 18.10 9.25 -41.80 34.38
14:40:15 18.91 9.24 -41.80 34.34
14:40:16 18.42 9.72 -41.82 34.38
14:40:16 18.58 9.55 -41.55 34.38
14:40:16 18.58 9.24 -41.54 34.54
14:40:16 18.74 9.73 -42.08 34.42
14:40:17 18.42 9.70 -41.30 34.58
14:40:17 18.75 9.56 -41.81 34.56
14:40:17 18.10 10.04 -41.83 34.45
14:40:17 19.07 9.70 -41.30 34.62
14:40:18 18.26 9.41 -42.07 34.49
14:40:18 18.42 9.09 -41.80 34.54
14:40:18 18.91 9.58 -42.33 34.31
14:40:19 18.75 9.26 -42.06 34.51
14:40:19 18.58 9.55 -41.55 34.49
14:40:19 18.42 9.72 -41.82 34.60
14:40:19 18.42 9.72 -41.82 34.82
14:40:20 18.74 9.73 -42.08 35.11
14:40:20 18.26 9.87 -41.57 35.20
14:40:20 18.42 10.18 -41.58 35.33
14:40:20 18.42 10.50 -41.59 35.62
14:40:21 18.90 10.34 -41.59 35.77
14:40:21 18.74 10.33 -41.33 35.73
14:40:21 18.26 10.17 -41.32 35.88
14:40:21 18.42 9.87 -41.57 35.73
14:40:22 18.90 10.34 -41.59 35.73
14:40:22 18.58 10.49 -41.33 36.06
14:40:22 18.74 10.18 -41.58 35.88
14:40:23 18.42 10.49 -41.33 36.17
14:40:23 18.58 10.49 -41.33 36.28
14:40:23 18.74 10.49 -41.33 36.50
14:40:23 18.42 10.48 -41.07 36.79
14:40:24 18.74 10.32 -41.07 36.88
14:40:24 18.42 10.96 -41.35 37.10
14:40:24 18.58 10.97 -41.61 37.19
14:40:25 19.06 11.28 -41.37 37.46
14:40:25 18.42 10.80 -41.35 37.39
14:40:25 19.06 11.09 -40.58 37.70
14:40:25 18.74 10.95 -41.09 37.83
14:40:26 18.58 11.12 -41.36 37.77
14:40:26 18.90 11.42 -40.85 38.01
14:40:26 18.58 10.93 -40.57 37.79
14:40:26 18.74 11.26 -40.85 37.99
14:40:27 18.74 11.38 -40.07 38.25
14:40:27 18.90 11.40 -40.59 38.32
14:40:27 18.58 11.41 -40.59 38.50
14:40:27 18.58 11.41 -40.59 38.43
14:40:28 18.74 11.55 -40.34 38.47
14:40:28 18.90 11.72 -40.60 38.50
14:40:28 18.74 11.89 -40.87 38.72
14:40:29 18.58 11.57 -40.86 38.67
14:40:29 18.74 11.71 -40.34 38.98
14:40:29 18.58 11.41 -40.59 39.20
14:40:29 19.06 11.87 -40.35 39.03
14:40:30 18.90 11.55 -40.34 39.40
14:40:30 19.23 11.70 -40.08 39.23
14:40:30 18.58 11.68 -39.57 39.34
14:40:30 18.74 12.19 -40.62 39.14
14:40:31 19.06 12.01 -39.84 39.12
14:40:31 19.06 12.35 -40.63 39.20
14:40:31 18.58 11.88 -40.61 39.00
14:40:32 18.90 11.90 -41.13 38.85
14:40:32 19.39 11.57 -40.86 39.05
14:40:32 19.06 11.55 -40.34 39.05
14:40:32 18.58 11.54 -40.08 38.92
14:40:33 19.39 11.87 -40.35 38.98
14:40:33 18.58 11.55 -40.34 39.05
14:40:33 18.58 11.38 -40.07 39.20
14:40:33 19.06 11.72 -40.60 39.27
14:40:34 18.58 11.71 -40.34 39.40
14:40:34 19.39 11.88 -40.61 39.45
14:40:34 18.74 12.33 -40.11 39.40
14:40:35 19.06 12.33 -40.11 39.54
14:40:35 18.90 12.17 -40.10 39.60
14:40:35 18.42 12.15 -39.58 39.73
14:40:35 18.74 12.50 -40.38 39.91
14:40:36 18.74 12.04 -40.62 39.60
14:40:36 18.90 12.02 -40.10 39.87
14:40:36 18.90 12.05 -40.88 39.73
14:40:36 19.06 12.66 -40.38 39.62
14:40:37 18.74 12.32 -39.85 39.76
14:40:37 18.90 12.16 -39.84 40.04
14:40:37 18.58 12.16 -39.84 39.98
14:40:37 18.74 12.03 -40.36 39.82
14:40:38 18.90 12.31 -39.59 40.27
14:40:38 18.90 12.67 -40.64 40.33
14:40:38 18.74 12.47 -39.60 40.35
14:40:39 18.74 12.00 -39.58 40.75
14:40:39 18.90 13.13 -40.40 40.75
14:40:39 19.06 12.96 -40.14 40.91
14:40:39 19.06 12.81 -40.13 41.13
14:40:40 18.90 12.32 -39.85 41.31
14:40:40 19.06 13.09 -39.36 41.19
14:40:40 18.90 13.28 -40.15 41.55
14:40:40 18.90 13.29 -40.41 41.66
14:40:41 19.38 13.12 -40.14 41.50
14:40:41 19.06 12.94 -39.62 41.86
14:40:41 18.74 13.26 -39.63 41.81
14:40:42 19.06 13.27 -39.89 41.86
14:40:42 18.74 12.93 -39.36 41.95
14:40:42 18.90 12.92 -39.10 41.88
14:40:42 18.90 13.42 -39.64 42.21
14:40:43 18.74 13.26 -39.63 42.28
14:40:43 19.06 12.80 -39.87 42.30
14:40:43 18.90 13.26 -39.63 42.43
14:40:43 19.06 13.41 -39.38 42.81
14:40:44 18.90 13.42 -39.64 42.63
14:40:44 19.38 13.72 -39.39 42.63
14:40:44 19.22 13.25 -39.37 42.77
14:40:45 19.22 13.28 -40.15 42.52
14:40:45 19.06 13.42 -39.64 42.46
14:40:45 19.22 13.40 -39.12 42.35
14:40:45 18.90 13.40 -39.12 42.39
14:40:46 19.06 13.56 -39.38 42.32
14:40:46 19.22 13.11 -39.88 42.41
14:40:46 19.38 13.09 -39.36 42.35
14:40:46 18.90 13.42 -39.64 42.63
14:40:47 19.38 13.25 -39.37 42.46
14:40:47 19.22 13.89 -39.65 42.63
14:40:47 19.38 13.40 -39.12 42.52
14:40:48 19.06 13.57 -39.64 42.63
14:40:48 19.54 13.41 -39.37 42.70
14:40:48 19.06 13.54 -38.86 43.12
14:40:48 19.38 13.72 -39.39 43.23
14:40:49 19.22 13.53 -38.60 43.45
14:40:49 19.06 14.20 -39.41 43.50
14:40:49 19.22 14.49 -38.90 43.63
14:40:49 19.22 14.19 -39.15 43.78
14:40:50 19.22 13.73 -39.65 43.83
14:40:50 18.90 13.87 -39.13 43.74
14:40:50 19.06 13.88 -39.39 43.85
14:40:50 19.54 14.01 -38.62 44.25
14:40:51 18.74 13.86 -38.87 44.12
14:40:51 19.22 14.01 -38.62 44.20
14:40:51 18.90 14.33 -38.89 44.38
14:40:52 19.22 14.49 -38.90 44.62
14:40:52 18.90 13.86 -38.87 44.62
14:40:52 18.73 14.35 -39.41 44.51
14:40:52 18.90 14.64 -38.65 44.49
14:40:53 19.22 14.47 -38.38 44.58
14:40:53 19.06 14.50 -39.16 44.69
14:40:53 19.06 14.64 -38.65 44.71
14:40:53 19.22 14.65 -38.91 44.93
14:40:54 19.22 14.33 -38.89 45.22
14:40:54 19.06 14.49 -38.90 45.18
14:40:54 18.90 14.46 -38.12 45.42
14:40:55 18.90 14.62 -38.13 45.55
14:40:55 19.38 14.47 -38.38 45.55
14:40:55 19.22 14.50 -39.16 45.49
14:40:55 19.06 14.14 -38.11 45.15
14:40:56 19.06 14.64 -38.65 45.35
14:40:56 19.06 14.48 -38.64 45.13
14:40:56 18.89 14.96 -38.66 45.07
14:40:56 19.06 14.46 -38.12 45.13
14:40:57 19.06 14.64 -38.65 45.15
14:40:57 19.38 14.49 -38.90 45.24
14:40:57 18.73 14.96 -38.66 45.27
14:40:58 19.38 14.96 -38.92 45.00
14:40:58 19.06 14.97 -38.92 45.07
14:40:58 19.06 14.80 -38.65 45.31
14:40:58 18.90 14.66 -39.17 45.11
14:40:59 18.90 14.62 -38.13 44.93
14:40:59 19.38 15.11 -38.67 45.11
14:40:59 18.73 14.63 -38.39 45.00
14:40:59 18.73 15.12 -38.93 44.98
14:41:00 18.89 15.11 -38.67 45.22
14:41:00 18.90 14.80 -38.65 45.18
14:41:00 18.73 14.63 -38.39 45.00
14:41:01 19.22 14.32 -38.63 45.33
14:41:01 18.57 14.64 -38.65 45.13
