14:44:33 20.30 0.84 -50.47 13.38
14:44:34 20.46 0.68 -50.47 13.36
14:44:34 20.30 0.97 -49.97 13.52
14:44:34 20.14 0.40 -50.96 13.43
14:44:34 20.45 0.70 -50.72 13.43
14:44:35 20.61 0.97 -49.97 13.50
14:44:35 20.61 0.84 -50.47 13.58
14:44:35 20.30 0.69 -50.47 13.56
14:44:35 20.46 0.68 -50.47 13.54
14:44:36 20.45 0.97 -49.97 13.58
14:44:36 20.30 0.52 -50.20 13.47
14:44:36 19.98 1.17 -50.74 13.58
14:44:37 20.30 0.72 -51.23 13.92
14:44:37 20.29 0.86 -50.98 13.94
14:44:37 19.82 1.00 -50.48 13.81
14:44:37 19.82 1.18 -51.00 13.67
14:44:38 20.14 1.12 -49.72 13.61
14:44:38 20.45 1.01 -50.73 13.67
14:44:38 20.45 0.86 -50.98 13.78
14:44:38 20.61 1.30 -50.49 13.72
14:44:39 20.45 0.85 -50.73 13.85
14:44:39 20.14 0.84 -50.47 14.07
14:44:39 20.61 0.99 -50.48 14.05
14:44:39 20.45 0.98 -50.22 14.09
14:44:40 20.30 0.83 -50.22 14.12
14:44:40 20.29 1.00 -50.48 14.40
14:44:40 20.14 1.00 -50.48 14.38
14:44:41 19.98 0.83 -50.22 14.60
14:44:41 20.29 1.46 -50.50 14.29
14:44:41 20.14 1.00 -50.48 14.36
14:44:41 20.45 0.95 -49.46 14.49
14:44:42 20.77 1.15 -50.49 14.42
14:44:42 20.14 0.68 -50.21 14.38
14:44:42 20.61 1.13 -49.98 14.54
14:44:42 20.45 0.83 -50.22 14.38
14:44:43 20.29 1.00 -50.48 14.36
14:44:43 20.14 1.11 -49.47 14.36
14:44:43 20.45 0.96 -49.71 14.56
14:44:44 20.13 1.44 -49.99 14.96
14:44:44 20.13 1.31 -50.49 14.71
14:44:44 20.45 1.28 -49.98 14.89
14:44:44 20.13 1.45 -50.25 14.96
14:44:45 20.13 1.14 -50.23 15.13
14:44:45 20.14 1.13 -49.98 15.09
14:44:45 19.98 1.15 -50.49 15.13
14:44:45 19.82 1.16 -50.49 15.15
14:44:46 20.61 1.12 -49.72 15.09
14:44:46 20.45 1.27 -49.73 15.09
14:44:46 19.97 1.44 -49.99 15.38
14:44:47 20.45 1.40 -49.22 15.60
14:44:47 20.14 1.10 -49.21 15.71
14:44:47 20.29 1.56 -49.23 16.00
14:44:47 20.45 1.09 -49.21 16.22
14:44:48 20.13 1.41 -49.22 16.53
14:44:48 20.13 1.44 -49.99 16.57
14:44:48 20.13 1.73 -49.49 16.90
14:44:48 19.66 1.53 -48.47 16.97
14:44:49 19.97 2.00 -48.49 17.04
14:44:49 19.82 1.40 -48.97 17.10
14:44:49 20.45 1.87 -49.25 17.15
14:44:50 20.29 2.03 -49.25 17.30
14:44:50 19.49 2.03 -49.25 17.70
14:44:50 20.13 2.16 -48.75 17.50
14:44:50 19.97 2.02 -49.00 17.65
14:44:51 19.81 2.03 -49.25 17.79
14:44:51 19.65 2.32 -48.76 18.01
14:44:51 20.44 2.28 -47.99 18.34
14:44:51 19.81 2.16 -48.75 18.32
14:44:52 20.13 1.85 -48.74 18.38
14:44:52 19.97 2.61 -48.26 18.45
14:44:52 19.81 2.27 -47.74 18.47
14:44:52 19.49 2.29 -47.99 18.69
14:44:53 19.97 2.74 -47.76 18.87
14:44:53 20.13 2.27 -47.74 18.81
14:44:53 19.81 2.45 -48.25 19.05
14:44:54 19.96 2.78 -48.78 19.03
14:44:54 20.28 2.75 -48.01 19.00
14:44:54 20.29 2.42 -47.74 19.31
14:44:54 19.81 2.30 -48.25 19.12
14:44:55 19.65 2.60 -48.01 19.14
14:44:55 19.96 2.92 -48.27 19.20
14:44:55 19.81 2.43 -47.74 19.38
14:44:55 19.97 2.58 -47.75 19.51
14:44:56 19.65 2.93 -48.53 19.91
14:44:56 19.81 2.87 -47.25 20.02
14:44:56 20.12 2.76 -48.27 20.09
14:44:57 19.96 3.01 -47.01 20.11
14:44:57 20.12 3.19 -47.52 20.29
14:44:57 19.81 2.89 -47.76 20.40
14:44:57 20.12 3.17 -47.01 20.53
14:44:58 19.96 3.03 -47.26 20.64
14:44:58 19.96 2.89 -47.76 20.82
14:44:58 20.12 3.05 -47.77 20.75
14:44:58 19.80 3.30 -46.51 21.08
14:44:59 19.49 2.87 -47.25 21.19
14:44:59 20.12 3.17 -47.01 21.28
14:44:59 19.96 3.34 -47.27 21.35
14:45:00 19.64 3.49 -47.28 21.66
14:45:00 19.49 3.32 -46.76 21.75
14:45:00 19.64 3.34 -47.27 21.92
14:45:00 20.12 3.30 -46.51 22.21
14:45:01 19.49 3.61 -46.27 22.30
14:45:01 19.65 3.33 -47.02 22.28
14:45:01 20.12 3.74 -46.02 22.54
14:45:01 19.48 3.93 -46.54 22.77
14:45:02 19.96 3.47 -46.77 22.99
14:45:02 19.64 4.07 -46.29 23.25
14:45:02 19.48 3.90 -46.03 23.27
14:45:03 19.33 3.46 -46.52 23.27
14:45:03 19.32 4.07 -46.29 23.50
14:45:03 19.80 3.74 -45.76 23.69
14:45:03 19.96 3.74 -46.02 23.94
14:45:04 19.48 4.07 -46.29 24.00
14:45:04 19.64 4.35 -45.54 24.29
14:45:04 19.32 4.20 -45.79 24.25
14:45:04 20.11 4.22 -46.29 24.16
14:45:05 20.12 4.02 -45.27 24.45
14:45:05 20.12 4.04 -45.78 24.51
14:45:05 19.80 4.18 -45.27 24.85
14:45:06 19.32 4.66 -45.55 24.87
14:45:06 19.80 4.50 -45.54 24.80
14:45:06 19.95 4.50 -45.54 25.02
14:45:06 19.95 4.48 -45.03 25.09
14:45:07 19.32 4.78 -44.79 25.07
14:45:07 19.80 4.36 -45.79 24.80
14:45:07 19.63 4.94 -45.05 24.85
14:45:07 20.11 4.34 -45.54 25.02
14:45:08 19.80 4.48 -45.03 24.76
14:45:08 19.79 4.82 -45.81 25.04
14:45:08 19.48 4.47 -44.78 24.78
14:45:08 19.79 4.80 -45.30 24.80
14:45:09 19.80 4.32 -45.03 25.04
14:45:09 19.64 4.65 -45.30 24.89
14:45:09 19.95 5.12 -45.57 24.87
14:45:10 20.11 4.34 -45.54 25.04
14:45:10 19.63 4.97 -45.57 25.07
14:45:10 19.95 4.65 -45.55 25.02
14:45:10 19.64 4.79 -45.05 25.09
14:45:11 19.63 5.12 -45.57 25.27
14:45:11 19.47 4.97 -45.57 25.29
14:45:11 19.63 5.25 -45.07 24.91
14:45:11 19.79 4.94 -45.05 25.13
14:45:12 19.64 4.79 -45.05 25.13
14:45:12 19.95 4.93 -44.80 25.31
14:45:12 19.95 4.93 -44.80 25.40
14:45:13 19.48 4.66 -45.55 25.40
14:45:13 19.79 4.79 -45.05 25.51
14:45:13 19.63 4.92 -44.54 25.38
14:45:13 20.10 5.39 -44.82 25.38
14:45:14 19.79 5.11 -45.32 25.66
14:45:14 19.79 4.93 -44.80 25.62
14:45:14 19.95 4.80 -45.30 25.73
14:45:14 19.48 4.61 -44.53 25.91
14:45:15 19.80 4.75 -44.28 25.75
14:45:15 20.11 4.93 -44.80 26.06
14:45:15 20.11 5.22 -44.30 26.02
14:45:16 19.47 5.22 -44.30 26.15
14:45:16 19.95 5.06 -44.30 26.04
14:45:16 19.31 5.25 -44.81 26.19
14:45:16 19.47 5.09 -44.81 26.22
14:45:17 19.95 5.06 -44.30 26.22
14:45:17 19.63 5.39 -44.57 26.37
14:45:17 19.95 5.34 -43.54 26.55
14:45:17 19.64 5.03 -43.53 26.55
14:45:18 19.47 5.39 -44.57 26.70
14:45:18 19.79 5.37 -44.31 26.92
14:45:18 19.48 4.92 -44.54 26.81
14:45:19 19.63 4.92 -44.54 27.10
14:45:19 19.79 5.05 -44.04 26.59
14:45:19 19.47 5.23 -44.56 26.79
14:45:19 19.63 5.22 -44.30 26.59
14:45:20 19.95 5.25 -45.07 26.55
14:45:20 19.95 5.07 -44.55 26.64
14:45:20 19.79 5.37 -44.31 27.06
14:45:20 19.63 5.38 -44.31 26.92
14:45:21 19.63 5.54 -44.57 27.30
14:45:21 19.79 5.52 -44.06 27.15
14:45:21 19.63 5.21 -44.05 27.41
14:45:22 19.47 5.51 -43.81 27.48
14:45:22 19.95 5.21 -44.05 27.43
14:45:22 19.79 5.37 -44.31 27.41
14:45:22 19.79 5.52 -44.06 27.72
14:45:23 19.79 5.66 -43.81 27.81
14:45:23 19.79 5.96 -43.57 28.08
14:45:23 19.47 5.67 -43.81 27.83
14:45:23 19.79 5.81 -43.56 27.94
14:45:24 19.95 5.52 -44.06 27.79
14:45:24 19.32 5.33 -43.29 27.88
14:45:24 19.79 5.79 -43.31 27.99
14:45:24 19.63 5.81 -43.57 27.81
14:45:25 19.95 5.79 -43.31 27.85
14:45:25 19.47 6.00 -44.34 27.88
14:45:25 19.78 5.98 -44.08 27.85
14:45:26 19.47 5.64 -43.30 27.79
14:45:26 19.47 5.38 -44.31 27.88
14:45:26 19.47 5.65 -43.56 27.81
14:45:26 19.95 5.67 -44.07 27.74
14:45:27 18.99 5.82 -43.82 27.99
14:45:27 19.63 5.51 -43.81 27.94
14:45:27 19.95 5.78 -43.05 28.05
14:45:27 20.11 5.48 -43.30 28.56
14:45:28 19.47 5.80 -43.31 28.41
14:45:28 19.79 5.33 -43.29 28.47
14:45:28 19.31 5.82 -43.82 28.25
14:45:29 19.63 5.96 -43.57 28.52
14:45:29 19.95 5.51 -43.81 28.27
14:45:29 19.62 6.27 -43.59 28.27
14:45:29 19.63 5.82 -43.82 28.30
14:45:30 19.78 6.45 -44.10 28.12
14:45:30 20.26 5.98 -44.08 28.27
14:45:30 19.63 5.50 -43.55 28.32
14:45:30 19.63 5.81 -43.57 28.19
14:45:31 19.79 5.96 -43.57 28.50
14:45:31 19.62 6.44 -43.85 28.78
14:45:31 19.78 6.25 -43.08 28.45
14:45:32 19.94 6.41 -43.34 28.67
14:45:32 19.63 6.10 -43.07 28.72
14:45:32 19.94 5.96 -43.57 28.63
14:45:32 19.79 5.48 -43.30 28.67
14:45:33 19.94 5.96 -43.57 28.65
14:45:33 20.10 6.57 -43.34 28.63
14:45:33 19.47 5.96 -43.57 28.65
14:45:33 19.79 5.79 -43.31 28.72
14:45:34 19.47 5.79 -43.06 28.78
14:45:34 19.79 5.95 -43.32 28.72
14:45:34 19.47 6.12 -43.58 28.72
14:45:35 19.62 6.43 -43.59 28.74
14:45:35 19.31 6.13 -43.84 28.87
14:45:35 19.63 5.96 -43.57 29.05
14:45:35 19.94 5.94 -43.06 29.09
14:45:36 20.10 6.11 -43.58 29.05
14:45:36 19.62 6.41 -43.08 28.92
14:45:36 19.47 6.26 -43.33 29.07
14:45:36 19.63 6.23 -42.57 29.25
14:45:37 20.10 6.40 -43.08 29.45
14:45:37 19.47 6.25 -43.08 29.49
14:45:37 20.10 6.56 -43.09 29.49
14:45:37 19.78 6.39 -42.83 29.71
14:45:38 19.47 6.10 -43.07 30.04
14:45:38 19.94 6.23 -42.56 30.13
14:45:38 19.47 6.38 -42.57 30.11
14:45:39 19.94 6.27 -43.59 30.04
14:45:39 19.15 6.40 -42.83 29.87
14:45:39 19.78 6.36 -42.06 29.65
14:45:39 19.31 6.55 -42.84 30.04
14:45:40 19.78 6.54 -42.58 30.15
14:45:40 19.62 6.56 -43.09 30.29
14:45:40 19.63 6.07 -42.56 30.15
14:45:40 19.63 6.35 -41.81 30.18
14:45:41 19.78 6.42 -43.34 30.24
14:45:41 19.62 6.57 -43.35 30.49
14:45:41 20.10 6.40 -43.08 30.24
14:45:42 19.78 6.37 -42.32 30.22
14:45:42 19.63 6.37 -42.32 30.04
14:45:42 19.78 6.57 -43.34 30.20
14:45:42 19.62 6.38 -42.57 30.20
14:45:43 19.46 6.83 -42.08 30.35
14:45:43 19.46 6.68 -42.33 30.35
14:45:43 19.47 6.25 -43.08 30.15
14:45:43 19.46 6.71 -42.84 30.53
14:45:44 19.47 6.24 -42.82 30.77
14:45:44 19.62 6.81 -41.83 30.75
14:45:44 19.31 6.69 -42.33 31.00
14:45:45 19.94 7.00 -42.60 30.88
14:45:45 19.62 6.84 -42.34 31.06
14:45:45 19.46 6.85 -42.59 31.06
14:45:45 19.78 7.15 -42.35 31.13
14:45:46 20.10 6.84 -42.59 31.26
14:45:46 19.46 6.67 -42.08 31.68
14:45:46 19.78 6.69 -42.59 31.62
14:45:46 19.62 6.84 -42.34 31.66
14:45:47 19.46 7.02 -42.86 31.50
14:45:47 19.31 6.80 -41.32 31.59
14:45:47 20.26 6.69 -42.59 31.99
14:45:48 19.93 7.30 -42.36 31.86
14:45:48 20.10 6.97 -41.83 31.90
14:45:48 19.78 6.81 -41.83 31.97
14:45:48 19.62 6.84 -42.34 32.01
14:45:49 19.93 7.28 -41.85 31.99
14:45:49 19.94 6.98 -42.09 32.39
14:45:49 19.62 6.95 -41.32 32.32
14:45:49 19.62 7.26 -41.34 32.39
14:45:50 19.94 7.13 -42.10 32.23
14:45:50 19.94 6.97 -41.83 32.37
14:45:50 19.77 7.74 -41.87 32.50
14:45:50 20.25 7.09 -41.07 32.50
14:45:51 19.46 7.57 -41.35 32.65
14:45:51 19.62 7.28 -41.85 32.83
14:45:51 19.46 7.28 -41.85 32.90
14:45:52 19.46 7.44 -41.86 32.63
14:45:52 19.46 6.80 -41.57 32.90
14:45:52 19.14 7.75 -41.87 33.19
14:45:52 19.30 7.39 -40.84 33.08
14:45:53 19.30 7.24 -40.83 33.41
14:45:53 19.93 7.53 -40.59 33.32
14:45:53 19.62 7.71 -41.10 33.43
14:45:53 19.46 7.26 -41.34 33.69
14:45:54 19.61 7.90 -41.88 33.76
14:45:54 19.62 7.41 -41.35 33.54
14:45:54 19.62 7.24 -40.83 33.69
14:45:55 19.93 7.84 -40.60 33.61
14:45:55 19.46 7.71 -41.10 33.50
14:45:55 19.30 7.71 -41.10 33.52
14:45:55 19.62 7.25 -41.08 33.56
14:45:56 19.46 7.72 -41.36 33.61
14:45:56 19.61 7.72 -41.36 33.58
14:45:56 19.62 7.40 -41.09 33.61
14:45:56 19.78 7.26 -41.34 33.67
14:45:57 19.46 7.55 -40.84 33.63
14:45:57 19.62 7.57 -41.35 33.63
14:45:57 20.09 7.55 -41.10 33.61
14:45:58 19.93 8.03 -41.37 33.69
14:45:58 19.77 7.88 -41.37 33.56
14:45:58 19.46 7.69 -40.59 34.03
14:45:58 19.78 7.53 -40.59 33.78
14:45:59 19.77 7.87 -41.11 33.83
14:45:59 19.61 7.87 -41.11 34.03
14:45:59 19.77 8.01 -40.86 34.05
14:45:59 19.62 7.71 -41.10 34.42
14:46:00 19.77 7.87 -41.11 34.65
14:46:00 19.45 8.01 -40.86 34.87
14:46:00 19.45 8.01 -40.86 34.96
14:46:01 19.93 8.00 -40.61 34.76
14:46:01 19.93 7.82 -40.09 35.02
14:46:01 19.93 8.45 -40.37 34.98
14:46:01 19.77 8.32 -40.88 34.93
14:46:02 19.62 7.71 -41.10 35.27
14:46:02 19.61 8.12 -39.85 35.51
14:46:02 19.77 7.99 -40.35 35.64
14:46:02 20.08 8.45 -40.37 35.66
14:46:03 19.92 8.62 -40.63 35.77
14:46:03 19.77 8.43 -39.86 35.88
14:46:03 19.46 8.12 -39.85 35.82
14:46:04 19.77 8.42 -39.61 36.11
14:46:04 19.45 8.60 -40.13 35.84
14:46:04 19.93 8.27 -39.86 36.15
14:46:04 19.61 8.12 -39.85 36.33
14:46:05 19.77 8.29 -40.11 36.28
14:46:05 19.29 8.29 -40.11 36.22
14:46:05 19.45 8.43 -39.86 36.39
14:46:05 19.77 8.60 -40.12 36.53
14:46:06 19.61 8.56 -39.36 36.57
14:46:06 19.45 8.74 -39.88 36.70
14:46:06 19.61 8.40 -39.10 36.73
14:46:06 19.77 8.39 -38.84 36.92
14:46:07 19.92 8.89 -39.88 36.90
14:46:07 19.29 8.29 -40.11 36.66
14:46:07 19.61 8.59 -39.87 36.68
14:46:08 19.77 8.74 -39.88 36.68
14:46:08 19.77 8.10 -39.34 36.77
14:46:08 19.77 8.59 -39.87 36.97
14:46:08 19.77 8.87 -39.37 36.84
14:46:09 19.77 8.57 -39.61 36.81
14:46:09 19.61 8.90 -39.88 36.62
14:46:09 19.76 8.90 -39.88 36.79
14:46:09 19.77 8.73 -39.62 36.64
14:46:10 19.14 8.44 -39.86 36.70
14:46:10 19.77 8.60 -40.12 36.66
14:46:10 19.61 8.10 -39.34 36.62
14:46:11 19.93 8.57 -39.61 36.73
14:46:11 19.77 8.40 -39.10 36.64
14:46:11 19.77 8.42 -39.61 36.81
14:46:11 19.61 8.58 -39.61 36.75
14:46:12 19.77 8.73 -39.62 36.57
14:46:12 19.29 8.58 -39.62 36.55
14:46:12 19.77 8.42 -39.61 36.84
14:46:12 19.92 8.91 -40.14 36.70
14:46:13 19.45 8.13 -40.10 36.70
14:46:13 19.14 8.14 -40.10 36.55
14:46:13 19.77 8.86 -39.12 36.73
14:46:14 19.61 8.74 -39.88 36.59
14:46:14 19.61 8.73 -39.62 36.62
14:46:14 19.77 8.57 -39.61 36.59
14:46:14 19.61 8.89 -39.63 36.81
14:46:15 19.77 8.88 -39.63 36.73
14:46:15 19.61 8.61 -40.38 36.97
14:46:15 19.61 8.42 -39.61 36.92
14:46:15 19.61 8.58 -39.61 37.04
14:46:16 19.61 8.73 -39.62 36.95
14:46:16 20.08 8.87 -39.37 37.10
14:46:16 19.61 8.86 -39.12 37.15
14:46:17 19.77 8.88 -39.63 37.39
14:46:17 19.45 8.71 -39.11 37.46
14:46:17 19.92 8.73 -39.62 37.63
14:46:17 19.29 8.87 -39.12 37.59
14:46:18 19.77 8.86 -39.12 37.65
14:46:18 19.45 8.72 -39.37 37.63
14:46:18 20.24 9.02 -39.38 37.48
14:46:18 19.60 9.20 -39.64 37.63
14:46:19 19.77 8.71 -39.11 37.65
14:46:19 19.45 9.04 -39.64 37.70
14:46:19 19.61 8.56 -39.36 37.61
14:46:20 19.45 8.74 -39.88 37.88
14:46:20 19.45 9.02 -39.13 37.77
14:46:20 19.61 8.54 -38.85 37.63
14:46:20 19.60 9.52 -39.91 38.05
14:46:21 19.60 9.18 -39.39 37.92
14:46:21 19.61 9.04 -39.64 38.08
14:46:21 19.60 9.33 -39.14 38.14
14:46:21 19.45 8.71 -39.11 38.19
14:46:22 19.61 8.53 -38.59 38.23
14:46:22 19.29 8.88 -39.37 38.43
14:46:22 19.61 8.98 -38.36 38.69
14:46:22 19.61 8.69 -38.60 38.54
14:46:23 19.61 9.15 -38.62 38.43
14:46:23 19.77 8.99 -38.61 38.67
14:46:23 19.77 9.13 -38.11 38.78
14:46:24 19.93 8.53 -38.59 38.67
14:46:24 19.29 9.31 -38.63 38.83
14:46:24 19.76 9.45 -38.38 39.12
14:46:24 19.44 9.46 -38.64 39.09
14:46:25 19.29 9.48 -38.89 39.09
14:46:25 19.92 9.45 -38.38 39.07
14:46:25 19.77 9.12 -37.86 39.40
14:46:25 19.60 9.47 -38.89 39.36
14:46:26 20.24 8.85 -38.86 39.36
14:46:26 19.76 9.15 -38.62 39.47
14:46:26 19.76 9.43 -37.87 39.47
14:46:27 20.08 9.14 -38.37 39.40
14:46:27 19.92 9.75 -38.14 39.54
14:46:27 19.45 9.32 -38.88 39.76
14:46:27 19.45 9.45 -38.38 39.67
14:46:28 20.08 9.43 -38.12 39.82
14:46:28 20.24 9.44 -38.38 39.76
14:46:28 19.93 8.97 -38.10 39.89
14:46:28 19.44 9.46 -38.64 40.22
14:46:29 19.60 9.75 -38.14 39.98
14:46:29 20.08 9.58 -37.88 40.09
14:46:29 19.29 9.44 -38.13 40.40
14:46:30 19.76 9.58 -37.88 40.40
14:46:30 19.76 9.94 -38.91 40.42
14:46:30 19.92 9.13 -38.11 40.58
14:46:30 19.44 9.46 -38.64 40.73
14:46:31 19.60 9.75 -38.14 40.64
14:46:31 19.92 9.45 -38.38 40.69
14:46:31 19.92 9.74 -37.88 40.69
14:46:31 19.76 9.73 -37.63 40.62
14:46:32 19.60 9.59 -38.13 40.73
14:46:32 19.93 8.96 -37.85 40.66
14:46:32 19.45 9.58 -37.88 40.91
14:46:32 19.76 9.43 -37.87 40.77
14:46:33 19.61 9.28 -38.12 40.71
14:46:33 19.60 9.72 -37.37 40.88
14:46:33 19.13 9.42 -37.62 40.71
14:46:34 19.45 9.43 -37.87 40.91
14:46:34 19.92 9.89 -37.89 40.77
14:46:34 19.76 9.76 -38.39 40.93
14:46:34 19.60 9.75 -38.14 41.24
14:46:35 19.13 9.74 -37.88 41.28
14:46:35 19.92 9.59 -38.13 41.08
14:46:35 19.92 9.41 -37.61 41.13
14:46:36 19.44 9.86 -37.13 40.97
14:46:36 19.76 9.58 -37.88 41.06
14:46:36 19.76 9.58 -37.88 41.28
14:46:36 19.76 10.05 -37.90 41.11
14:46:37 19.44 10.04 -37.64 41.08
14:46:37 19.76 9.74 -37.88 41.08
14:46:37 19.60 9.57 -37.62 41.08
14:46:37 19.77 9.26 -37.61 41.19
14:46:38 19.60 9.56 -37.37 41.31
14:46:38 19.76 9.75 -38.14 41.22
14:46:38 19.45 9.57 -37.62 41.48
14:46:39 19.13 10.02 -37.13 41.50
14:46:39 19.29 9.41 -37.36 41.39
14:46:39 19.92 9.57 -37.62 41.48
14:46:39 19.13 9.91 -38.15 41.50
14:46:40 19.92 9.88 -37.63 41.75
14:46:40 19.76 10.19 -37.65 41.50
14:46:40 19.28 10.18 -37.40 41.48
14:46:40 19.76 10.05 -37.90 41.77
14:46:41 19.76 10.02 -37.39 41.59
14:46:41 19.76 9.56 -37.37 41.77
14:46:41 19.76 9.55 -37.11 41.53
14:46:41 19.60 9.89 -37.89 42.04
14:46:42 19.76 9.74 -37.88 41.99
14:46:42 19.76 10.04 -37.64 42.06
14:46:42 19.60 10.20 -37.90 41.99
14:46:43 19.76 9.85 -36.87 41.92
14:46:43 19.60 9.72 -37.37 42.01
14:46:43 20.08 10.02 -37.39 42.15
14:46:43 19.60 10.62 -36.90 42.12
14:46:44 19.28 10.36 -37.91 42.06
14:46:44 19.61 9.54 -36.86 42.12
14:46:44 20.07 10.34 -37.66 42.12
14:46:44 19.29 9.73 -37.63 42.32
14:46:45 19.60 10.18 -37.39 42.21
14:46:45 19.12 10.04 -37.64 42.26
14:46:45 19.59 10.79 -37.17 42.19
14:46:46 19.76 10.32 -37.15 42.10
14:46:46 19.44 10.18 -37.39 42.32
14:46:46 19.60 10.19 -37.65 42.32
14:46:46 20.08 10.02 -37.39 42.23
14:46:47 19.12 10.20 -37.65 42.32
14:46:47 19.60 10.04 -37.64 42.61
14:46:47 19.28 10.03 -37.39 42.28
14:46:47 19.28 10.16 -36.88 42.30
14:46:48 19.59 10.65 -37.42 41.95
14:46:48 19.60 9.87 -37.38 42.12
14:46:48 19.12 10.34 -37.40 42.26
14:46:48 19.44 10.22 -38.16 42.39
14:46:49 19.60 10.03 -37.39 42.35
14:46:49 19.92 9.71 -37.37 42.23
14:46:49 19.91 10.32 -37.15 42.28
14:46:50 19.60 10.16 -36.88 42.21
14:46:50 19.60 9.97 -36.11 42.43
14:46:50 19.44 10.03 -37.39 42.43
14:46:50 20.07 10.20 -37.90 42.46
14:46:51 19.76 10.17 -37.14 42.57
14:46:51 19.76 9.99 -36.62 42.63
14:46:51 19.44 10.64 -37.16 42.85
14:46:51 19.60 10.62 -36.90 42.79
14:46:52 19.60 9.84 -36.61 43.01
14:46:52 19.75 10.62 -36.90 42.81
14:46:52 19.44 10.63 -36.91 42.96
14:46:53 19.60 10.64 -37.16 42.61
14:46:53 19.44 10.35 -37.66 42.96
14:46:53 19.60 10.16 -36.88 42.65
14:46:53 19.60 10.46 -36.64 42.61
14:46:54 19.75 10.63 -37.16 42.70
14:46:54 19.60 10.32 -37.15 42.90
14:46:54 19.92 10.31 -36.89 42.63
14:46:54 19.92 9.86 -37.12 42.88
14:46:55 19.76 10.31 -36.89 42.94
14:46:55 19.76 10.31 -36.89 42.83
14:46:55 19.61 9.65 -35.84 42.88
14:46:56 19.12 10.33 -37.15 42.99
14:46:56 19.60 10.46 -36.64 42.94
14:46:56 19.92 10.30 -36.64 42.96
14:46:56 19.76 10.30 -36.64 42.92
14:46:57 19.44 10.17 -37.14 42.90
14:46:57 19.75 10.78 -36.91 42.83
14:46:57 19.44 10.37 -38.17 42.99
14:46:57 19.60 10.00 -36.88 43.01
14:46:58 19.91 10.44 -36.39 42.99
14:46:58 19.60 10.17 -37.14 43.12
14:46:58 20.08 10.02 -37.39 43.01
14:46:59 19.44 10.48 -37.15 42.92
14:46:59 19.75 10.48 -37.15 42.90
14:46:59 19.44 10.02 -37.13 42.83
14:46:59 19.92 10.16 -36.88 42.85
14:47:00 19.91 10.47 -36.90 43.08
14:47:00 19.76 10.33 -37.40 42.90
14:47:00 19.76 10.17 -37.14 42.79
14:47:00 19.92 9.99 -36.62 42.99
14:47:01 19.12 10.16 -36.88 42.68
14:47:01 19.44 10.18 -37.39 42.81
14:47:01 19.44 10.30 -36.64 42.85
14:47:01 19.45 9.71 -37.12 42.72
14:47:02 19.44 10.33 -37.15 42.54
14:47:02 19.60 10.62 -36.90 42.72
14:47:02 19.75 10.80 -37.42 42.92
14:47:03 19.44 9.98 -36.37 42.83
14:47:03 19.12 10.50 -37.41 43.01
14:47:03 19.60 10.16 -36.88 42.74
14:47:03 19.44 10.48 -37.15 42.83
14:47:04 19.44 10.63 -36.91 42.81
14:47:04 19.60 10.45 -36.39 42.99
14:47:04 18.81 10.02 -37.13 42.94
14:47:04 19.76 10.01 -37.13 42.99
14:47:05 19.44 10.17 -37.14 42.99
14:47:05 19.60 10.05 -37.90 42.72
14:47:05 19.60 10.18 -37.39 42.79
14:47:06 19.92 10.31 -36.89 43.03
14:47:06 19.92 10.00 -36.88 42.74
14:47:06 19.75 10.61 -36.65 43.05
14:47:06 19.75 10.64 -37.41 43.10
14:47:07 19.44 10.49 -37.41 43.36
14:47:07 19.76 10.43 -36.13 43.41
14:47:07 19.44 10.29 -36.38 43.45
14:47:07 19.44 10.61 -36.65 43.38
14:47:08 19.44 10.31 -36.89 43.72
14:47:08 19.91 10.32 -37.15 43.56
14:47:08 19.91 10.48 -37.15 43.54
14:47:09 19.28 10.79 -37.17 43.72
14:47:09 19.44 10.46 -36.64 43.47
14:47:09 19.91 10.47 -36.90 43.36
14:47:09 20.23 10.76 -36.66 43.52
14:47:10 20.07 10.33 -37.40 43.34
14:47:10 19.60 10.32 -37.15 43.65
14:47:10 20.23 10.46 -36.90 43.32
14:47:10 19.76 10.47 -36.90 43.34
14:47:11 19.28 10.47 -36.90 43.38
14:47:11 19.76 10.59 -36.14 43.23
14:47:11 19.91 10.64 -37.41 43.30
14:47:12 19.91 10.48 -37.15 43.10
14:47:12 19.91 10.48 -37.15 43.23
14:47:12 19.12 10.48 -37.15 43.25
14:47:12 19.44 10.49 -37.41 43.36
14:47:13 19.59 11.07 -36.42 43.34
14:47:13 19.75 10.48 -37.15 43.25
14:47:13 19.44 10.18 -37.39 43.30
14:47:13 19.75 10.50 -37.66 43.12
14:47:14 20.07 10.32 -37.15 43.23
14:47:14 19.44 9.86 -37.13 43.30
14:47:14 19.44 10.78 -36.91 43.38
14:47:15 19.44 10.79 -37.17 43.10
14:47:15 19.28 10.45 -36.39 43.32
14:47:15 19.76 10.31 -36.89 43.23
14:47:15 19.75 11.11 -37.44 43.32
14:47:16 19.91 10.50 -37.66 43.23
14:47:16 19.60 10.49 -37.41 42.96
14:47:16 19.60 10.47 -36.90 43.14
14:47:16 19.28 10.03 -37.39 43.43
14:47:17 19.76 10.46 -36.64 43.45
14:47:17 20.07 10.62 -36.90 43.47
14:47:17 19.59 10.80 -37.42 43.61
14:47:18 19.60 10.47 -36.90 43.47
14:47:18 19.12 10.77 -36.66 43.56
14:47:18 19.60 10.62 -36.90 43.58
14:47:18 19.44 10.16 -36.88 43.81
14:47:19 19.75 10.76 -36.40 43.83
14:47:19 19.75 10.73 -35.89 43.85
14:47:19 19.60 10.47 -36.90 44.03
14:47:19 19.75 11.08 -36.67 44.00
14:47:20 19.75 11.10 -37.18 44.07
14:47:20 19.44 10.46 -36.64 44.05
14:47:20 19.44 10.30 -36.64 43.85
14:47:20 19.44 10.30 -36.64 44.25
14:47:21 19.59 10.79 -37.17 44.16
14:47:21 19.75 10.62 -36.90 43.83
14:47:21 19.60 10.45 -36.39 44.27
14:47:22 19.44 10.45 -36.39 43.98
14:47:22 19.75 10.74 -36.15 44.18
14:47:22 19.11 11.40 -36.94 44.29
14:47:22 19.75 10.90 -36.15 44.38
14:47:23 19.28 10.93 -36.66 44.40
14:47:23 19.91 10.74 -36.15 44.36
14:47:23 20.07 10.59 -36.14 44.47
14:47:23 20.07 10.61 -36.65 44.36
14:47:24 19.75 10.76 -36.40 44.38
14:47:24 19.44 10.89 -35.90 44.31
14:47:24 19.76 10.58 -35.88 44.69
14:47:25 19.60 10.60 -36.39 44.65
14:47:25 19.91 10.92 -36.66 44.42
14:47:25 19.43 10.92 -36.66 44.36
14:47:25 19.75 10.89 -35.90 44.49
14:47:26 19.44 10.74 -35.89 44.42
14:47:26 19.59 10.77 -36.66 44.40
14:47:26 19.91 10.87 -35.64 44.45
14:47:26 19.43 10.94 -36.92 44.65
14:47:27 19.59 10.91 -36.41 44.58
14:47:27 19.43 11.21 -36.17 44.73
14:47:27 19.60 10.45 -36.39 44.80
14:47:27 19.59 11.06 -36.16 44.73
14:47:28 19.59 11.07 -36.42 44.85
14:47:28 19.91 10.92 -36.66 44.85
14:47:28 19.75 10.76 -36.40 44.91
14:47:29 19.76 10.29 -36.38 45.09
14:47:29 19.59 11.20 -35.91 44.91
14:47:29 20.07 10.90 -36.15 45.24
14:47:29 19.43 11.21 -36.17 45.15
14:47:30 19.60 10.76 -36.40 45.33
14:47:30 19.59 11.06 -36.16 45.11
14:47:30 19.75 10.89 -35.90 45.15
14:47:31 19.91 11.21 -36.17 45.27
14:47:31 20.07 10.90 -36.15 45.46
14:47:31 19.59 11.18 -35.40 45.51
14:47:31 19.43 11.37 -36.17 45.53
14:47:32 19.27 11.52 -36.18 45.64
14:47:32 19.27 11.21 -36.17 45.53
14:47:32 19.59 11.07 -36.42 45.55
