15:12:33 20.88 -0.99 -45.70 13.41
15:12:33 20.72 -1.61 -45.68 13.69
15:12:33 20.72 -1.14 -45.95 13.74
15:12:34 20.88 -1.14 -45.95 13.61
15:12:34 20.72 -0.99 -45.70 13.78
15:12:34 20.57 -1.12 -46.20 13.65
15:12:35 20.73 -1.29 -45.94 13.69
15:12:35 20.89 -1.43 -46.19 13.83
15:12:35 20.56 -1.31 -45.44 13.67
15:12:35 20.72 -1.00 -45.45 13.76
15:12:36 20.72 -1.31 -45.44 13.85
15:12:36 20.88 -1.15 -45.70 13.92
15:12:36 20.88 -1.29 -45.94 13.65
15:12:36 20.57 -1.30 -45.69 13.85
15:12:37 20.87 -0.85 -45.46 14.12
15:12:37 20.26 -0.98 -45.95 14.20
15:12:37 20.72 -1.15 -45.45 14.05
15:12:38 20.72 -1.00 -45.45 14.00
15:12:38 20.72 -0.99 -45.70 14.23
15:12:38 20.88 -0.99 -45.70 14.23
15:12:38 20.71 -0.54 -45.47 14.27
15:12:39 20.73 -1.28 -46.19 14.40
15:12:39 20.56 -0.84 -45.71 14.65
15:12:39 20.87 -1.17 -45.20 14.69
15:12:39 20.71 -0.85 -45.46 14.89
15:12:40 20.88 -0.52 -45.97 15.02
15:12:40 21.18 -1.01 -45.21 15.04
15:12:40 21.03 -0.69 -45.72 15.24
15:12:41 20.71 -0.70 -45.21 15.46
15:12:41 20.71 -0.55 -45.22 15.71
15:12:41 20.86 -0.71 -44.96 16.00
15:12:41 20.40 -0.38 -45.47 15.97
15:12:42 20.54 -0.41 -44.72 16.00
15:12:42 20.86 -0.57 -44.72 16.02
15:12:42 20.71 -0.55 -45.22 16.15
15:12:42 20.69 -0.27 -44.48 16.42
15:12:43 20.71 -0.24 -45.23 16.50
15:12:43 20.54 -0.12 -44.48 16.39
15:12:43 20.71 -0.54 -45.47 16.31
15:12:44 21.01 -0.25 -44.99 16.17
15:12:44 20.70 -0.56 -44.97 16.28
15:12:44 20.72 -0.38 -45.73 16.06
15:12:44 20.70 -0.41 -44.97 16.06
15:12:45 20.55 -0.70 -45.21 15.93
15:12:45 20.86 -0.56 -44.97 16.19
15:12:45 21.02 -0.55 -45.22 16.13
15:12:45 20.86 -0.40 -45.23 15.95
15:12:46 20.86 -0.41 -44.98 16.00
15:12:46 20.86 -0.56 -44.97 16.11
15:12:46 20.87 -0.39 -45.48 16.02
15:12:46 21.02 -0.40 -45.23 16.31
15:12:47 20.55 -0.56 -44.97 16.31
15:12:47 20.70 -0.10 -44.99 16.17
15:12:47 20.86 -0.87 -44.96 16.26
15:12:48 20.55 -0.24 -45.23 16.24
15:12:48 21.01 -0.25 -44.99 16.31
15:12:48 20.71 -0.40 -45.23 16.17
15:12:48 20.70 -0.10 -44.99 16.39
15:12:49 20.86 -0.42 -44.73 16.22
15:12:49 20.71 -0.39 -45.48 16.35
15:12:49 20.71 -0.22 -45.73 16.24
15:12:49 20.85 -0.26 -44.73 16.46
15:12:50 21.01 -0.41 -44.98 16.57
15:12:50 20.70 -0.42 -44.72 16.35
15:12:50 20.70 -0.41 -44.97 16.35
15:12:51 20.69 -0.28 -44.23 16.33
15:12:51 20.70 -0.42 -44.72 16.44
15:12:51 21.01 -0.10 -44.99 16.62
15:12:51 21.02 -0.09 -45.24 16.59
15:12:52 20.85 0.04 -44.49 16.66
15:12:52 20.85 0.20 -44.75 16.99
15:12:52 21.00 0.03 -44.50 16.88
15:12:52 21.01 0.04 -44.75 17.19
15:12:53 20.85 -0.12 -44.49 17.35
15:12:53 20.86 -0.10 -44.99 17.54
15:12:53 20.54 -0.27 -44.48 17.50
15:12:54 20.69 0.04 -44.49 17.17
15:12:54 21.00 0.50 -44.51 17.43
15:12:54 20.85 0.05 -44.74 17.37
15:12:54 20.54 -0.27 -44.48 17.46
15:12:55 20.70 -0.11 -44.74 17.41
15:12:55 20.23 0.04 -44.48 17.17
15:12:55 20.86 -0.10 -44.99 17.50
15:12:55 20.40 -0.23 -45.48 17.52
15:12:56 20.55 0.07 -45.24 17.70
15:12:56 20.70 0.05 -44.74 17.52
15:12:56 20.85 0.05 -44.74 17.54
15:12:57 21.16 0.36 -45.01 17.70
15:12:57 20.85 0.34 -44.51 17.70
15:12:57 20.84 0.03 -44.24 17.72
15:12:57 20.86 0.06 -45.25 17.63
15:12:58 20.85 0.34 -44.51 17.59
15:12:58 20.53 0.02 -43.99 17.59
15:12:58 20.70 0.20 -44.75 17.50
15:12:58 20.85 0.35 -44.76 17.59
15:12:59 21.00 0.19 -44.50 17.81
15:12:59 20.53 0.33 -44.00 17.79
15:12:59 20.54 0.52 -45.01 18.12
15:13:00 20.84 0.32 -44.00 18.05
15:13:00 21.32 0.20 -44.76 17.96
15:13:00 20.69 0.33 -44.25 18.19
15:13:00 21.00 0.02 -44.25 18.38
15:13:01 21.16 0.19 -44.50 18.50
15:13:01 20.85 0.20 -44.75 18.47
15:13:01 20.53 0.48 -44.01 18.54
15:13:01 20.53 0.34 -44.25 18.52
15:13:02 20.69 0.19 -44.50 18.69
15:13:02 20.68 0.64 -44.26 18.87
15:13:02 20.68 0.63 -44.01 19.00
15:13:02 20.99 0.64 -44.27 19.05
15:13:03 21.00 0.50 -44.51 19.00
15:13:03 20.68 0.32 -44.00 19.09
15:13:03 20.99 0.47 -43.76 19.05
15:13:04 21.15 0.78 -44.03 19.20
15:13:04 21.16 0.66 -44.77 19.29
15:13:04 20.83 1.09 -44.03 19.18
15:13:04 20.84 0.18 -44.25 19.25
15:13:05 20.68 0.64 -44.26 19.38
15:13:05 20.99 0.78 -44.03 19.40
15:13:05 21.15 0.96 -44.53 19.34
15:13:05 20.84 0.64 -44.27 19.40
15:13:06 20.53 0.64 -44.26 19.54
15:13:06 20.52 0.79 -44.02 19.49
15:13:06 20.99 0.95 -44.28 19.54
15:13:07 20.68 0.95 -44.28 19.69
15:13:07 20.68 0.94 -44.03 20.00
15:13:07 20.84 0.79 -44.27 19.87
15:13:07 20.67 1.07 -43.53 19.82
15:13:08 20.67 0.93 -43.78 20.02
15:13:08 20.99 0.77 -43.77 19.78
15:13:08 21.15 0.95 -44.28 19.80
15:13:08 20.83 0.78 -43.77 19.89
15:13:09 20.37 0.94 -44.02 19.73
15:13:09 20.98 1.08 -43.79 19.67
15:13:09 20.82 0.91 -43.28 19.85
15:13:10 20.51 0.92 -43.52 19.73
15:13:10 20.83 0.94 -44.03 19.80
15:13:10 20.67 1.08 -43.78 19.85
15:13:10 20.82 1.70 -43.81 19.87
15:13:11 20.83 0.61 -43.52 19.85
15:13:11 20.99 1.09 -44.04 20.02
15:13:11 21.14 1.39 -43.80 20.31
15:13:11 21.15 0.78 -44.03 20.22
15:13:12 20.68 1.09 -44.03 20.15
15:13:12 20.98 1.08 -43.79 20.31
15:13:12 21.14 0.93 -43.78 20.42
15:13:13 20.99 1.25 -44.04 20.55
15:13:13 20.83 1.08 -43.78 20.60
15:13:13 20.98 0.76 -43.52 20.97
15:13:13 20.68 1.27 -44.54 20.88
15:13:14 21.14 1.41 -44.30 21.13
15:13:14 20.98 1.39 -43.80 20.93
15:13:14 20.82 1.52 -43.30 21.15
15:13:14 20.36 1.55 -43.79 21.28
15:13:15 20.98 1.38 -43.55 21.50
15:13:15 20.98 1.38 -43.55 21.57
15:13:15 20.67 1.55 -43.80 21.62
15:13:16 20.97 1.52 -43.30 21.77
15:13:16 20.82 1.37 -43.29 21.68
15:13:16 21.13 1.68 -43.31 21.75
15:13:16 21.13 1.69 -43.56 21.59
15:13:17 21.13 1.69 -43.56 21.44
15:13:17 20.98 1.70 -43.81 21.37
15:13:17 20.51 1.70 -43.80 21.59
15:13:17 20.68 1.25 -44.04 21.48
15:13:18 20.67 1.70 -43.81 21.62
15:13:18 20.97 1.05 -43.03 21.75
15:13:18 21.29 1.22 -43.55 22.01
15:13:18 20.97 1.68 -43.31 22.12
15:13:19 20.66 1.22 -43.29 22.28
15:13:19 21.28 1.82 -43.07 22.28
15:13:19 21.28 1.68 -43.31 22.35
15:13:20 21.43 1.81 -42.82 22.52
15:13:20 21.12 1.97 -43.07 22.74
15:13:20 21.29 1.69 -43.82 22.74
15:13:20 21.12 1.82 -43.07 22.72
15:13:21 20.97 1.68 -43.31 22.74
15:13:21 20.82 1.84 -43.56 22.68
15:13:21 21.12 2.29 -43.34 22.57
15:13:21 20.97 1.83 -43.32 22.57
15:13:22 20.65 1.66 -42.80 22.54
15:13:22 20.82 1.84 -43.56 22.72
15:13:22 21.13 1.69 -43.56 22.52
15:13:23 21.58 1.96 -42.83 22.59
15:13:23 20.97 2.29 -43.33 22.77
15:13:23 21.12 1.97 -43.07 22.92
15:13:23 20.81 1.82 -43.06 22.90
15:13:24 20.66 2.14 -43.32 23.01
15:13:24 21.43 2.29 -43.34 22.96
15:13:24 20.97 2.29 -43.33 22.99
15:13:24 20.80 1.80 -42.56 23.14
15:13:25 21.12 1.81 -42.82 23.01
15:13:25 20.96 1.81 -42.81 23.12
15:13:25 20.81 1.99 -43.32 22.92
15:13:26 20.96 2.11 -42.58 23.10
15:13:26 20.81 2.13 -43.07 23.08
15:13:26 21.28 1.97 -43.08 22.96
15:13:26 21.12 2.28 -43.09 23.10
15:13:27 20.66 2.14 -43.32 23.14
15:13:27 20.96 1.97 -42.82 23.23
15:13:27 20.96 2.26 -42.58 23.19
15:13:27 21.43 2.27 -42.84 23.27
15:13:28 21.13 2.45 -43.59 23.27
15:13:28 21.12 1.96 -42.82 23.34
15:13:28 20.95 2.56 -42.34 23.52
15:13:28 21.11 2.73 -42.85 23.78
15:13:29 20.95 2.25 -42.33 23.76
15:13:29 20.81 1.98 -43.07 23.81
15:13:29 20.80 2.12 -42.82 23.89
15:13:30 21.42 2.58 -42.85 23.76
15:13:30 21.27 2.43 -43.09 23.87
15:13:30 21.26 2.25 -42.34 23.74
15:13:30 21.58 2.11 -42.84 23.83
15:13:31 20.96 2.12 -42.83 24.05
15:13:31 20.97 2.45 -43.34 23.96
15:13:31 21.27 2.11 -42.58 24.25
15:13:31 20.65 2.11 -42.57 24.03
15:13:32 20.80 1.96 -42.57 24.16
15:13:32 21.58 2.74 -43.11 24.34
15:13:32 21.11 2.41 -42.34 24.07
15:13:33 20.95 2.40 -42.09 24.07
15:13:33 21.12 2.74 -43.10 24.29
15:13:33 20.80 2.26 -42.58 24.38
15:13:33 21.12 2.44 -43.09 24.16
15:13:34 20.97 2.45 -43.34 24.27
15:13:34 20.82 2.30 -43.58 24.36
15:13:34 21.27 2.59 -43.10 24.38
15:13:34 20.96 2.43 -42.84 24.16
15:13:35 20.95 2.42 -42.59 24.14
15:13:35 21.12 2.12 -42.83 24.18
15:13:35 21.11 2.57 -42.60 24.34
15:13:36 21.26 2.57 -42.60 24.34
15:13:36 21.11 2.26 -42.58 24.34
15:13:36 21.11 2.72 -42.60 24.40
15:13:36 20.96 2.58 -42.84 24.47
15:13:37 21.26 2.88 -42.61 24.47
15:13:37 20.95 2.42 -42.59 24.71
15:13:37 21.27 2.73 -42.86 24.98
15:13:37 21.11 2.58 -42.85 24.82
15:13:38 20.64 2.56 -42.34 24.89
15:13:38 21.27 3.20 -43.12 24.96
15:13:38 20.94 2.86 -42.10 25.00
15:13:39 21.42 2.72 -42.61 24.89
15:13:39 21.27 2.41 -42.59 24.78
15:13:39 21.41 2.39 -42.09 24.98
15:13:39 21.11 2.41 -42.34 24.96
15:13:40 20.96 2.43 -42.84 25.02
15:13:40 21.43 2.59 -43.10 25.09
15:13:40 20.96 2.73 -42.85 25.09
15:13:40 21.11 2.41 -42.34 25.27
15:13:41 20.64 2.72 -42.34 25.27
15:13:41 20.63 2.85 -41.85 25.27
15:13:41 21.10 3.01 -42.11 25.13
15:13:42 20.48 2.87 -42.35 25.20
15:13:42 20.95 2.56 -42.34 25.11
15:13:42 21.10 2.70 -42.10 25.42
15:13:42 21.10 2.71 -42.35 25.20
15:13:43 21.11 2.88 -42.61 25.31
15:13:43 21.11 2.73 -42.85 25.24
15:13:43 21.11 2.42 -42.59 25.58
15:13:43 20.79 2.55 -42.09 25.55
15:13:44 20.62 3.15 -41.61 25.62
15:13:44 21.10 2.87 -42.36 25.71
15:13:44 21.10 2.70 -42.10 25.88
15:13:44 21.26 2.56 -42.35 25.88
15:13:45 21.25 3.33 -42.38 25.84
15:13:45 21.09 3.00 -41.86 25.82
15:13:45 21.10 3.02 -42.36 26.06
15:13:46 21.10 2.71 -42.35 25.69
15:13:46 20.95 2.87 -42.36 26.08
15:13:46 21.10 3.18 -42.37 25.84
15:13:46 21.10 3.33 -42.38 26.00
15:13:47 20.48 3.02 -42.10 25.88
15:13:47 20.79 2.86 -42.10 25.82
15:13:47 20.94 3.01 -42.11 26.00
15:13:47 21.41 2.87 -42.36 26.00
15:13:48 21.26 2.55 -42.10 26.35
15:13:48 20.94 2.86 -42.10 26.68
15:13:48 21.25 3.46 -41.88 26.79
15:13:49 20.78 3.16 -41.86 26.92
15:13:49 21.41 3.16 -42.12 26.84
15:13:49 20.62 3.14 -41.36 27.01
15:13:49 20.78 3.79 -42.39 27.08
15:13:50 21.24 3.14 -41.37 27.43
15:13:50 21.08 3.76 -41.64 27.68
15:13:50 21.39 3.28 -41.13 27.54
15:13:50 21.71 3.14 -41.63 27.35
15:13:51 21.09 3.62 -41.89 27.52
15:13:51 21.40 3.61 -41.64 27.65
15:13:51 21.24 3.76 -41.64 27.57
15:13:52 21.24 3.91 -41.65 27.70
15:13:52 21.09 3.45 -41.63 27.74
15:13:52 20.62 3.76 -41.63 27.72
15:13:52 21.09 3.62 -41.89 27.61
15:13:53 21.24 3.44 -41.38 27.48
15:13:53 21.40 3.31 -41.88 27.68
15:13:53 21.09 3.77 -41.89 27.41
15:13:53 21.40 3.93 -42.15 27.72
15:13:54 21.39 3.44 -41.38 27.48
15:13:54 20.78 3.48 -42.13 27.59
15:13:54 21.41 3.47 -42.14 27.50
15:13:55 21.24 3.29 -41.38 27.50
15:13:55 21.23 3.74 -41.14 27.85
15:13:55 21.07 4.05 -41.15 27.74
15:13:55 21.39 4.07 -41.66 27.50
15:13:56 21.24 3.14 -41.62 27.79
15:13:56 21.56 3.47 -42.14 27.81
15:13:56 21.09 3.45 -41.63 27.77
15:13:56 21.40 3.46 -41.89 27.68
15:13:57 21.09 3.77 -41.89 27.65
15:13:57 21.09 3.30 -41.62 27.72
15:13:57 21.08 3.60 -41.39 27.70
15:13:57 21.24 3.62 -41.89 27.72
15:13:58 21.23 3.74 -41.14 27.88
15:13:58 21.86 3.92 -41.91 27.81
15:13:58 21.09 3.77 -41.89 27.77
15:13:59 21.09 3.46 -41.88 27.96
15:13:59 21.24 3.76 -41.64 27.92
15:13:59 20.93 3.92 -41.65 27.94
15:13:59 21.56 3.46 -41.89 27.94
15:14:00 21.10 4.26 -42.66 27.90
15:14:00 21.24 3.92 -41.90 28.01
15:14:00 21.09 3.45 -41.63 28.03
15:14:00 21.24 3.77 -41.89 28.03
15:14:01 20.93 3.45 -41.63 27.88
15:14:01 20.93 3.62 -41.88 27.88
15:14:01 21.09 3.61 -41.64 27.90
15:14:02 21.39 3.60 -41.39 27.99
15:14:02 21.24 3.44 -41.38 28.19
15:14:02 21.09 3.78 -42.14 28.01
15:14:02 21.24 3.60 -41.39 27.96
15:14:03 21.08 3.60 -41.39 28.12
15:14:03 21.08 3.28 -41.12 28.16
15:14:03 21.09 3.62 -41.89 28.10
15:14:03 21.08 3.76 -41.64 27.92
15:14:04 21.40 3.45 -41.63 28.08
15:14:04 21.24 3.76 -41.64 27.99
15:14:04 21.08 3.43 -41.13 28.12
15:14:05 21.40 3.61 -41.64 28.16
15:14:05 20.93 3.77 -41.89 28.05
15:14:05 21.09 3.92 -41.90 28.30
15:14:05 21.40 3.61 -41.64 28.32
15:14:06 21.24 3.60 -41.39 28.25
15:14:06 21.08 3.91 -41.40 28.36
15:14:06 21.23 3.73 -40.89 28.47
15:14:06 21.39 3.90 -41.40 28.45
15:14:07 21.55 3.75 -41.40 28.58
15:14:07 21.23 4.05 -41.16 28.65
15:14:07 21.08 3.74 -41.14 28.54
15:14:08 21.39 4.06 -41.41 28.56
15:14:08 21.39 3.75 -41.40 28.81
15:14:08 21.24 3.75 -41.39 28.45
15:14:08 21.08 3.90 -41.15 28.47
15:14:09 21.39 4.22 -41.66 28.76
15:14:09 21.55 4.22 -41.67 28.69
15:14:09 21.24 3.91 -41.65 28.85
15:14:09 21.24 4.38 -41.92 28.69
15:14:10 21.23 4.05 -41.16 28.87
15:14:10 21.54 4.06 -41.41 28.72
15:14:10 21.39 3.90 -41.40 29.00
15:14:10 21.55 4.07 -41.66 29.18
15:14:11 21.55 4.37 -41.67 29.14
15:14:11 21.39 3.89 -41.15 29.38
15:14:11 21.23 4.20 -41.16 29.58
15:14:12 21.07 4.20 -41.16 29.76
15:14:12 21.22 4.34 -40.67 29.51
15:14:12 21.07 4.36 -41.16 29.67
15:14:12 21.23 4.37 -41.42 29.49
15:14:13 21.08 4.07 -41.65 29.49
15:14:13 21.39 4.06 -41.41 29.51
15:14:13 21.23 4.37 -41.42 29.40
15:14:13 21.08 4.06 -41.40 29.56
15:14:14 21.39 3.89 -41.15 29.49
15:14:14 21.55 4.07 -41.66 29.36
15:14:14 21.69 4.04 -40.91 29.49
15:14:15 21.39 4.21 -41.41 29.29
15:14:15 21.54 3.89 -41.15 29.62
15:14:15 21.07 4.05 -41.15 29.51
15:14:15 21.22 4.35 -40.92 29.69
15:14:16 21.38 4.34 -40.92 29.51
15:14:16 21.38 4.18 -40.66 29.67
15:14:16 21.23 4.37 -41.42 29.65
15:14:16 21.53 4.49 -40.68 29.82
15:14:17 21.38 4.35 -41.17 29.78
15:14:17 21.69 4.04 -40.91 29.58
15:14:17 21.23 4.36 -41.17 29.47
15:14:18 21.39 3.91 -41.65 29.82
15:14:18 21.23 4.05 -41.16 29.73
15:14:18 21.69 4.65 -40.94 29.71
15:14:18 21.38 4.20 -41.16 29.67
15:14:19 21.38 3.72 -40.64 29.65
15:14:19 21.85 4.51 -41.43 29.73
15:14:19 21.55 4.07 -41.66 29.71
15:14:19 21.54 4.20 -41.17 29.67
15:14:20 21.08 4.07 -41.65 29.51
15:14:20 21.23 4.06 -41.41 29.78
15:14:20 21.38 4.20 -41.16 29.82
15:14:21 21.70 4.21 -41.42 29.65
15:14:21 21.08 4.21 -41.41 29.71
15:14:21 21.54 4.19 -40.92 29.60
15:14:21 21.69 4.04 -40.91 29.91
15:14:22 20.91 4.67 -41.17 29.85
15:14:22 21.70 4.36 -41.43 30.02
15:14:22 21.38 4.19 -40.91 29.76
15:14:22 21.54 4.51 -41.18 29.89
15:14:23 21.22 4.50 -40.92 30.11
15:14:23 21.69 4.19 -40.92 29.98
15:14:23 21.23 4.36 -41.17 30.38
15:14:23 21.22 4.65 -40.93 30.58
15:14:24 21.69 4.34 -40.92 30.60
15:14:24 21.07 4.50 -40.92 30.64
15:14:24 21.53 4.18 -40.66 30.71
15:14:25 21.53 4.32 -40.42 30.66
15:14:25 21.69 4.80 -40.94 30.75
15:14:25 21.23 4.66 -41.18 30.60
15:14:25 21.37 4.95 -40.69 30.80
15:14:26 21.53 4.97 -41.20 30.64
15:14:26 21.21 4.63 -40.43 30.58
15:14:26 21.38 4.65 -40.93 30.66
15:14:27 21.23 4.51 -41.17 30.60
15:14:27 21.39 4.69 -41.93 30.69
15:14:27 21.22 4.35 -40.92 30.60
15:14:27 21.22 4.81 -40.93 30.51
15:14:28 21.68 4.78 -40.44 30.38
15:14:28 21.53 4.80 -40.69 31.00
15:14:28 21.54 4.66 -41.18 30.84
15:14:28 21.22 4.82 -41.19 30.75
15:14:29 21.23 4.66 -41.18 30.84
15:14:29 20.91 4.65 -40.67 30.73
15:14:29 21.84 4.33 -40.68 30.97
15:14:29 21.54 4.81 -41.19 31.11
15:14:30 21.05 5.10 -40.44 30.84
15:14:30 22.01 4.35 -41.18 31.24
15:14:30 21.69 4.81 -41.19 31.08
15:14:31 21.37 4.63 -40.43 31.39
15:14:31 21.37 4.95 -40.69 31.35
15:14:31 21.37 4.94 -40.44 31.33
15:14:31 21.38 4.81 -40.94 31.44
15:14:32 21.84 4.95 -40.70 31.57
15:14:32 21.83 5.25 -40.71 31.53
15:14:32 21.53 4.96 -40.95 31.53
15:14:32 21.52 5.09 -40.45 31.53
15:14:33 21.52 4.79 -40.44 31.28
15:14:33 21.37 4.79 -40.44 31.79
15:14:33 21.53 4.95 -40.69 31.84
15:14:34 21.99 4.78 -40.45 31.81
15:14:34 21.53 4.64 -40.68 31.99
15:14:34 21.21 4.93 -40.19 32.17
15:14:34 21.53 4.80 -40.69 32.50
15:14:35 21.68 5.10 -40.70 32.32
15:14:35 21.06 5.42 -40.96 32.30
15:14:35 21.37 4.95 -40.69 32.32
15:14:35 21.37 4.94 -40.44 32.30
15:14:36 21.53 5.11 -40.95 32.37
15:14:36 21.21 5.57 -40.71 32.26
15:14:36 21.67 5.08 -40.20 32.63
15:14:37 21.67 5.54 -40.22 32.63
15:14:37 21.98 5.22 -39.96 32.94
15:14:37 21.20 5.24 -40.20 32.77
15:14:37 21.36 5.23 -39.95 32.99
15:14:38 21.82 5.54 -40.22 32.83
15:14:38 21.98 5.06 -39.71 32.74
15:14:38 21.52 5.40 -40.46 32.79
15:14:38 21.82 5.23 -39.96 32.57
15:14:39 21.36 5.24 -40.20 32.70
15:14:39 21.52 5.40 -40.46 32.79
15:14:39 21.52 5.40 -40.46 32.77
15:14:39 21.53 5.57 -40.97 33.03
15:14:40 21.67 5.39 -40.21 32.99
15:14:40 21.51 5.70 -40.22 33.08
15:14:40 21.52 5.25 -40.46 33.27
15:14:41 21.35 5.54 -39.96 33.16
15:14:41 21.51 5.23 -39.96 33.05
15:14:41 21.67 5.08 -40.20 33.01
15:14:41 21.51 5.38 -39.96 33.21
15:14:42 21.97 5.83 -39.74 33.19
15:14:42 21.67 5.53 -39.97 33.23
15:14:42 21.52 5.08 -40.20 33.19
15:14:42 21.36 6.02 -40.48 33.50
15:14:43 21.82 5.54 -40.22 33.43
15:14:43 21.82 5.70 -40.23 33.30
15:14:43 21.52 5.56 -40.72 33.25
15:14:44 21.82 5.07 -39.95 33.43
15:14:44 21.35 5.53 -39.71 33.47
15:14:44 21.66 5.83 -39.73 33.83
15:14:44 21.51 5.22 -39.70 33.85
15:14:45 21.51 6.01 -40.24 33.69
15:14:45 21.36 5.71 -40.47 33.78
15:14:45 21.82 5.52 -39.72 33.81
15:14:45 21.35 5.54 -39.96 33.89
15:14:46 21.36 5.71 -40.47 33.94
15:14:46 21.35 6.14 -39.74 33.87
15:14:46 21.51 5.69 -39.97 33.96
15:14:47 21.66 6.00 -39.99 33.83
15:14:47 21.67 5.54 -40.22 33.92
15:14:47 21.83 5.71 -40.48 34.00
15:14:47 21.51 5.84 -39.98 34.00
15:14:48 21.82 5.69 -39.98 34.05
15:14:48 21.66 5.69 -39.98 33.98
15:14:48 21.66 6.29 -39.75 33.94
15:14:48 21.82 6.16 -40.25 33.74
15:14:49 21.81 5.83 -39.73 33.98
15:14:49 21.65 6.12 -39.24 33.85
15:14:49 21.68 5.72 -40.73 33.76
15:14:50 21.50 5.68 -39.72 33.74
15:14:50 21.82 5.53 -39.97 33.85
15:14:50 21.65 5.98 -39.49 34.03
15:14:50 21.67 6.00 -40.24 33.92
15:14:51 21.82 5.99 -39.99 34.20
15:14:51 21.35 6.15 -39.99 34.29
15:14:51 21.81 6.29 -39.75 34.56
15:14:51 21.82 5.99 -39.99 34.45
15:14:52 21.50 6.13 -39.49 34.47
15:14:52 21.96 5.96 -39.24 34.34
15:14:52 21.50 5.68 -39.72 34.51
15:14:53 21.66 6.14 -39.74 34.42
15:14:53 21.97 5.99 -39.99 34.58
15:14:53 21.96 6.11 -39.00 34.76
15:14:53 21.66 5.83 -39.73 34.76
15:14:54 21.96 5.96 -39.24 34.76
15:14:54 21.82 6.16 -40.25 35.00
15:14:54 21.97 5.99 -39.99 34.93
15:14:54 21.66 5.68 -39.73 34.93
15:14:55 21.19 5.99 -39.73 34.73
15:14:55 21.19 6.31 -39.99 34.78
15:14:55 21.97 5.99 -39.99 34.78
15:14:55 21.80 6.12 -39.24 34.76
15:14:56 21.97 5.84 -39.99 35.02
15:14:56 21.19 6.14 -39.74 34.96
15:14:56 21.65 6.45 -39.76 35.02
15:14:57 22.12 6.14 -39.75 35.13
15:14:57 21.95 6.42 -39.01 35.09
15:14:57 21.65 6.27 -39.25 35.27
15:14:57 21.49 6.11 -38.99 35.07
15:14:58 21.97 6.14 -39.75 35.18
15:14:58 21.18 5.95 -38.73 35.15
15:14:58 21.34 6.59 -39.51 35.09
15:14:58 21.65 6.44 -39.50 35.29
15:14:59 21.65 6.28 -39.50 35.22
15:14:59 21.81 6.13 -39.49 35.31
15:14:59 22.11 6.73 -39.27 35.35
15:15:00 21.50 6.30 -40.00 35.27
15:15:00 21.50 6.30 -40.00 35.02
15:15:00 21.50 6.28 -39.50 35.09
15:15:00 21.66 6.14 -39.74 35.00
15:15:01 21.81 6.28 -39.50 35.02
15:15:01 21.50 5.82 -39.48 35.07
15:15:01 21.51 6.31 -40.25 35.18
15:15:01 21.81 5.98 -39.74 35.18
15:15:02 21.81 6.45 -39.76 35.13
15:15:02 21.96 6.43 -39.51 35.04
15:15:02 21.34 6.28 -39.24 35.02
15:15:03 21.81 6.44 -39.51 35.09
15:15:03 21.81 6.29 -39.75 35.13
15:15:03 21.81 6.28 -39.50 35.09
15:15:03 21.50 6.29 -39.75 35.11
15:15:04 21.50 6.29 -39.75 35.04
15:15:04 22.13 6.00 -40.25 35.00
15:15:04 21.82 6.15 -40.00 35.11
15:15:04 21.95 6.42 -39.01 35.15
15:15:05 21.81 5.82 -39.48 35.04
15:15:05 21.66 6.30 -40.00 35.02
15:15:05 21.65 5.98 -39.49 34.87
15:15:05 21.65 6.28 -39.50 35.11
15:15:06 21.81 6.28 -39.50 34.89
15:15:06 21.34 6.75 -39.51 34.89
15:15:06 21.82 6.30 -40.00 34.98
15:15:07 21.34 6.30 -39.74 35.11
15:15:07 21.49 5.97 -39.23 35.07
15:15:07 21.65 6.43 -39.25 35.09
15:15:07 21.49 6.42 -39.00 34.98
15:15:08 21.66 6.61 -40.01 35.00
15:15:08 21.64 6.42 -39.00 35.13
15:15:08 21.49 6.43 -39.25 35.07
15:15:08 21.34 6.43 -39.25 35.11
15:15:09 21.66 6.15 -39.99 35.44
15:15:09 21.65 6.27 -39.25 35.66
15:15:09 21.96 6.43 -39.51 35.77
15:15:10 21.64 6.10 -38.74 35.82
15:15:10 21.65 6.43 -39.25 36.11
15:15:10 21.95 7.04 -39.28 36.28
15:15:10 21.65 6.58 -39.26 36.50
15:15:11 21.95 6.40 -38.51 36.33
15:15:11 21.65 6.58 -39.26 36.68
15:15:11 21.65 6.58 -39.26 36.70
15:15:11 21.50 6.91 -39.77 36.48
15:15:12 21.33 6.89 -39.27 36.73
15:15:12 22.11 6.73 -39.27 36.86
15:15:12 22.27 6.59 -39.52 36.77
15:15:13 21.64 6.73 -39.02 37.08
15:15:13 21.95 7.03 -39.03 37.06
15:15:13 22.11 7.04 -39.29 37.39
15:15:13 21.95 6.71 -38.77 37.28
15:15:14 21.33 7.04 -39.27 36.92
15:15:14 21.80 7.04 -39.28 36.92
15:15:14 21.96 6.90 -39.53 36.99
15:15:14 21.64 6.87 -38.77 37.15
15:15:15 21.64 7.34 -39.04 37.10
15:15:15 21.63 6.86 -38.52 37.30
15:15:15 21.79 7.03 -39.03 37.48
15:15:16 21.50 6.91 -39.77 37.12
15:15:16 21.80 6.88 -39.02 37.41
15:15:16 21.96 7.06 -39.78 37.61
15:15:16 21.80 7.20 -39.54 37.43
15:15:17 21.63 7.18 -38.78 37.57
15:15:17 21.80 7.35 -39.29 37.77
15:15:17 22.26 6.87 -39.03 37.79
15:15:17 21.94 7.16 -38.29 37.88
15:15:18 21.47 7.17 -38.53 37.99
15:15:18 21.95 7.02 -38.78 38.14
15:15:18 21.78 7.47 -38.55 38.16
15:15:19 21.47 7.48 -38.54 38.21
15:15:19 21.32 7.17 -38.53 37.88
15:15:19 21.79 7.02 -38.78 38.14
15:15:19 21.63 7.32 -38.54 37.92
15:15:20 21.94 7.32 -38.54 37.96
15:15:20 21.79 7.64 -38.80 37.94
15:15:20 21.94 7.33 -38.79 38.10
15:15:20 21.95 7.02 -38.78 38.50
15:15:21 22.11 7.50 -39.30 38.45
15:15:21 21.63 7.64 -38.80 38.67
15:15:21 21.63 7.48 -38.79 38.65
15:15:21 22.10 7.34 -39.05 38.45
15:15:22 21.94 7.47 -38.55 38.72
15:15:22 21.94 7.48 -38.80 38.65
15:15:22 21.62 7.62 -38.30 38.78
15:15:23 22.25 7.31 -38.30 38.65
15:15:23 21.94 7.32 -38.54 38.65
15:15:23 21.93 7.46 -38.30 38.78
15:15:23 22.24 7.30 -38.05 38.83
15:15:24 22.09 7.62 -38.31 38.98
15:15:24 21.48 7.33 -38.79 38.76
15:15:24 22.08 7.60 -37.81 39.07
15:15:24 22.09 7.46 -38.30 39.20
15:15:25 22.72 7.32 -38.81 39.27
15:15:25 22.09 7.45 -38.05 39.16
15:15:25 22.56 7.61 -38.31 39.36
15:15:26 21.77 8.08 -38.32 39.12
15:15:26 21.94 7.47 -38.55 39.16
15:15:26 21.92 7.90 -37.82 39.14
15:15:26 22.09 7.77 -38.31 39.18
15:15:27 21.78 7.62 -38.30 39.36
15:15:27 22.09 7.92 -38.32 39.34
15:15:27 21.94 8.10 -38.82 39.40
15:15:27 21.77 7.76 -38.06 39.40
15:15:28 21.78 8.24 -38.58 39.76
15:15:28 22.24 7.91 -38.07 39.58
15:15:28 21.93 7.76 -38.06 39.62
15:15:29 21.92 8.06 -37.82 39.67
15:15:29 21.93 8.23 -38.33 39.82
15:15:29 21.76 7.90 -37.56 39.76
15:15:29 21.92 8.06 -37.82 39.69
15:15:30 21.45 7.74 -37.55 39.91
15:15:30 22.24 7.92 -38.32 40.00
15:15:30 22.08 8.07 -38.07 39.93
15:15:30 21.93 7.92 -38.32 39.73
15:15:31 21.93 8.07 -38.07 39.69
15:15:31 22.23 7.74 -37.56 39.96
15:15:31 21.94 7.79 -38.81 39.82
15:15:32 22.54 7.89 -37.57 40.18
15:15:32 22.39 7.91 -38.07 40.11
15:15:32 21.47 8.40 -38.58 40.27
15:15:32 22.23 8.21 -37.83 40.55
15:15:33 22.39 7.90 -37.82 40.49
15:15:33 22.39 8.06 -38.08 40.62
15:15:33 22.07 8.52 -37.84 40.51
15:15:33 21.78 8.10 -38.82 40.31
15:15:34 21.77 8.38 -38.08 40.40
15:15:34 22.24 7.91 -38.07 40.35
15:15:34 21.61 8.53 -38.09 40.20
15:15:34 21.61 8.22 -38.07 40.18
15:15:35 21.61 8.20 -37.57 40.27
15:15:35 21.78 8.24 -38.58 40.27
15:15:35 21.93 7.60 -37.80 40.11
15:15:36 22.08 8.06 -37.82 40.02
15:15:36 22.25 7.93 -38.57 40.42
15:15:36 21.93 8.07 -38.07 40.29
15:15:36 22.08 7.91 -38.07 40.24
15:15:37 21.61 8.06 -37.82 40.27
15:15:37 22.08 7.90 -37.82 40.18
15:15:37 21.77 7.76 -38.06 40.18
15:15:37 21.78 7.93 -38.31 40.18
15:15:38 22.08 8.37 -38.09 40.09
15:15:38 21.62 8.08 -38.32 40.00
15:15:38 21.92 8.68 -38.10 40.31
15:15:39 21.93 8.07 -38.07 40.20
15:15:39 21.77 7.92 -38.06 40.31
15:15:39 22.09 7.94 -38.82 40.09
15:15:39 22.07 8.67 -37.85 40.38
15:15:40 21.77 8.38 -38.08 40.15
15:15:40 21.93 7.77 -38.31 40.38
15:15:40 22.24 8.38 -38.34 40.27
15:15:40 21.62 8.08 -38.32 40.44
15:15:41 22.07 8.52 -37.84 40.49
15:15:41 22.24 7.76 -38.06 40.38
15:15:41 21.77 8.38 -38.08 40.35
15:15:42 21.93 7.91 -38.07 40.42
15:15:42 21.61 7.74 -37.55 40.40
15:15:42 21.76 8.67 -37.84 40.33
15:15:42 21.77 8.06 -37.82 40.27
15:15:43 21.78 8.09 -38.57 40.38
15:15:43 21.92 8.52 -37.84 40.29
15:15:43 22.24 8.07 -38.08 40.35
15:15:43 22.39 8.21 -37.83 40.24
15:15:44 21.77 8.68 -38.09 40.40
15:15:44 21.77 8.68 -38.09 40.22
15:15:44 21.77 8.06 -37.82 40.38
15:15:45 22.08 8.22 -38.08 40.38
15:15:45 22.23 8.36 -37.84 40.46
15:15:45 22.07 8.36 -37.59 40.31
15:15:45 22.38 8.66 -37.60 40.29
15:15:46 22.07 8.36 -37.59 40.29
15:15:46 21.77 8.23 -38.33 40.29
15:15:46 22.23 8.83 -37.86 40.33
15:15:46 22.23 8.20 -37.58 40.40
15:15:47 21.76 8.52 -37.84 40.44
15:15:47 21.76 8.05 -37.57 40.46
15:15:47 22.08 8.36 -37.84 40.66
15:15:47 21.92 8.51 -37.59 40.91
15:15:48 22.07 8.67 -37.85 41.11
15:15:48 21.75 8.80 -37.10 41.08
15:15:48 21.92 8.67 -37.85 41.11
15:15:49 22.08 8.53 -38.09 40.86
15:15:49 21.77 8.23 -38.33 40.71
15:15:49 21.93 8.22 -38.08 40.77
15:15:49 21.92 8.36 -37.58 40.88
15:15:50 21.77 8.53 -38.09 40.82
15:15:50 22.07 8.36 -37.59 40.84
15:15:50 21.76 8.67 -37.84 40.69
15:15:50 22.09 8.08 -38.33 40.97
15:15:51 22.23 8.51 -37.59 40.62
15:15:51 21.46 8.06 -37.81 40.64
15:15:51 22.23 8.06 -37.83 40.84
15:15:52 21.76 8.04 -37.32 40.77
15:15:52 22.08 8.21 -37.83 40.73
15:15:52 21.92 7.89 -37.56 41.02
15:15:52 21.91 8.82 -37.60 40.69
15:15:53 21.93 8.22 -38.08 40.95
15:15:53 22.08 8.06 -37.82 40.91
15:15:53 21.92 8.36 -37.58 40.93
15:15:53 21.92 8.51 -37.59 41.04
15:15:54 21.91 8.50 -37.34 41.15
15:15:54 21.76 8.50 -37.34 41.39
15:15:54 22.22 8.49 -37.09 41.55
15:15:55 22.23 8.51 -37.59 41.59
15:15:55 22.07 8.52 -37.84 41.46
15:15:55 21.91 8.50 -37.34 41.66
15:15:55 22.23 8.98 -37.86 41.59
15:15:56 22.08 8.68 -38.10 41.73
15:15:56 21.60 8.34 -37.08 41.64
15:15:56 21.76 8.36 -37.58 41.59
15:15:56 22.38 8.82 -37.86 41.57
15:15:57 22.22 9.11 -37.37 41.66
15:15:57 22.23 8.98 -37.86 41.73
15:15:57 22.23 8.67 -37.85 41.81
15:15:58 22.08 8.36 -37.84 41.81
15:15:58 22.07 8.83 -37.85 42.01
15:15:58 22.37 8.64 -37.10 41.97
15:15:58 22.38 8.66 -37.60 41.97
15:15:59 21.91 8.66 -37.59 42.17
15:15:59 22.37 8.64 -37.10 42.30
15:15:59 22.37 9.10 -37.12 42.37
15:15:59 22.37 8.95 -37.11 42.70
15:16:00 22.67 8.93 -36.62 42.59
15:16:00 22.05 9.09 -36.86 42.63
15:16:00 22.37 8.95 -37.11 42.59
15:16:01 22.07 8.50 -37.34 42.72
15:16:01 21.91 9.12 -37.36 42.59
15:16:01 22.06 9.11 -37.36 42.57
15:16:01 22.21 9.26 -37.12 42.70
15:16:02 22.22 8.50 -37.34 42.81
15:16:02 22.68 8.94 -36.87 42.85
15:16:02 21.75 9.28 -37.62 42.85
15:16:02 22.22 9.27 -37.37 42.88
15:16:03 22.06 9.27 -37.37 42.96
15:16:03 22.37 9.09 -36.87 43.03
15:16:03 22.05 9.40 -36.88 43.16
15:16:04 22.22 9.43 -37.63 43.12
15:16:04 22.21 9.25 -36.87 43.27
15:16:04 22.37 9.10 -37.12 43.32
15:16:04 22.36 9.08 -36.62 43.81
15:16:05 21.89 9.09 -36.61 43.41
15:16:05 22.68 9.11 -37.37 43.41
15:16:05 22.52 9.26 -37.13 43.58
15:16:05 21.89 9.39 -36.62 43.87
15:16:06 22.36 9.55 -36.89 43.76
15:16:06 22.36 9.38 -36.38 43.56
15:16:06 22.52 9.26 -37.13 43.67
15:16:06 22.22 9.27 -37.37 43.63
15:16:07 22.38 9.28 -37.63 43.50
15:16:07 22.36 9.38 -36.38 43.69
15:16:07 22.21 9.87 -37.15 43.63
15:16:08 22.36 9.40 -36.88 43.67
15:16:08 22.53 9.43 -37.63 43.63
15:16:08 22.20 9.07 -36.36 43.45
15:16:08 22.52 9.55 -36.89 43.58
15:16:09 22.52 9.26 -37.13 43.45
15:16:09 21.90 9.25 -36.87 43.61
15:16:09 22.51 9.70 -36.64 43.58
15:16:09 22.52 9.40 -36.88 43.63
15:16:10 22.21 9.26 -37.12 43.61
15:16:10 21.89 9.09 -36.61 43.65
15:16:10 22.05 9.39 -36.62 43.72
15:16:11 22.67 9.70 -36.65 43.63
15:16:11 22.35 9.53 -36.39 43.78
15:16:11 22.37 9.26 -37.12 43.83
15:16:11 21.59 9.88 -37.14 43.72
15:16:12 22.05 9.55 -36.63 44.09
15:16:12 21.90 9.56 -36.88 44.03
15:16:12 22.05 9.70 -36.64 43.96
15:16:12 22.37 9.88 -37.40 44.20
15:16:13 22.67 9.39 -36.63 44.31
15:16:13 22.36 9.87 -37.15 44.23
15:16:13 22.35 9.69 -36.39 44.23
15:16:14 22.04 9.53 -36.13 44.18
15:16:14 22.51 9.54 -36.64 44.60
15:16:14 22.20 10.00 -36.40 44.73
15:16:14 22.51 9.52 -36.14 44.65
15:16:15 22.51 10.17 -36.91 44.67
15:16:15 22.51 10.00 -36.66 44.96
15:16:15 22.51 9.53 -36.39 44.85
15:16:15 22.36 9.25 -36.87 44.80
15:16:16 22.21 9.56 -36.88 44.82
15:16:16 22.20 10.00 -36.40 44.60
15:16:16 22.51 9.84 -36.40 44.93
15:16:17 22.35 9.99 -36.15 44.80
15:16:17 22.67 9.86 -36.90 44.73
15:16:17 22.51 9.53 -36.39 44.80
15:16:17 22.36 9.54 -36.64 44.85
15:16:18 22.35 10.01 -36.65 44.71
15:16:18 22.51 10.17 -36.91 44.54
15:16:18 21.89 9.54 -36.38 44.73
15:16:18 22.67 10.18 -37.17 44.60
15:16:19 22.51 9.69 -36.39 44.93
15:16:19 22.36 9.70 -36.64 44.42
15:16:19 22.20 9.85 -36.65 44.54
15:16:19 22.35 9.84 -36.40 44.69
15:16:20 22.51 10.00 -36.66 44.71
15:16:20 22.66 9.83 -36.15 44.76
15:16:20 22.36 9.86 -36.90 44.85
15:16:21 22.66 10.14 -36.16 44.85
15:16:21 22.51 10.17 -36.91 44.89
15:16:21 22.67 10.32 -36.92 44.98
15:16:21 22.67 9.86 -36.90 45.02
15:16:22 22.51 9.84 -36.40 44.96
15:16:22 22.51 10.16 -36.66 45.07
15:16:22 22.04 10.00 -36.40 45.02
15:16:22 22.50 10.46 -36.42 45.09
15:16:23 22.66 9.37 -36.13 45.29
15:16:23 21.88 9.53 -36.13 44.96
15:16:23 22.67 9.85 -36.65 44.98
15:16:24 22.51 9.84 -36.40 44.93
15:16:24 22.67 9.87 -37.15 44.89
15:16:24 22.20 10.01 -36.65 44.78
15:16:24 22.20 10.01 -36.65 45.07
15:16:25 22.51 9.70 -36.64 44.91
15:16:25 22.67 9.40 -36.89 44.82
15:16:25 22.52 9.86 -36.90 44.91
15:16:25 22.34 9.98 -35.90 45.04
15:16:26 22.65 9.97 -35.91 45.18
15:16:26 22.20 9.85 -36.65 45.07
15:16:26 22.35 10.15 -36.41 45.58
15:16:27 22.35 9.69 -36.39 45.44
15:16:27 22.51 10.16 -36.66 45.80
15:16:27 22.35 9.99 -36.15 45.73
15:16:27 22.67 10.18 -37.17 45.75
15:16:28 22.82 9.85 -36.66 45.80
15:16:28 22.20 10.02 -36.90 45.77
15:16:28 22.35 9.84 -36.40 45.51
15:16:28 22.04 9.85 -36.64 45.66
15:16:29 22.51 9.99 -36.41 45.42
15:16:29 22.52 9.71 -36.89 45.82
15:16:29 22.51 10.00 -36.66 45.69
15:16:30 22.20 9.69 -36.39 45.66
15:16:30 22.35 9.52 -36.13 45.51
15:16:30 22.66 10.14 -36.16 45.42
15:16:30 22.04 10.32 -36.66 45.55
15:16:31 22.19 10.14 -36.16 45.46
15:16:31 22.51 10.00 -36.66 45.58
15:16:31 22.04 10.31 -36.41 45.60
15:16:31 21.89 10.01 -36.65 45.55
15:16:32 22.34 10.12 -35.66 45.73
15:16:32 22.52 10.33 -37.17 45.80
15:16:32 22.50 10.13 -35.91 45.93
15:16:33 22.35 9.52 -36.13 46.08
15:16:33 22.50 10.14 -36.16 45.91
15:16:33 22.50 9.99 -36.16 46.02
15:16:33 22.34 10.29 -36.16 46.13
15:16:34 22.34 10.29 -36.16 46.22
15:16:34 22.34 9.98 -35.90 46.11
15:16:34 22.50 10.45 -36.17 46.04
15:16:34 22.51 9.99 -36.41 46.04
15:16:35 22.19 10.13 -35.91 45.95
15:16:35 22.19 10.30 -36.41 45.84
15:16:35 22.66 10.14 -36.16 46.04
15:16:35 22.51 10.31 -36.67 45.88
15:16:36 22.81 9.98 -36.16 45.91
15:16:36 22.35 9.83 -36.15 45.80
15:16:36 22.51 10.15 -36.41 45.82
15:16:37 22.35 10.00 -36.40 45.69
15:16:37 22.52 9.86 -36.90 45.77
15:16:37 22.51 9.69 -36.39 45.93
15:16:37 22.51 10.16 -36.66 45.71
15:16:38 22.37 10.03 -37.41 45.75
15:16:38 22.66 10.46 -36.68 45.69
15:16:38 22.51 9.84 -36.40 45.95
15:16:38 22.35 10.15 -36.41 45.77
15:16:39 22.50 9.99 -36.16 45.71
15:16:39 22.35 10.46 -36.42 45.75
15:16:39 22.19 10.14 -36.16 45.75
15:16:40 22.51 10.00 -36.66 45.80
15:16:40 22.52 9.55 -36.89 45.53
