15:22:06 20.27 1.30 -47.82 14.91
15:22:07 20.73 1.60 -47.83 15.02
15:22:07 20.12 1.30 -47.82 15.15
15:22:07 20.12 1.74 -47.35 14.80
15:22:07 20.27 1.59 -47.59 15.09
15:22:08 20.12 1.28 -47.33 15.04
15:22:08 19.66 1.29 -47.58 14.89
15:22:08 20.12 1.60 -47.59 15.02
15:22:09 20.11 1.75 -47.60 14.96
15:22:09 20.11 1.62 -48.33 15.31
15:22:09 19.96 1.48 -48.57 15.13
15:22:09 20.12 1.59 -47.35 14.78
15:22:10 19.96 1.61 -47.84 15.20
15:22:10 19.96 1.30 -47.83 14.82
15:22:10 20.12 1.60 -47.59 15.15
15:22:10 20.42 1.74 -47.35 15.38
15:22:11 20.11 1.75 -47.60 15.22
15:22:11 19.96 2.21 -47.61 15.31
15:22:11 19.96 1.89 -47.36 15.49
15:22:12 19.81 1.59 -47.35 15.44
15:22:12 19.80 1.76 -47.84 15.62
15:22:12 20.11 2.05 -47.61 15.40
15:22:12 20.42 1.91 -47.85 15.44
15:22:13 20.12 1.44 -47.58 15.24
15:22:13 20.11 1.90 -47.60 15.40
15:22:13 19.96 1.76 -47.84 15.51
15:22:13 19.81 1.60 -47.59 15.44
15:22:14 19.65 1.73 -47.11 15.55
15:22:14 20.11 2.05 -47.61 15.35
15:22:14 20.12 1.74 -47.35 15.42
15:22:15 19.96 1.90 -47.60 15.29
15:22:15 19.96 1.61 -47.84 15.64
15:22:15 20.58 1.59 -47.59 15.40
15:22:15 19.96 1.75 -47.60 15.44
15:22:16 19.66 1.29 -47.34 15.49
15:22:16 20.27 1.73 -47.11 15.58
15:22:16 19.96 1.60 -47.59 15.62
15:22:16 19.96 1.90 -47.60 15.66
15:22:17 19.65 1.75 -47.60 15.88
15:22:17 19.96 1.74 -47.35 16.08
15:22:17 20.12 1.88 -47.11 16.11
15:22:18 19.80 1.90 -47.60 16.46
15:22:18 19.80 2.49 -46.89 16.31
15:22:18 20.11 2.35 -47.37 16.35
15:22:18 19.80 2.05 -47.36 16.46
15:22:19 19.81 1.74 -47.35 16.46
15:22:19 20.42 2.02 -46.87 16.46
15:22:19 19.81 2.18 -46.88 16.59
15:22:19 20.42 2.33 -46.88 16.55
15:22:20 19.66 2.01 -46.39 16.84
15:22:20 20.11 2.04 -47.12 16.79
15:22:20 19.96 2.49 -46.89 16.84
15:22:21 19.81 2.32 -46.64 16.84
15:22:21 19.96 2.19 -47.12 16.90
15:22:21 19.49 2.66 -47.39 17.23
15:22:21 19.96 2.48 -46.65 17.21
15:22:22 19.96 2.63 -46.65 17.21
15:22:22 19.65 2.49 -46.89 17.30
15:22:22 19.96 2.33 -46.88 17.39
15:22:22 19.80 2.67 -47.63 17.52
15:22:23 19.95 2.95 -47.15 17.61
15:22:23 19.80 2.76 -46.17 17.92
15:22:23 20.12 2.45 -45.91 18.08
15:22:23 19.65 3.08 -46.43 18.05
15:22:24 19.80 3.24 -46.68 18.32
15:22:24 19.65 3.08 -46.43 18.69
15:22:24 19.96 2.90 -45.68 18.76
15:22:25 19.80 3.53 -46.20 18.92
15:22:25 19.65 3.21 -45.94 19.07
15:22:25 19.49 3.39 -46.44 19.12
15:22:25 19.49 3.37 -45.95 19.12
15:22:26 19.80 3.21 -45.94 19.27
15:22:26 19.34 3.50 -45.46 19.23
15:22:26 19.80 3.36 -45.70 19.29
15:22:26 19.49 3.38 -46.19 19.29
15:22:27 19.65 3.37 -45.95 19.58
15:22:27 19.49 3.40 -46.93 19.47
15:22:27 20.11 3.36 -45.94 19.20
15:22:28 19.34 3.23 -46.19 19.47
15:22:28 19.64 3.09 -46.67 19.45
15:22:28 19.34 3.38 -46.19 19.54
15:22:28 19.03 3.53 -46.20 19.38
15:22:29 19.65 3.06 -45.93 19.54
15:22:29 19.65 3.20 -45.70 19.82
15:22:29 19.18 3.51 -45.71 19.85
15:22:29 19.49 3.51 -45.71 19.87
15:22:30 19.64 3.52 -45.95 19.93
15:22:30 19.18 3.83 -45.97 20.07
15:22:30 19.33 3.97 -45.73 20.44
15:22:31 19.49 4.11 -45.49 20.62
15:22:31 19.64 4.40 -45.01 20.77
15:22:31 19.64 4.26 -45.49 20.91
15:22:31 19.49 4.09 -45.00 20.80
15:22:32 19.18 3.65 -45.23 21.22
15:22:32 19.34 4.10 -45.00 21.42
15:22:32 19.33 4.71 -45.26 21.62
15:22:32 19.33 4.54 -44.77 21.88
15:22:33 19.48 4.86 -45.02 21.84
15:22:33 19.49 4.22 -44.27 21.75
15:22:33 19.03 4.39 -44.76 22.12
15:22:34 19.02 4.40 -45.01 22.01
15:22:34 19.79 4.71 -45.26 22.10
15:22:34 19.49 4.84 -44.53 22.12
15:22:34 18.87 4.72 -45.27 22.04
15:22:35 19.48 4.86 -45.02 22.08
15:22:35 19.33 4.56 -45.26 22.10
15:22:35 19.33 4.98 -44.30 21.92
15:22:35 19.02 5.18 -45.28 21.95
15:22:36 19.79 5.13 -44.30 21.92
15:22:36 19.33 5.15 -44.55 22.08
15:22:36 19.48 4.85 -44.78 22.10
15:22:36 19.33 4.69 -44.53 22.54
15:22:37 19.49 4.53 -44.52 22.43
15:22:37 19.33 4.99 -44.54 22.50
15:22:37 18.71 4.99 -44.30 23.08
15:22:38 19.33 4.99 -44.54 23.03
15:22:38 19.33 5.44 -44.31 23.23
15:22:38 19.02 4.99 -44.30 23.12
15:22:38 19.18 4.70 -44.78 23.30
15:22:39 19.17 5.30 -44.55 23.32
15:22:39 19.48 5.13 -44.30 23.30
15:22:39 19.02 5.30 -44.55 23.23
15:22:39 19.48 5.29 -44.31 23.41
15:22:40 19.49 5.27 -43.82 23.32
15:22:40 19.48 5.31 -44.80 23.38
15:22:40 19.18 5.14 -44.30 23.47
15:22:41 19.02 5.45 -44.56 23.32
15:22:41 19.32 5.60 -44.56 23.32
15:22:41 19.01 6.22 -44.59 23.54
15:22:41 19.01 5.92 -44.82 23.83
15:22:42 19.48 5.74 -44.08 24.16
15:22:42 19.48 5.88 -43.84 24.42
15:22:42 19.17 6.36 -44.35 24.60
15:22:42 19.32 6.49 -43.86 24.67
15:22:43 19.17 6.03 -43.85 25.00
15:22:43 19.02 5.73 -43.84 24.85
15:22:43 18.86 6.04 -43.85 24.85
15:22:44 19.33 5.57 -43.58 25.00
15:22:44 19.17 5.89 -44.09 24.69
15:22:44 19.02 5.72 -43.59 24.91
15:22:44 18.86 6.16 -43.12 25.11
15:22:45 19.02 6.01 -43.11 25.27
15:22:45 18.71 6.03 -43.60 25.31
15:22:45 19.33 6.16 -43.12 25.49
15:22:45 19.02 6.18 -43.61 25.77
15:22:46 18.86 6.75 -42.65 25.91
15:22:46 18.87 6.14 -42.63 26.00
15:22:46 18.40 6.62 -43.14 26.15
15:22:47 18.71 6.47 -43.13 26.35
15:22:47 18.86 6.63 -43.38 26.42
15:22:47 18.86 6.92 -43.15 26.70
15:22:47 19.17 6.77 -43.14 26.75
15:22:48 19.02 6.43 -42.15 26.95
15:22:48 18.86 6.62 -43.14 26.79
15:22:48 19.47 6.78 -43.38 26.59
15:22:48 19.01 6.62 -43.13 26.64
15:22:49 19.33 6.45 -42.88 26.64
15:22:49 19.17 6.91 -42.90 26.57
15:22:49 18.86 6.78 -43.39 26.50
15:22:50 18.86 6.77 -43.14 26.59
15:22:50 19.17 6.76 -42.89 26.73
15:22:50 19.01 6.47 -43.37 26.75
15:22:50 19.17 6.74 -42.40 26.73
15:22:51 18.86 6.90 -42.41 26.90
15:22:51 18.70 6.77 -43.14 26.88
15:22:51 19.32 6.91 -42.90 26.75
15:22:51 19.32 6.91 -42.90 26.90
15:22:52 19.32 7.51 -42.68 27.28
15:22:52 18.86 6.76 -42.90 27.28
15:22:52 18.86 7.05 -42.42 27.30
15:22:52 18.40 6.91 -42.66 27.46
15:22:53 18.70 7.35 -42.18 27.79
15:22:53 19.17 6.89 -42.41 27.99
15:22:53 19.17 7.33 -41.94 28.23
15:22:54 18.70 7.50 -42.19 28.65
15:22:54 18.85 7.66 -42.44 28.56
15:22:54 18.70 7.81 -42.45 28.43
15:22:54 19.01 7.64 -41.95 28.41
15:22:55 18.55 7.51 -42.44 28.43
15:22:55 19.17 7.20 -42.42 28.58
15:22:55 18.86 7.18 -41.93 28.41
15:22:55 18.86 7.17 -41.44 28.67
15:22:56 18.55 7.51 -42.44 29.03
15:22:56 19.02 7.32 -41.45 29.23
15:22:56 18.70 7.95 -41.96 28.87
15:22:57 19.01 7.49 -41.94 29.23
15:22:57 18.86 7.78 -41.71 29.05
15:22:57 19.01 7.65 -42.19 29.20
15:22:57 19.01 8.08 -41.48 29.05
15:22:58 18.86 7.94 -41.72 28.98
15:22:58 19.32 8.10 -42.21 28.98
15:22:58 18.55 7.79 -41.71 29.09
15:22:58 18.70 7.80 -41.96 28.89
15:22:59 18.86 7.78 -41.47 28.92
15:22:59 18.86 7.79 -41.96 29.12
15:22:59 18.70 8.10 -41.97 28.83
15:23:00 19.16 7.93 -41.72 28.87
15:23:00 18.70 7.79 -41.71 29.27
15:23:00 18.85 8.10 -41.97 29.40
15:23:00 18.54 8.10 -41.97 29.71
15:23:01 18.40 7.64 -41.71 29.89
15:23:01 18.70 7.80 -41.96 29.98
15:23:01 18.86 8.07 -41.23 30.00
15:23:01 18.39 8.55 -41.74 30.15
15:23:02 18.54 8.39 -41.49 30.04
15:23:02 18.39 8.08 -41.23 30.13
15:23:02 18.85 8.52 -41.00 30.29
15:23:03 18.70 8.54 -41.50 30.40
15:23:03 18.55 8.52 -41.01 30.58
15:23:03 18.85 8.70 -41.75 30.62
15:23:03 18.70 8.39 -41.49 30.53
15:23:04 18.69 8.85 -41.75 30.51
15:23:04 18.86 8.37 -41.00 30.49
15:23:04 18.86 8.22 -41.24 30.24
15:23:04 18.70 8.37 -41.00 30.27
15:23:05 18.54 9.00 -41.51 30.24
15:23:05 18.54 8.39 -41.49 30.29
15:23:05 18.70 8.55 -41.74 30.33
15:23:05 18.70 8.53 -41.25 30.38
15:23:06 19.01 8.53 -41.25 30.44
15:23:06 18.70 8.07 -41.23 30.49
15:23:06 18.70 8.23 -41.24 30.49
15:23:07 18.24 8.38 -41.25 30.33
15:23:07 18.70 8.69 -41.50 30.44
15:23:07 18.55 8.51 -40.76 30.80
15:23:07 18.69 9.00 -41.51 30.82
15:23:08 18.70 8.53 -41.25 31.00
15:23:08 18.85 9.13 -41.03 30.93
15:23:08 18.39 8.39 -41.49 30.97
15:23:08 19.00 8.99 -41.27 31.02
15:23:09 18.86 8.51 -40.76 31.15
15:23:09 18.85 8.68 -41.26 31.19
15:23:09 18.85 8.97 -40.78 31.13
15:23:10 18.39 8.82 -40.77 30.95
15:23:10 18.69 9.00 -41.51 31.06
15:23:10 18.39 8.97 -40.78 31.06
15:23:10 19.01 8.67 -41.01 31.04
15:23:11 18.85 8.68 -41.26 31.06
15:23:11 18.23 9.29 -41.04 31.06
15:23:11 18.54 8.68 -41.26 31.19
15:23:11 19.00 9.31 -41.77 31.39
15:23:12 18.70 8.83 -41.02 31.06
15:23:12 19.32 8.81 -40.77 31.11
15:23:12 18.85 8.68 -41.26 31.06
15:23:13 19.00 8.98 -41.02 31.08
15:23:13 18.85 8.99 -41.27 31.26
15:23:13 19.16 8.98 -41.27 31.26
15:23:13 18.85 8.52 -41.00 31.02
15:23:14 19.00 9.29 -41.28 31.13
15:23:14 18.54 8.99 -41.27 31.19
15:23:14 19.16 9.13 -41.03 30.88
15:23:14 18.39 8.68 -41.01 30.88
15:23:15 19.16 8.84 -41.50 31.02
15:23:15 18.69 9.46 -41.53 31.17
15:23:15 19.01 8.81 -40.52 31.26
15:23:16 18.54 8.97 -40.78 31.06
15:23:16 18.85 8.67 -41.01 30.93
15:23:16 19.16 8.98 -41.02 31.13
15:23:16 18.54 9.44 -41.04 31.17
15:23:17 18.86 8.79 -40.04 31.48
15:23:17 18.54 8.68 -41.01 31.55
15:23:17 18.85 9.42 -40.55 31.55
15:23:17 18.69 9.28 -40.79 31.73
15:23:18 18.54 9.42 -40.55 31.48
15:23:18 18.54 8.96 -40.53 31.57
15:23:18 18.86 8.65 -40.52 31.39
15:23:19 18.70 9.11 -40.54 31.70
15:23:19 18.85 8.97 -40.78 31.64
15:23:19 18.85 9.12 -40.78 31.64
15:23:19 19.01 8.67 -41.01 31.64
15:23:20 18.70 8.83 -41.02 31.66
15:23:20 19.00 8.99 -41.27 31.77
15:23:20 18.86 8.50 -40.51 31.59
15:23:20 18.85 8.98 -41.02 31.68
15:23:21 18.54 8.69 -41.50 31.59
15:23:21 18.24 8.80 -40.28 31.75
15:23:21 18.69 9.29 -41.28 31.37
15:23:21 18.39 9.27 -40.55 31.70
15:23:22 18.85 9.28 -41.03 31.62
15:23:22 18.69 9.43 -40.79 31.46
15:23:22 18.70 8.84 -41.26 31.55
15:23:23 18.85 9.11 -40.54 31.57
15:23:23 18.54 9.13 -41.03 31.46
15:23:23 18.85 8.96 -40.53 31.46
15:23:23 18.69 9.28 -41.03 31.57
15:23:24 18.55 8.95 -40.29 31.57
15:23:24 19.32 8.81 -40.77 31.81
15:23:24 19.16 8.80 -40.52 31.59
15:23:24 18.54 8.82 -40.77 31.53
15:23:25 18.85 9.28 -41.03 31.64
15:23:25 18.55 8.81 -40.53 31.73
15:23:25 19.15 9.74 -41.05 31.68
15:23:26 18.54 8.96 -40.53 31.70
15:23:26 18.86 8.65 -40.52 31.75
15:23:26 18.85 9.43 -40.79 31.92
15:23:26 18.85 8.81 -40.53 31.70
15:23:27 18.70 9.12 -40.78 31.77
15:23:27 18.85 9.15 -41.52 31.81
15:23:27 18.70 9.11 -40.54 31.70
15:23:27 19.00 8.83 -41.26 31.62
15:23:28 18.70 8.53 -41.25 31.81
15:23:28 18.85 8.83 -41.02 31.75
15:23:28 19.00 9.26 -40.54 31.64
15:23:29 18.69 9.28 -41.03 31.73
15:23:29 18.85 9.43 -40.79 31.62
15:23:29 18.69 9.13 -41.03 31.57
15:23:29 18.85 9.42 -40.55 31.42
15:23:30 18.70 8.84 -41.26 31.57
15:23:30 18.85 9.29 -41.28 31.50
15:23:30 19.00 9.14 -41.27 31.62
15:23:30 18.54 9.30 -41.28 31.39
15:23:31 18.54 9.29 -41.03 31.46
15:23:31 18.85 8.98 -41.02 31.64
15:23:31 18.70 8.65 -40.28 31.42
15:23:32 19.16 9.14 -41.27 31.35
15:23:32 19.00 9.27 -40.79 31.57
15:23:32 18.69 9.45 -41.28 31.62
15:23:32 18.85 8.68 -41.26 31.53
15:23:33 19.16 9.13 -41.03 31.50
15:23:33 18.23 8.83 -41.02 31.62
15:23:33 18.54 8.97 -40.78 31.39
15:23:33 18.85 8.82 -40.77 31.48
15:23:34 18.70 9.11 -40.54 31.50
15:23:34 18.69 9.58 -40.80 31.53
15:23:34 18.54 9.29 -41.03 31.66
15:23:34 18.39 8.81 -40.53 31.50
15:23:35 18.85 9.44 -41.04 31.28
15:23:35 18.38 9.15 -41.52 31.81
15:23:35 19.00 8.98 -41.02 31.90
15:23:36 18.39 9.10 -40.05 31.88
15:23:36 18.70 9.11 -40.54 32.08
15:23:36 18.85 9.43 -40.79 32.28
15:23:36 19.00 9.56 -40.31 32.43
15:23:37 18.69 9.42 -40.55 32.54
15:23:37 18.69 9.28 -40.79 32.77
15:23:37 18.54 9.72 -40.32 32.92
15:23:37 19.01 9.54 -39.82 32.90
15:23:38 18.85 9.41 -40.30 32.96
15:23:38 18.69 9.88 -40.57 32.94
15:23:38 19.00 9.42 -40.55 32.90
15:23:39 18.54 9.71 -40.07 33.14
15:23:39 18.54 10.02 -40.33 33.01
15:23:39 18.85 10.01 -40.08 33.12
15:23:39 18.85 9.70 -40.07 33.41
15:23:40 18.85 9.55 -40.06 33.61
15:23:40 18.23 9.69 -39.58 33.63
15:23:40 18.54 9.87 -40.32 33.74
15:23:40 18.54 10.16 -39.84 33.69
15:23:41 18.54 9.99 -39.59 33.74
15:23:41 18.70 9.84 -39.59 33.81
15:23:41 19.00 10.00 -39.84 33.87
15:23:42 18.85 9.69 -39.58 33.81
15:23:42 18.38 10.00 -39.84 33.65
15:23:42 19.00 10.01 -40.08 34.03
15:23:42 18.99 10.48 -40.59 34.00
15:23:43 19.00 10.00 -39.84 34.20
15:23:43 18.85 10.01 -40.08 33.83
15:23:43 18.38 10.00 -39.84 34.03
15:23:43 19.00 10.15 -39.84 34.14
15:23:44 19.16 9.99 -39.59 34.03
15:23:44 19.01 9.83 -39.34 33.89
15:23:44 18.54 9.87 -40.32 34.00
15:23:45 18.38 10.16 -39.84 33.85
15:23:45 18.54 10.16 -40.09 34.05
15:23:45 18.54 9.99 -39.59 34.05
15:23:45 19.15 10.44 -39.36 34.27
15:23:46 18.84 10.62 -40.10 34.27
15:23:46 18.69 10.30 -39.60 34.18
15:23:46 18.84 10.47 -40.10 34.20
15:23:46 18.84 10.59 -39.37 34.25
15:23:47 18.54 10.02 -40.33 34.12
15:23:47 18.70 10.13 -39.11 34.07
15:23:47 18.38 10.16 -39.84 34.20
15:23:48 18.84 10.77 -40.11 33.98
15:23:48 18.84 10.77 -40.11 33.98
15:23:48 19.00 10.30 -39.85 33.85
15:23:48 18.69 10.32 -40.09 34.03
15:23:49 18.54 10.30 -39.60 33.96
15:23:49 19.00 10.29 -39.36 34.20
15:23:49 18.54 10.58 -38.88 34.42
15:23:49 18.84 10.47 -40.10 34.45
15:23:50 18.39 9.84 -39.59 34.71
15:23:50 18.84 10.45 -39.61 35.02
15:23:50 18.84 10.59 -39.37 35.15
15:23:50 18.69 10.75 -39.38 35.20
15:23:51 18.69 10.90 -39.38 35.29
15:23:51 18.70 10.27 -38.87 35.22
15:23:51 18.38 10.44 -39.37 35.29
15:23:52 18.85 10.73 -38.88 35.24
15:23:52 18.53 10.76 -39.62 35.24
15:23:52 18.38 11.03 -38.65 35.27
15:23:52 18.69 10.43 -39.12 35.31
15:23:53 18.53 11.05 -39.39 35.40
15:23:53 18.53 10.95 -40.61 35.27
15:23:53 19.00 10.60 -39.61 35.31
15:23:53 18.84 10.89 -39.14 35.31
15:23:54 19.15 11.04 -39.14 35.42
15:23:54 18.84 11.05 -39.39 35.46
15:23:54 18.38 10.89 -39.14 35.51
15:23:55 18.84 10.89 -39.14 35.46
15:23:55 18.84 10.74 -39.37 35.29
15:23:55 18.38 10.74 -39.13 35.35
15:23:55 18.84 10.74 -39.13 35.46
15:23:56 18.85 10.73 -38.88 35.62
15:23:56 18.69 11.20 -39.39 35.51
15:23:56 18.69 10.88 -38.89 35.42
15:23:56 18.69 10.90 -39.38 35.82
15:23:57 19.15 11.04 -39.14 35.55
15:23:57 18.22 11.35 -39.16 35.73
15:23:57 19.00 10.88 -38.89 35.97
15:23:58 18.68 11.35 -39.15 35.64
15:23:58 18.69 11.04 -39.14 35.44
15:23:58 18.22 11.05 -39.14 35.64
15:23:58 18.38 11.04 -39.14 35.86
15:23:59 18.53 11.21 -39.39 35.91
15:23:59 18.69 10.91 -39.63 36.22
15:23:59 18.53 11.34 -38.91 36.11
15:23:59 18.84 11.03 -38.90 36.53
15:24:00 18.69 11.33 -38.66 36.62
15:24:00 18.69 11.19 -38.90 36.50
15:24:00 18.38 11.18 -38.66 36.59
15:24:01 18.38 11.32 -38.42 36.53
15:24:01 18.84 11.63 -38.67 36.46
15:24:01 18.69 11.01 -38.41 36.42
15:24:01 18.53 11.03 -38.90 36.44
15:24:02 19.15 11.32 -38.66 36.50
15:24:02 19.00 10.88 -38.89 36.62
15:24:02 18.38 11.34 -38.91 36.75
15:24:02 19.00 11.47 -38.42 36.57
15:24:03 18.53 11.21 -39.39 36.73
15:24:03 18.53 11.19 -38.90 36.64
15:24:03 18.69 11.48 -38.67 36.73
15:24:03 19.00 11.16 -38.41 36.73
15:24:04 18.53 11.48 -38.67 36.64
15:24:04 18.68 11.78 -38.44 36.55
15:24:04 18.99 11.49 -38.91 36.64
15:24:05 18.69 11.32 -38.42 36.73
15:24:05 18.85 11.01 -38.41 36.55
15:24:05 18.53 11.64 -38.68 36.44
15:24:05 18.68 11.64 -38.92 36.55
15:24:06 18.53 11.35 -39.15 36.55
15:24:06 18.84 11.49 -38.91 36.46
15:24:06 18.84 11.64 -38.92 36.59
15:24:06 18.38 11.16 -38.17 36.68
15:24:07 18.69 11.18 -38.66 36.55
15:24:07 18.68 11.35 -39.15 36.42
15:24:07 19.00 11.32 -38.42 36.48
15:24:08 18.84 11.34 -38.91 36.70
15:24:08 18.68 11.80 -38.93 36.59
15:24:08 18.69 11.62 -38.18 36.75
15:24:08 18.84 11.78 -38.43 36.64
15:24:09 18.69 11.32 -38.42 36.55
15:24:09 18.53 11.32 -38.42 36.62
15:24:09 18.53 11.19 -38.90 36.57
15:24:09 18.53 11.32 -38.42 36.77
15:24:10 19.00 11.46 -38.18 36.66
15:24:10 18.53 11.32 -38.42 36.79
15:24:10 19.00 11.17 -38.66 36.86
15:24:11 18.38 11.47 -38.43 36.84
15:24:11 18.68 11.63 -38.67 36.75
15:24:11 18.38 11.63 -38.43 37.10
15:24:11 18.37 11.93 -38.44 37.23
15:24:12 18.53 11.92 -38.20 37.17
15:24:12 18.38 11.62 -38.19 36.97
15:24:12 18.99 11.62 -38.43 37.21
15:24:12 18.85 11.30 -37.93 36.95
15:24:13 18.69 11.62 -38.18 36.92
15:24:13 18.69 11.47 -38.42 36.90
15:24:13 18.68 11.79 -38.68 36.88
15:24:14 18.99 11.33 -38.91 36.97
15:24:14 19.00 11.60 -37.94 36.73
15:24:14 18.84 11.46 -38.18 36.86
15:24:14 18.22 11.66 -39.17 36.95
15:24:15 18.53 11.32 -38.42 36.88
15:24:15 18.38 11.47 -38.43 37.12
15:24:15 18.38 11.62 -38.19 37.50
15:24:15 18.53 11.62 -38.19 37.50
15:24:16 18.84 11.31 -38.17 37.39
15:24:16 18.53 11.94 -38.69 37.52
15:24:16 18.84 11.33 -38.66 37.50
15:24:17 19.30 11.61 -38.18 37.39
15:24:17 18.69 11.47 -38.42 37.08
15:24:17 18.99 11.93 -38.44 37.28
15:24:17 18.53 11.77 -38.19 37.39
15:24:18 19.15 11.62 -38.43 37.39
15:24:18 18.99 11.77 -38.43 37.30
15:24:18 18.68 12.39 -38.46 37.50
15:24:18 18.38 11.47 -38.43 37.48
15:24:19 18.53 11.33 -38.66 37.48
15:24:19 18.84 11.34 -38.91 37.30
15:24:19 19.15 11.46 -38.18 37.37
15:24:19 18.99 11.62 -38.43 37.37
15:24:20 18.69 11.62 -38.43 37.26
15:24:20 18.69 11.76 -37.95 37.41
15:24:20 18.69 11.62 -38.43 37.21
15:24:21 18.84 11.48 -38.67 37.06
15:24:21 18.84 11.79 -38.92 37.17
15:24:21 18.69 11.77 -38.19 37.12
15:24:21 19.00 11.46 -38.18 37.04
15:24:22 18.53 11.49 -38.92 37.17
15:24:22 18.68 11.63 -38.67 37.10
15:24:22 18.38 11.62 -38.19 37.06
15:24:22 18.68 11.79 -38.68 37.10
15:24:23 18.22 11.36 -39.40 37.19
15:24:23 18.53 11.79 -38.68 37.28
15:24:23 19.15 11.61 -38.18 36.97
15:24:24 19.00 11.33 -38.66 36.77
15:24:24 18.53 11.62 -38.19 36.73
15:24:24 18.53 11.32 -38.42 37.37
15:24:24 18.69 11.34 -38.91 37.15
15:24:25 18.53 11.48 -38.67 37.17
15:24:25 18.69 11.62 -38.43 37.39
15:24:25 19.00 11.61 -38.18 37.61
15:24:25 18.69 11.62 -38.43 37.59
15:24:26 18.84 11.78 -38.43 37.48
15:24:26 18.99 11.92 -38.19 37.50
15:24:26 18.99 12.08 -38.45 37.61
15:24:27 18.99 11.79 -38.92 37.57
15:24:27 18.68 11.93 -38.44 37.85
15:24:27 18.68 11.92 -38.20 38.10
15:24:27 18.69 11.76 -37.95 38.19
15:24:28 18.84 12.06 -37.96 38.43
15:24:28 18.99 11.95 -38.93 38.27
15:24:28 18.68 12.52 -37.97 38.23
15:24:28 18.53 11.62 -38.19 38.27
15:24:29 18.99 12.20 -37.72 38.52
15:24:29 18.37 12.23 -38.21 38.52
15:24:29 18.68 12.52 -37.97 38.30
15:24:30 18.84 12.38 -38.21 38.47
15:24:30 18.38 12.05 -37.47 38.38
15:24:30 18.99 12.21 -37.96 38.30
15:24:30 18.83 12.66 -37.73 38.27
15:24:31 18.68 12.53 -38.22 38.05
15:24:31 19.15 12.04 -37.46 38.27
15:24:31 18.68 12.22 -37.96 38.12
15:24:31 18.84 12.21 -37.96 38.12
15:24:32 18.52 12.54 -38.46 38.14
15:24:32 18.99 12.53 -38.22 37.96
15:24:32 19.15 12.36 -37.97 38.10
15:24:32 18.99 12.38 -38.46 38.16
15:24:33 18.84 11.76 -37.94 38.23
15:24:33 18.84 12.06 -37.96 38.50
15:24:33 19.15 12.06 -37.95 38.45
15:24:34 18.84 12.52 -37.97 38.27
15:24:34 18.69 12.05 -37.71 38.45
15:24:34 18.84 12.19 -37.23 38.63
15:24:34 18.38 11.90 -37.71 38.56
15:24:35 18.84 12.51 -37.73 38.65
15:24:35 18.84 11.90 -37.71 38.76
15:24:35 18.53 11.91 -37.95 38.67
15:24:36 19.30 12.66 -37.73 38.69
15:24:36 18.53 12.35 -37.48 38.67
15:24:36 18.84 12.50 -37.48 38.74
15:24:36 18.68 12.67 -37.98 38.98
15:24:37 18.83 12.99 -38.24 38.92
15:24:37 18.53 12.66 -37.49 39.09
15:24:37 18.53 12.66 -37.49 39.29
15:24:37 18.38 12.49 -37.00 39.12
15:24:38 18.99 12.48 -36.99 39.27
15:24:38 18.53 12.50 -37.24 39.42
15:24:38 18.84 12.64 -37.24 39.56
15:24:38 18.68 12.65 -37.24 39.42
15:24:39 18.68 12.83 -37.99 39.82
15:24:39 18.68 12.95 -37.26 39.85
15:24:39 18.68 12.80 -37.25 39.85
15:24:40 18.99 12.96 -37.50 39.93
15:24:40 18.83 13.10 -37.26 39.98
15:24:40 19.00 12.18 -36.98 40.04
15:24:40 18.69 12.63 -36.75 40.11
15:24:41 18.68 12.81 -37.50 40.15
15:24:41 18.53 12.80 -37.25 39.93
15:24:41 18.99 12.65 -37.49 39.87
15:24:41 19.30 12.96 -37.50 39.98
15:24:42 18.84 12.94 -37.01 40.07
15:24:42 19.14 12.80 -37.49 40.13
15:24:42 18.83 12.95 -37.26 40.02
15:24:43 18.37 13.11 -37.26 40.00
15:24:43 18.37 13.28 -37.76 40.15
15:24:43 18.99 13.10 -37.26 40.09
15:24:43 18.53 13.09 -36.77 40.46
15:24:44 19.46 12.77 -36.76 40.49
15:24:44 18.68 13.25 -37.02 40.75
15:24:44 18.53 13.37 -36.29 40.91
15:24:44 18.83 13.24 -36.78 40.91
15:24:45 18.83 13.10 -37.26 40.95
15:24:45 19.14 13.08 -36.77 40.95
15:24:45 18.84 13.08 -36.77 41.08
15:24:46 18.83 13.39 -36.78 40.97
15:24:46 18.68 13.09 -36.77 41.22
15:24:46 18.52 14.17 -37.30 41.13
15:24:46 18.68 13.52 -36.30 41.44
15:24:47 18.68 13.70 -36.79 41.50
15:24:47 18.83 13.67 -36.06 41.64
15:24:47 18.83 13.84 -36.55 41.55
15:24:47 18.99 13.53 -36.54 41.77
15:24:48 18.52 13.54 -36.54 41.86
15:24:48 18.68 13.67 -36.06 41.95
15:24:48 18.68 13.83 -36.31 42.06
15:24:48 18.83 14.29 -36.33 42.17
15:24:49 18.68 13.67 -36.06 42.21
15:24:49 18.83 13.98 -36.31 42.12
15:24:49 18.68 13.67 -36.06 42.35
15:24:50 18.99 13.67 -36.30 42.35
15:24:50 18.83 13.84 -36.55 42.52
15:24:50 18.99 13.97 -36.07 42.30
15:24:50 18.68 13.82 -36.06 42.48
15:24:51 18.52 13.69 -36.55 42.54
15:24:51 18.83 13.81 -35.82 42.68
15:24:51 18.68 13.67 -36.06 42.54
15:24:51 18.67 14.29 -36.33 42.32
15:24:52 18.68 13.68 -36.30 42.48
15:24:52 18.83 13.84 -36.55 42.37
15:24:52 18.67 14.31 -36.82 42.23
15:24:53 18.98 14.00 -36.80 42.04
15:24:53 18.98 14.15 -36.81 42.21
15:24:53 18.98 13.98 -36.31 42.35
15:24:53 19.30 13.96 -35.82 42.12
15:24:54 18.83 13.70 -37.04 42.26
15:24:54 18.68 13.52 -36.05 42.23
15:24:54 18.68 13.83 -36.31 42.23
15:24:54 18.52 14.13 -36.08 42.39
15:24:55 18.67 14.14 -36.32 42.74
15:24:55 18.68 14.12 -35.83 42.63
15:24:55 18.98 14.13 -36.32 42.61
15:24:56 18.83 13.96 -35.82 42.99
15:24:56 18.68 14.12 -35.83 43.14
15:24:56 19.14 13.83 -36.31 43.10
15:24:56 18.21 14.12 -35.83 43.14
15:24:57 18.99 14.11 -35.83 43.25
15:24:57 18.52 14.56 -35.36 43.25
15:24:57 18.37 14.41 -35.35 43.19
15:24:57 18.52 14.56 -35.36 43.58
15:24:58 18.37 14.40 -35.11 43.54
15:24:58 18.21 14.58 -35.85 43.76
15:24:58 18.98 14.41 -35.60 44.00
15:24:58 18.52 14.57 -35.60 43.83
15:24:59 18.38 13.79 -35.09 43.78
15:24:59 18.52 14.57 -35.60 43.94
15:24:59 18.98 14.99 -34.88 43.89
15:25:00 18.52 14.41 -35.60 44.20
15:25:00 18.52 14.41 -35.60 44.18
15:25:00 18.22 13.94 -35.09 44.65
15:25:00 18.52 15.18 -35.63 44.65
15:25:01 18.67 15.15 -34.89 44.62
15:25:01 18.52 14.56 -35.36 44.54
15:25:01 18.37 14.41 -35.35 44.73
15:25:01 18.52 14.55 -35.11 44.56
15:25:02 18.52 15.02 -35.62 44.89
15:25:02 18.83 14.56 -35.60 45.02
15:25:02 18.37 14.85 -35.13 45.27
15:25:03 18.36 14.73 -35.86 45.13
15:25:03 18.83 15.17 -35.38 45.24
15:25:03 18.82 15.18 -35.87 45.51
15:25:03 18.67 14.85 -35.12 45.35
15:25:04 18.52 15.00 -34.89 45.53
15:25:04 18.83 15.44 -34.66 45.62
15:25:04 18.68 14.83 -34.63 45.69
15:25:04 18.36 15.02 -35.38 45.62
15:25:05 18.53 14.52 -34.38 45.77
15:25:05 18.67 14.86 -35.37 45.58
15:25:05 18.98 15.15 -34.89 45.58
15:25:06 18.83 14.99 -34.88 45.62
15:25:06 19.14 15.01 -35.37 45.49
15:25:06 18.98 14.99 -34.88 45.49
15:25:06 18.82 15.18 -35.87 45.44
