15:37:25 18.42 -3.65 -49.17 13.98
15:37:25 18.58 -3.78 -49.67 14.20
15:37:26 18.42 -3.50 -49.18 14.42
15:37:26 18.89 -3.48 -49.69 14.03
15:37:26 18.27 -3.62 -49.93 14.29
15:37:26 18.27 -4.10 -49.40 14.51
15:37:27 18.27 -3.62 -49.93 14.07
15:37:27 18.13 -3.90 -50.41 14.42
15:37:27 18.27 -3.64 -49.42 14.25
15:37:28 18.27 -3.63 -49.67 14.12
15:37:28 18.58 -3.79 -49.42 14.31
15:37:28 18.27 -3.64 -49.42 14.16
15:37:28 18.42 -3.64 -49.42 14.25
15:37:29 18.12 -3.94 -49.40 14.40
15:37:29 18.73 -3.34 -49.44 14.62
15:37:29 18.42 -3.16 -49.95 14.73
15:37:29 18.72 -3.68 -48.67 14.89
15:37:30 18.26 -3.18 -49.44 15.00
15:37:30 18.11 -3.50 -49.17 15.11
15:37:30 18.26 -3.35 -49.18 15.04
15:37:31 18.41 -2.90 -48.95 15.07
15:37:31 18.72 -3.20 -49.20 15.33
15:37:31 18.26 -2.89 -49.20 15.11
15:37:31 18.11 -2.71 -49.71 15.04
15:37:32 18.27 -3.33 -49.44 15.38
15:37:32 18.26 -3.36 -48.93 15.31
15:37:32 18.27 -2.87 -49.71 15.44
15:37:32 18.57 -3.34 -49.44 15.35
15:37:33 18.41 -3.04 -49.20 15.55
15:37:33 18.57 -2.74 -49.22 15.91
15:37:33 18.25 -2.60 -48.97 15.75
15:37:33 18.26 -2.28 -49.23 16.17
15:37:34 18.87 -2.13 -49.25 16.28
15:37:34 18.55 -1.55 -48.77 16.28
15:37:34 18.24 -2.01 -48.49 16.64
15:37:35 18.56 -1.82 -49.51 16.33
15:37:35 18.71 -2.16 -48.74 16.75
15:37:35 18.41 -2.45 -48.98 16.86
15:37:35 18.40 -1.71 -48.51 17.10
15:37:36 18.55 -2.19 -47.98 16.95
15:37:36 18.09 -1.68 -49.01 17.37
15:37:36 18.23 -1.12 -48.03 17.48
15:37:36 18.08 -1.43 -48.01 17.48
15:37:37 18.55 -1.41 -48.52 17.63
15:37:37 18.70 -1.42 -48.27 17.79
15:37:37 18.55 -1.10 -48.54 17.94
15:37:38 18.70 -1.26 -48.53 18.05
15:37:38 18.55 -1.10 -48.54 18.03
15:37:38 18.38 -0.98 -47.79 18.03
15:37:38 18.54 -0.97 -48.04 18.10
15:37:39 18.69 -1.30 -47.52 18.12
15:37:39 18.39 -0.95 -48.54 18.14
15:37:39 18.70 -0.80 -48.56 18.32
15:37:39 18.54 -0.82 -48.05 18.50
15:37:40 18.69 -0.82 -48.05 18.67
15:37:40 18.53 -0.21 -48.08 18.85
15:37:40 18.69 -0.20 -48.33 19.09
15:37:41 18.37 0.07 -47.59 19.29
15:37:41 18.38 0.09 -48.09 19.34
15:37:41 18.83 -0.10 -47.33 19.65
15:37:41 18.68 -0.09 -47.58 19.60
15:37:42 18.68 0.21 -47.35 19.42
15:37:42 18.68 -0.09 -47.58 19.54
15:37:42 18.52 0.37 -47.60 19.58
15:37:42 18.52 0.04 -47.08 19.73
15:37:43 18.52 0.52 -47.61 19.65
15:37:43 18.83 0.83 -47.63 19.91
15:37:43 18.52 0.21 -47.34 19.67
15:37:44 18.83 0.67 -47.62 19.96
15:37:44 18.37 0.21 -47.34 19.80
15:37:44 18.68 0.24 -48.10 19.76
15:37:44 18.52 0.50 -47.11 19.76
15:37:45 18.21 0.20 -47.09 19.87
15:37:45 18.67 0.03 -46.83 20.00
15:37:45 18.53 0.55 -48.11 19.91
15:37:45 18.84 0.23 -47.85 19.87
15:37:46 18.83 -0.09 -47.58 20.13
15:37:46 18.83 0.51 -47.36 20.09
15:37:46 18.68 0.06 -47.34 20.11
15:37:47 18.52 0.68 -47.62 19.93
15:37:47 18.83 0.85 -48.13 20.02
15:37:47 18.52 0.50 -47.11 20.22
15:37:47 18.82 0.50 -47.11 20.07
15:37:48 18.67 0.36 -47.35 19.98
15:37:48 18.68 0.38 -47.86 20.13
15:37:48 18.83 0.53 -47.87 19.96
15:37:48 18.68 0.84 -47.88 20.29
15:37:49 18.83 0.51 -47.36 20.07
15:37:49 18.97 0.79 -46.87 20.13
15:37:49 18.98 0.51 -47.36 20.29
15:37:49 18.36 0.50 -47.10 20.46
15:37:50 18.83 0.67 -47.62 20.40
15:37:50 18.68 0.86 -48.38 20.29
15:37:50 18.67 0.82 -47.37 20.42
15:37:51 18.36 0.82 -47.37 20.40
15:37:51 18.82 0.64 -46.86 20.31
15:37:51 18.66 0.48 -46.60 20.44
15:37:51 19.13 0.81 -47.38 20.42
15:37:52 18.98 0.98 -47.64 20.49
15:37:52 18.51 1.11 -47.13 20.66
15:37:52 18.67 0.98 -47.63 20.53
15:37:52 18.37 0.37 -47.60 20.62
15:37:53 18.83 0.36 -47.35 20.60
15:37:53 18.82 0.63 -46.61 20.73
15:37:53 18.97 0.79 -46.87 20.75
15:37:54 18.98 0.66 -47.37 20.69
15:37:54 18.52 1.29 -47.65 20.80
15:37:54 18.82 1.10 -46.89 20.69
15:37:54 18.82 1.11 -47.14 20.71
15:37:55 18.98 0.81 -47.38 20.95
15:37:55 19.13 0.95 -47.13 20.73
15:37:55 18.67 0.80 -47.12 20.71
15:37:55 18.83 0.67 -47.62 20.91
15:37:56 18.98 1.42 -47.41 20.66
15:37:56 18.82 1.10 -46.89 20.95
15:37:56 18.67 0.97 -47.38 20.84
15:37:57 18.83 0.98 -47.64 20.95
15:37:57 18.82 1.41 -47.15 20.82
15:37:57 18.51 0.96 -47.13 20.75
15:37:57 18.36 0.96 -47.13 21.19
15:37:58 18.51 1.11 -47.13 20.82
15:37:58 18.36 1.41 -47.15 20.95
15:37:58 18.82 1.12 -47.39 21.00
15:37:58 18.52 1.13 -47.64 20.93
15:37:59 18.52 0.82 -47.37 20.88
15:37:59 18.67 1.11 -47.14 21.11
15:37:59 18.82 0.78 -46.62 20.97
15:38:00 18.82 0.97 -47.38 21.04
15:38:00 18.98 0.98 -47.64 20.93
15:38:00 19.13 1.41 -47.16 21.04
15:38:00 18.52 0.66 -47.37 21.08
15:38:01 18.82 0.96 -47.13 20.93
15:38:01 18.66 0.93 -46.62 20.93
15:38:01 18.67 1.42 -47.40 20.95
15:38:01 18.51 1.27 -47.39 20.97
15:38:02 18.82 1.59 -47.66 21.00
15:38:02 18.51 1.26 -47.14 21.13
15:38:02 18.36 1.11 -47.13 21.02
15:38:03 18.97 1.70 -46.92 21.19
15:38:03 18.98 1.27 -47.40 21.66
15:38:03 18.66 1.69 -46.66 22.01
15:38:03 18.66 1.25 -46.89 22.06
15:38:04 18.67 1.42 -47.40 21.95
15:38:04 18.81 1.86 -46.92 21.86
15:38:04 18.66 1.41 -47.15 21.70
15:38:04 18.51 1.73 -47.42 22.08
15:38:05 18.97 1.39 -46.65 21.95
15:38:05 18.49 1.82 -46.16 22.17
15:38:05 18.66 1.69 -46.66 22.28
15:38:05 18.81 1.54 -46.66 22.21
15:38:06 18.50 1.99 -46.42 22.32
15:38:06 18.65 1.83 -46.42 21.99
15:38:06 18.81 1.70 -46.92 22.32
15:38:07 18.96 2.00 -46.68 22.15
15:38:07 18.66 1.55 -46.91 22.28
15:38:07 18.81 2.17 -47.19 22.12
15:38:07 18.66 1.54 -46.65 22.12
15:38:08 18.80 2.14 -46.43 22.21
15:38:08 18.81 1.70 -46.92 22.15
15:38:08 18.96 1.38 -46.40 22.12
15:38:08 19.12 1.99 -46.68 22.19
15:38:09 19.12 1.54 -46.66 21.99
15:38:09 18.81 1.53 -46.40 22.10
15:38:09 18.50 1.67 -46.15 22.26
15:38:10 18.96 1.84 -46.67 22.15
15:38:10 18.80 1.67 -46.16 22.23
15:38:10 18.04 1.53 -46.39 22.19
15:38:10 18.80 2.14 -46.43 22.01
15:38:11 18.96 1.52 -46.15 22.37
15:38:11 18.65 2.30 -46.69 22.68
15:38:11 18.64 2.42 -45.94 22.92
15:38:11 19.26 2.27 -46.19 23.01
15:38:12 18.95 2.56 -45.70 23.34
15:38:12 18.80 2.43 -46.19 23.45
15:38:12 19.10 3.04 -46.23 23.63
15:38:13 18.95 2.73 -46.21 23.83
15:38:13 19.41 2.88 -46.22 24.18
15:38:13 19.42 2.74 -46.47 24.09
15:38:13 19.25 2.86 -45.72 23.89
15:38:14 18.95 2.88 -46.22 24.09
15:38:14 18.79 3.04 -46.22 24.03
15:38:14 18.95 2.88 -46.22 23.76
15:38:14 19.26 2.88 -46.22 23.92
15:38:15 18.80 2.75 -46.46 23.67
15:38:15 18.95 2.42 -45.94 23.78
15:38:15 18.96 2.45 -46.70 23.76
15:38:16 18.95 2.72 -45.96 23.65
15:38:16 18.95 2.73 -46.21 23.76
15:38:16 18.95 2.90 -46.47 23.72
15:38:16 19.10 2.72 -45.96 23.74
15:38:17 18.79 2.86 -45.71 23.67
15:38:17 18.80 2.76 -46.71 23.58
15:38:17 18.95 2.56 -45.70 23.85
15:38:17 18.80 2.60 -46.71 23.67
15:38:18 18.95 2.87 -45.97 23.81
15:38:18 18.94 2.70 -45.45 23.63
15:38:18 18.79 2.57 -45.95 23.78
15:38:18 18.65 2.59 -46.45 23.58
15:38:19 18.94 2.70 -45.45 24.00
15:38:19 18.64 2.73 -46.21 24.00
15:38:19 19.11 2.91 -46.72 23.69
15:38:20 19.41 2.73 -46.22 24.03
15:38:20 18.95 2.73 -46.21 23.85
15:38:20 19.26 2.73 -46.21 23.89
15:38:20 18.80 2.58 -46.20 23.65
15:38:21 18.95 2.73 -46.21 23.78
15:38:21 18.64 2.58 -46.20 23.87
15:38:21 18.96 2.45 -46.70 24.03
15:38:21 19.26 2.73 -46.21 23.96
15:38:22 18.79 2.57 -45.95 23.92
15:38:22 19.25 3.02 -45.98 24.09
15:38:22 18.94 2.86 -45.71 24.14
15:38:23 18.95 2.87 -45.97 24.18
15:38:23 19.56 3.34 -46.25 24.25
15:38:23 19.10 2.88 -46.22 24.34
15:38:23 18.95 3.03 -45.97 24.54
15:38:24 18.95 3.04 -46.23 24.40
15:38:24 19.10 2.70 -45.46 24.36
15:38:24 18.63 3.17 -45.72 24.58
15:38:24 19.10 3.18 -45.98 24.87
15:38:25 18.78 3.46 -45.49 24.93
15:38:25 19.10 3.63 -46.00 25.18
15:38:25 18.93 3.45 -45.24 25.31
15:38:26 19.70 3.74 -45.26 25.44
15:38:26 19.24 3.58 -45.00 25.46
15:38:26 18.93 4.21 -45.28 25.71
15:38:26 19.39 3.90 -45.27 25.80
15:38:27 19.09 3.60 -45.25 25.82
15:38:27 18.93 4.04 -45.02 26.26
15:38:27 18.93 4.07 -45.52 26.24
15:38:27 19.08 4.04 -45.02 26.39
15:38:28 18.93 4.51 -45.29 26.46
15:38:28 19.24 4.22 -45.53 26.46
15:38:28 18.93 4.53 -45.79 26.73
15:38:29 19.54 4.35 -45.29 26.42
15:38:29 18.77 4.20 -45.02 26.68
15:38:29 19.24 4.06 -45.52 26.68
15:38:29 19.08 4.21 -45.28 26.75
15:38:30 19.08 4.67 -45.55 26.81
15:38:30 18.92 4.65 -45.04 26.97
15:38:30 19.54 4.51 -45.30 27.19
15:38:30 18.92 4.80 -45.05 27.12
15:38:31 19.24 4.52 -45.55 27.32
15:38:31 19.23 4.51 -45.29 27.39
15:38:31 18.93 4.51 -45.29 27.12
15:38:32 19.07 4.63 -44.54 27.50
15:38:32 19.07 5.09 -44.82 27.54
15:38:32 19.08 4.80 -45.05 27.65
15:38:32 18.91 5.25 -44.82 27.77
15:38:33 19.07 4.49 -44.79 27.88
15:38:33 18.76 4.95 -44.81 27.79
15:38:33 18.60 5.24 -44.57 27.92
15:38:33 19.07 5.39 -44.58 28.19
15:38:34 19.23 5.11 -45.07 28.08
15:38:34 19.07 5.55 -44.84 28.01
15:38:34 19.07 4.93 -44.56 27.96
15:38:34 19.23 4.50 -45.04 28.12
15:38:35 19.22 4.61 -44.29 27.99
15:38:35 18.76 5.57 -45.09 27.90
15:38:35 19.84 4.95 -45.07 27.77
15:38:36 19.22 5.40 -44.83 27.81
15:38:36 19.38 4.95 -45.06 27.79
15:38:36 19.53 5.24 -44.83 27.94
15:38:36 19.38 5.09 -44.82 28.21
15:38:37 19.53 5.22 -44.32 28.12
15:38:37 19.07 5.08 -44.56 28.36
15:38:37 19.06 5.38 -44.33 28.14
15:38:37 19.08 5.13 -45.57 28.10
15:38:38 19.23 5.12 -45.32 28.19
15:38:38 18.91 5.25 -44.82 28.43
15:38:38 18.91 5.24 -44.57 28.27
15:38:39 19.53 5.24 -44.83 28.41
15:38:39 19.07 5.57 -45.34 28.63
15:38:39 19.07 5.39 -44.58 28.52
15:38:39 19.07 5.39 -44.58 28.78
15:38:40 19.22 5.39 -44.58 28.58
15:38:40 19.23 4.79 -44.80 28.63
15:38:40 18.91 5.39 -44.58 28.76
15:38:40 19.22 5.39 -44.58 28.78
15:38:41 19.06 5.50 -43.83 29.07
15:38:41 19.52 5.84 -44.61 29.20
15:38:41 19.21 5.99 -44.61 29.45
15:38:42 19.22 5.39 -44.58 29.54
15:38:42 19.22 5.54 -44.59 29.73
15:38:42 19.37 6.15 -44.62 29.76
15:38:42 19.36 5.81 -43.85 29.73
15:38:43 19.37 6.13 -44.37 29.80
15:38:43 19.21 6.12 -44.11 29.96
15:38:43 19.22 5.69 -44.59 30.04
15:38:43 19.21 6.29 -44.37 30.13
15:38:44 19.37 5.98 -44.36 30.24
15:38:44 19.52 6.45 -44.63 30.49
15:38:44 19.67 6.44 -44.38 30.60
15:38:45 19.05 6.44 -44.38 30.73
15:38:45 19.20 6.58 -44.13 30.53
15:38:45 19.36 6.44 -44.38 30.91
15:38:45 19.36 6.26 -43.87 30.91
15:38:46 19.51 7.03 -44.16 30.93
15:38:46 19.82 6.73 -44.15 30.86
15:38:46 19.05 6.28 -44.12 30.93
15:38:46 19.05 7.19 -44.16 31.15
15:38:47 19.04 6.85 -43.39 31.26
15:38:47 19.66 7.31 -43.67 31.42
15:38:47 19.20 7.01 -43.65 31.59
15:38:47 19.50 6.68 -43.14 31.70
15:38:48 19.50 7.29 -43.17 31.53
15:38:48 19.80 7.91 -43.45 32.04
15:38:48 19.51 7.34 -44.17 31.88
15:38:49 19.65 7.30 -43.42 32.12
15:38:49 19.19 6.99 -43.15 32.46
15:38:49 19.81 7.14 -43.16 32.52
15:38:49 19.49 7.91 -43.45 32.61
15:38:50 19.49 7.75 -43.19 32.65
15:38:50 19.19 7.45 -43.17 33.01
15:38:50 19.64 8.03 -42.70 32.99
15:38:50 19.80 7.90 -43.20 33.08
15:38:51 19.49 7.44 -43.17 32.94
15:38:51 20.10 8.18 -42.71 33.34
15:38:51 19.80 8.04 -42.95 33.41
15:38:52 19.95 8.34 -42.97 33.58
15:38:52 19.49 7.90 -43.19 33.50
15:38:52 19.49 8.51 -43.22 33.76
15:38:52 19.19 8.07 -43.45 33.78
15:38:53 19.95 8.81 -43.24 33.87
15:38:53 19.64 8.82 -43.49 34.03
15:38:53 19.64 8.65 -42.98 34.12
15:38:53 19.79 8.34 -42.97 34.25
15:38:54 20.26 8.66 -43.24 34.20
15:38:54 19.94 8.77 -42.49 34.58
15:38:54 19.63 8.79 -42.74 34.38
15:38:55 19.63 9.08 -42.50 34.58
15:38:55 19.64 8.65 -42.98 34.62
15:38:55 19.95 8.65 -42.98 34.51
15:38:55 19.64 8.48 -42.72 34.71
15:38:56 19.94 8.95 -43.00 34.85
15:38:56 19.64 8.95 -42.99 34.80
15:38:56 20.25 9.71 -43.04 35.00
15:38:56 19.94 9.55 -42.78 35.11
15:38:57 20.09 9.08 -42.50 35.20
15:38:57 19.94 8.93 -42.49 35.42
15:38:57 19.94 9.23 -42.51 35.46
15:38:58 19.77 9.50 -41.76 35.44
15:38:58 19.93 9.07 -42.25 35.88
15:38:58 20.55 9.35 -42.02 36.06
15:38:58 19.93 9.35 -41.76 35.95
15:38:59 19.77 9.51 -42.02 35.95
15:38:59 20.39 9.52 -42.28 36.31
15:38:59 20.24 9.08 -42.50 36.33
15:38:59 19.78 9.52 -42.27 36.35
15:39:00 20.08 9.66 -42.03 36.28
15:39:00 19.77 9.66 -42.02 36.44
15:39:00 20.07 9.79 -41.53 36.35
15:39:01 19.92 9.96 -41.79 36.50
15:39:01 19.92 10.27 -42.05 36.39
15:39:01 19.92 10.40 -41.56 36.35
15:39:01 19.92 9.96 -41.79 36.46
15:39:02 20.08 10.12 -42.05 36.64
15:39:02 19.92 9.94 -41.54 36.86
15:39:02 19.92 10.11 -41.80 36.84
15:39:02 19.92 9.96 -41.79 37.23
15:39:03 19.78 9.84 -42.54 36.97
15:39:03 19.76 10.10 -41.54 37.19
15:39:03 20.23 10.09 -41.55 37.32
15:39:03 19.76 10.25 -41.55 37.32
15:39:04 20.22 10.40 -41.56 37.37
15:39:04 19.61 10.41 -41.81 37.46
15:39:04 19.92 10.41 -41.81 37.46
15:39:05 19.92 10.25 -41.55 37.30
15:39:05 19.91 10.07 -41.04 37.54
15:39:05 20.22 10.39 -41.31 37.48
15:39:05 19.91 10.39 -41.31 37.70
15:39:06 19.76 10.69 -41.32 37.72
15:39:06 19.60 10.70 -41.32 37.61
15:39:06 20.22 11.03 -42.10 37.70
15:39:06 20.07 10.25 -41.55 37.85
15:39:07 20.23 10.57 -42.07 37.63
15:39:07 20.38 10.55 -41.57 37.63
15:39:07 20.06 10.98 -41.08 38.01
15:39:08 20.22 10.39 -41.31 37.57
15:39:08 20.06 10.21 -40.80 37.81
15:39:08 20.08 10.59 -42.32 37.85
15:39:08 20.06 10.52 -40.81 37.74
15:39:09 20.22 10.22 -41.05 37.79
15:39:09 19.92 10.73 -42.08 37.52
15:39:09 19.45 10.40 -41.55 37.63
15:39:09 19.91 10.69 -41.32 37.57
15:39:10 19.91 10.55 -41.56 37.59
15:39:10 20.06 10.69 -41.32 37.50
15:39:10 19.90 10.67 -40.82 37.43
15:39:11 19.75 10.68 -41.07 37.70
15:39:11 20.07 10.11 -41.80 37.30
15:39:11 19.91 10.38 -41.05 37.77
15:39:11 20.23 10.88 -42.09 37.61
15:39:12 20.23 10.41 -41.81 37.48
15:39:12 20.07 10.40 -41.56 37.41
15:39:12 19.91 10.70 -41.57 37.43
15:39:12 19.76 10.72 -41.82 37.52
15:39:13 20.06 10.53 -41.06 37.43
15:39:13 19.91 10.24 -41.30 37.54
15:39:13 20.06 10.69 -41.32 37.81
15:39:14 20.06 10.38 -41.05 37.81
15:39:14 19.91 10.22 -41.05 37.74
15:39:14 20.22 10.68 -41.07 37.41
15:39:14 20.38 10.25 -41.56 37.59
15:39:15 19.44 10.68 -41.06 37.61
15:39:15 20.07 10.70 -41.57 37.68
15:39:15 20.07 10.40 -41.56 37.59
15:39:15 19.91 10.38 -41.05 37.48
15:39:16 19.46 10.58 -42.06 37.43
15:39:16 20.22 10.40 -41.56 37.46
15:39:16 20.06 10.69 -41.32 37.46
15:39:16 19.45 10.72 -41.82 37.57
15:39:17 20.22 10.40 -41.56 37.30
15:39:17 19.76 10.39 -41.30 37.52
15:39:17 20.22 10.23 -41.30 37.41
15:39:18 19.91 10.69 -41.32 37.65
15:39:18 19.61 10.55 -41.56 37.41
15:39:18 19.76 10.57 -41.82 37.59
15:39:18 19.76 10.54 -41.31 37.57
15:39:19 20.07 10.10 -41.54 37.48
15:39:19 19.91 10.54 -41.31 37.30
15:39:19 20.07 10.07 -41.04 37.46
15:39:19 19.76 10.26 -41.80 37.46
15:39:20 19.46 10.12 -42.04 37.37
15:39:20 19.76 10.26 -41.80 37.48
15:39:20 19.76 10.10 -41.54 37.46
15:39:21 20.07 10.58 -42.07 37.26
15:39:21 19.60 10.39 -41.30 37.39
15:39:21 20.07 10.54 -41.31 37.26
15:39:21 19.92 10.56 -41.82 37.26
15:39:22 20.07 10.25 -41.55 37.37
15:39:22 20.07 10.41 -41.81 37.32
15:39:22 19.92 10.56 -41.82 37.32
15:39:22 19.92 10.10 -41.54 37.43
15:39:23 20.22 10.25 -41.55 37.39
15:39:23 20.07 9.93 -41.29 37.28
15:39:23 19.60 10.24 -41.29 37.30
15:39:24 19.46 10.12 -42.04 37.30
15:39:24 19.76 10.10 -41.54 37.21
15:39:24 19.76 10.10 -41.54 37.39
15:39:24 19.93 10.13 -42.30 37.37
15:39:25 19.61 10.10 -41.54 37.15
15:39:25 19.92 10.26 -41.80 37.30
15:39:25 19.91 10.07 -41.04 37.46
15:39:25 19.91 10.53 -41.06 37.28
15:39:26 19.92 10.41 -41.81 37.54
15:39:26 19.76 10.40 -41.56 37.54
15:39:26 19.75 10.68 -41.07 37.83
15:39:27 20.07 10.07 -41.04 38.03
15:39:27 19.60 10.68 -41.06 37.99
15:39:27 19.76 10.71 -41.57 38.14
15:39:27 20.06 10.50 -40.56 38.25
15:39:28 19.90 10.66 -40.56 38.05
15:39:28 19.45 11.00 -41.33 38.25
15:39:28 20.07 10.86 -41.58 38.36
15:39:28 20.07 10.54 -41.31 38.41
15:39:29 20.07 10.54 -41.31 38.36
15:39:29 20.22 10.70 -41.58 38.27
15:39:29 20.06 10.69 -41.32 38.50
15:39:29 19.91 10.69 -41.32 38.52
15:39:30 20.21 10.52 -40.81 38.34
15:39:30 20.06 11.15 -41.34 38.61
15:39:30 20.21 10.83 -41.08 38.52
15:39:31 20.06 10.97 -40.83 38.54
15:39:31 20.06 11.00 -41.34 38.63
15:39:31 20.05 10.96 -40.58 38.83
15:39:31 19.75 10.99 -41.08 38.89
15:39:32 19.75 10.81 -40.57 38.94
15:39:32 20.21 11.29 -41.10 39.09
15:39:32 20.06 11.30 -41.35 39.07
15:39:32 19.90 11.11 -40.59 39.09
15:39:33 20.21 11.26 -40.60 39.00
15:39:33 20.51 11.41 -40.61 39.12
15:39:33 19.75 11.44 -41.10 39.31
15:39:34 19.74 11.09 -40.08 39.16
15:39:34 20.04 11.70 -40.11 39.38
15:39:34 20.05 11.28 -40.85 39.45
15:39:34 20.05 11.43 -40.85 39.73
15:39:35 20.35 11.86 -40.37 39.40
15:39:35 20.35 11.24 -40.09 39.60
15:39:35 20.04 11.70 -40.11 39.65
15:39:35 20.51 11.57 -40.61 39.49
15:39:36 19.90 11.42 -40.60 39.65
15:39:36 20.36 11.59 -41.12 39.58
15:39:36 20.35 11.71 -40.37 39.65
15:39:37 20.20 11.88 -40.88 39.42
15:39:37 20.36 11.90 -41.13 39.62
15:39:37 20.05 11.73 -40.87 39.67
15:39:37 20.20 12.02 -40.63 39.58
15:39:38 20.36 11.26 -40.60 39.58
15:39:38 20.67 11.73 -40.88 39.47
15:39:38 19.90 11.43 -40.85 39.27
15:39:38 20.36 11.58 -40.86 39.51
15:39:39 19.90 11.73 -40.87 39.34
15:39:39 20.20 11.39 -40.10 39.65
15:39:39 20.20 11.73 -40.87 39.49
15:39:40 20.36 11.44 -41.11 39.51
15:39:40 20.05 11.58 -40.86 39.56
15:39:40 20.67 11.27 -40.85 39.27
15:39:40 20.36 11.43 -40.86 39.45
15:39:41 20.36 11.58 -40.86 39.29
15:39:41 20.67 11.57 -40.62 39.23
15:39:41 20.82 11.89 -41.14 39.36
15:39:41 20.06 11.45 -41.36 39.27
15:39:42 20.05 11.58 -40.86 39.20
15:39:42 19.90 11.44 -41.10 39.09
15:39:42 20.21 11.58 -40.86 39.27
15:39:43 19.90 11.44 -41.10 39.23
15:39:43 20.21 11.58 -40.86 38.98
15:39:43 20.06 11.29 -41.10 39.09
15:39:43 20.06 11.44 -41.11 39.25
15:39:44 20.36 11.25 -40.35 39.23
15:39:44 20.20 11.88 -40.88 39.23
15:39:44 20.21 11.58 -40.86 39.36
15:39:44 20.20 11.42 -40.60 39.27
15:39:45 20.21 11.58 -40.86 39.09
15:39:45 20.05 11.27 -40.59 39.05
15:39:45 19.90 11.44 -41.10 39.16
15:39:45 20.67 11.74 -41.13 39.18
15:39:46 19.90 11.58 -40.86 39.09
15:39:46 20.37 11.45 -41.36 39.34
15:39:46 20.05 11.57 -40.61 39.18
15:39:47 20.36 11.59 -41.12 39.29
15:39:47 20.05 11.43 -40.85 39.38
15:39:47 20.20 10.95 -40.33 39.29
15:39:47 20.20 11.86 -40.37 39.49
15:39:48 20.04 12.18 -40.64 39.60
15:39:48 20.51 11.73 -40.87 39.69
15:39:48 20.51 12.20 -41.15 39.65
15:39:48 19.90 11.58 -40.86 39.69
15:39:49 20.05 12.03 -40.63 39.62
15:39:49 20.36 12.04 -40.89 39.69
15:39:49 20.05 11.56 -40.36 39.87
15:39:50 19.89 12.17 -40.38 39.82
15:39:50 20.35 12.01 -40.38 39.82
15:39:50 20.04 11.71 -40.36 39.73
15:39:50 20.36 11.87 -40.63 39.69
15:39:51 19.89 12.19 -40.89 39.60
15:39:51 19.74 11.56 -40.35 39.65
15:39:51 20.36 11.73 -40.87 39.49
15:39:51 20.20 11.86 -40.37 39.78
15:39:52 20.66 12.02 -40.64 39.71
15:39:52 19.59 11.74 -40.86 39.58
15:39:52 20.21 11.43 -40.86 39.56
15:39:53 20.66 11.55 -40.36 39.54
15:39:53 20.36 11.87 -40.63 39.91
15:39:53 20.05 11.73 -40.87 39.69
15:39:53 20.05 11.87 -40.62 39.82
15:39:54 20.21 11.90 -41.13 39.89
15:39:54 20.50 12.15 -40.14 40.00
15:39:54 20.52 11.89 -41.13 40.11
15:39:54 20.20 12.33 -40.65 40.20
15:39:55 20.51 12.05 -41.14 39.96
15:39:55 20.20 12.04 -40.88 40.24
15:39:55 20.35 12.30 -40.14 39.96
15:39:56 20.35 12.00 -40.13 40.07
15:39:56 19.89 12.03 -40.63 39.96
15:39:56 20.05 12.19 -40.89 40.07
15:39:56 19.74 11.86 -40.37 40.15
15:39:57 20.50 12.32 -40.40 39.96
15:39:57 20.35 11.86 -40.37 40.04
15:39:57 20.50 12.32 -40.40 40.31
15:39:57 20.05 12.05 -41.14 40.18
15:39:58 20.20 12.34 -40.90 39.98
15:39:58 20.35 11.99 -39.88 40.35
15:39:58 20.04 12.01 -40.38 40.18
15:39:59 20.35 12.15 -40.14 40.13
15:39:59 20.05 12.51 -41.16 40.22
15:39:59 20.51 12.33 -40.65 40.24
15:39:59 20.65 11.83 -39.87 39.98
15:40:00 20.50 12.16 -40.39 40.11
15:40:00 20.66 12.02 -40.64 40.15
15:40:00 19.74 12.19 -40.89 40.22
15:40:00 19.74 12.03 -40.63 40.00
15:40:01 20.20 12.02 -40.63 40.04
15:40:01 20.35 12.18 -40.64 39.93
15:40:01 20.34 12.14 -39.88 39.96
15:40:01 20.20 12.02 -40.63 39.93
15:40:02 20.50 12.00 -40.13 40.02
15:40:02 20.35 12.34 -40.90 40.18
15:40:02 20.66 12.33 -40.65 40.07
15:40:03 19.89 12.50 -40.90 40.44
15:40:03 20.66 11.86 -40.38 40.35
15:40:03 20.20 12.34 -40.90 40.33
15:40:03 20.20 12.34 -40.90 40.75
15:40:04 20.50 12.15 -40.14 40.53
15:40:04 19.88 12.62 -40.41 40.66
15:40:04 20.34 12.61 -40.16 40.82
15:40:04 20.35 12.32 -40.40 40.84
15:40:05 20.81 12.63 -40.67 40.93
15:40:05 20.35 12.62 -40.41 41.19
15:40:05 20.81 12.76 -40.17 41.11
15:40:06 20.19 12.62 -40.41 41.15
15:40:06 20.19 12.76 -40.16 41.08
15:40:06 20.19 12.47 -40.40 41.33
15:40:06 20.18 13.34 -39.44 41.19
15:40:07 19.89 12.48 -40.65 41.37
15:40:07 20.81 12.92 -40.43 41.37
15:40:07 20.19 12.76 -40.16 41.06
15:40:07 20.19 12.91 -40.17 41.02
15:40:08 20.34 12.61 -40.16 41.04
15:40:08 20.66 12.63 -40.67 41.28
15:40:08 20.50 12.62 -40.41 41.00
15:40:09 20.34 12.44 -39.90 41.08
15:40:09 20.18 12.89 -39.67 40.77
15:40:09 20.49 13.04 -39.68 41.08
15:40:09 20.19 12.61 -40.16 41.08
15:40:10 20.34 12.90 -39.92 40.86
15:40:10 20.19 13.08 -40.43 41.42
15:40:10 20.18 12.89 -39.67 41.35
15:40:10 20.34 12.89 -39.67 41.42
15:40:11 20.03 12.60 -39.90 41.19
15:40:11 20.34 12.46 -40.15 41.17
15:40:11 20.34 12.61 -40.16 41.26
15:40:12 20.03 13.06 -39.92 41.13
15:40:12 20.03 12.74 -39.66 40.91
15:40:12 20.65 12.75 -39.92 41.13
15:40:12 20.50 13.08 -40.43 41.17
15:40:13 20.19 12.91 -40.17 41.08
15:40:13 20.34 12.46 -40.15 41.31
15:40:13 20.19 12.93 -40.42 41.37
15:40:13 20.04 12.94 -40.67 41.17
15:40:14 20.34 12.90 -39.92 41.22
15:40:14 20.49 12.75 -39.92 41.17
15:40:14 19.88 13.23 -40.43 41.06
15:40:14 20.65 12.75 -39.92 41.31
15:40:15 20.34 12.59 -39.65 41.44
15:40:15 20.19 12.45 -39.90 41.28
15:40:15 20.03 12.42 -39.39 41.24
15:40:16 20.04 12.94 -40.67 41.06
15:40:16 20.17 13.02 -39.17 41.06
15:40:16 20.03 12.75 -39.91 41.13
15:40:16 20.18 13.04 -39.67 41.53
15:40:17 20.80 12.44 -39.90 41.48
15:40:17 20.49 13.20 -39.94 41.59
15:40:17 20.34 12.43 -39.65 41.77
15:40:17 20.65 12.76 -40.17 41.84
15:40:18 20.33 12.73 -39.41 41.90
15:40:18 20.17 13.16 -38.92 41.81
15:40:18 20.65 13.05 -39.93 42.17
15:40:19 20.49 13.04 -39.68 42.35
15:40:19 20.48 13.18 -39.43 42.06
15:40:19 20.33 13.35 -39.69 42.10
15:40:19 20.64 13.20 -39.94 42.26
15:40:20 20.18 13.50 -39.70 42.17
15:40:20 20.80 13.37 -40.20 42.30
15:40:20 20.64 13.19 -39.69 42.32
15:40:20 20.49 13.34 -39.69 42.26
15:40:21 20.49 13.36 -39.94 42.28
15:40:21 20.33 13.32 -39.19 42.26
15:40:21 20.18 13.19 -39.68 42.46
15:40:22 20.65 13.52 -40.21 42.46
15:40:22 20.65 13.37 -40.20 42.54
15:40:22 20.33 13.32 -39.19 42.68
15:40:22 20.33 13.50 -39.70 42.79
15:40:23 20.48 13.94 -39.47 42.85
15:40:23 20.33 14.11 -39.73 42.96
15:40:23 20.33 13.32 -39.19 42.99
15:40:23 20.64 13.48 -39.45 43.30
15:40:24 20.63 13.62 -39.20 43.34
15:40:24 20.32 13.63 -39.20 43.54
15:40:24 20.48 13.80 -39.71 43.36
15:40:25 20.47 13.77 -38.96 43.52
15:40:25 20.48 13.78 -39.21 43.30
15:40:25 20.48 13.47 -39.20 43.30
15:40:25 20.64 14.10 -39.73 43.47
15:40:26 20.62 13.91 -38.71 43.61
15:40:26 20.78 13.93 -39.22 43.63
15:40:26 20.47 14.39 -39.24 43.54
15:40:26 20.62 14.21 -38.73 43.65
15:40:27 20.63 14.23 -39.23 43.85
15:40:27 20.78 13.61 -38.95 43.54
15:40:27 20.32 14.24 -39.23 43.89
15:40:27 20.78 14.37 -38.99 43.69
15:40:28 20.32 14.08 -39.22 43.96
15:40:28 21.10 13.94 -39.48 43.78
15:40:28 20.63 14.07 -38.97 43.83
15:40:29 20.78 13.89 -38.46 44.03
15:40:29 20.47 14.39 -39.24 43.81
15:40:29 20.48 14.08 -39.22 43.96
15:40:29 20.46 14.82 -38.76 44.31
15:40:30 20.63 13.93 -39.22 44.29
15:40:30 20.16 14.22 -38.98 44.31
15:40:30 20.62 14.05 -38.47 44.27
15:40:30 20.62 14.35 -38.48 44.34
15:40:31 20.78 14.22 -38.98 44.29
15:40:31 20.78 13.89 -38.46 44.58
15:40:31 20.63 14.24 -39.49 44.29
15:40:32 20.62 14.65 -38.50 44.27
15:40:32 20.62 14.50 -38.49 44.45
15:40:32 20.62 13.91 -38.71 44.36
15:40:32 20.94 14.38 -39.24 44.29
15:40:33 20.79 14.24 -39.49 44.23
15:40:33 20.63 14.07 -38.97 44.18
15:40:33 20.47 14.22 -38.98 44.25
15:40:33 20.63 13.92 -38.97 44.40
15:40:34 20.78 14.21 -38.73 44.38
15:40:34 20.62 14.68 -39.00 44.51
15:40:34 20.77 14.04 -38.47 44.78
15:40:35 20.48 14.40 -39.49 44.85
15:40:35 20.61 14.79 -38.25 44.67
15:40:35 20.47 14.51 -38.74 44.85
15:40:35 20.62 14.35 -38.48 45.09
15:40:36 20.61 15.09 -38.02 45.38
15:40:36 20.77 14.34 -38.23 45.27
15:40:36 20.76 15.10 -38.27 45.27
15:40:36 21.08 15.11 -38.53 45.18
15:40:37 20.61 15.26 -38.53 45.33
15:40:37 20.61 15.10 -38.27 45.18
15:40:37 20.46 14.78 -38.00 45.46
15:40:38 20.92 15.10 -38.27 45.40
15:40:38 21.23 14.80 -38.51 45.42
15:40:38 20.45 15.09 -38.01 45.35
15:40:38 20.30 14.80 -38.25 45.69
15:40:39 20.46 15.11 -38.52 45.64
15:40:39 20.61 15.25 -38.28 45.80
15:40:39 20.30 15.25 -38.27 45.66
15:40:39 20.76 15.71 -38.30 45.82
15:40:40 20.46 15.26 -38.53 45.93
15:40:40 20.91 15.39 -38.03 46.04
15:40:40 21.07 15.73 -38.81 46.04
15:40:41 20.76 15.69 -38.05 45.82
15:40:41 20.92 15.26 -38.53 45.97
15:40:41 20.61 15.10 -38.27 46.04
15:40:41 20.76 15.57 -38.54 46.04
15:40:42 20.62 15.59 -39.05 46.13
15:40:42 20.76 15.72 -38.55 46.22
15:40:42 20.61 15.24 -38.02 46.48
15:40:42 20.91 15.67 -37.54 46.57
15:40:43 20.76 15.85 -38.05 46.55
15:40:43 20.60 15.53 -37.79 46.48
15:40:43 20.45 15.25 -38.27 46.50
15:40:44 20.77 15.41 -38.54 46.42
15:40:44 20.61 15.71 -38.30 46.37
15:40:44 20.61 15.73 -38.80 46.28
15:40:44 20.76 15.39 -38.03 46.24
15:40:45 20.60 15.85 -38.05 46.37
15:40:45 20.91 15.86 -38.31 46.55
15:40:45 20.76 15.86 -38.31 46.37
15:40:45 20.91 15.54 -38.04 46.48
15:40:46 20.75 15.67 -37.54 46.55
15:40:46 20.76 15.53 -37.79 46.48
15:40:46 20.76 15.25 -38.28 46.37
15:40:46 20.92 15.56 -38.55 46.50
15:40:47 21.06 15.98 -37.81 46.44
15:40:47 20.91 15.69 -38.05 46.35
15:40:47 21.22 15.06 -37.52 46.35
15:40:48 20.60 15.70 -38.05 46.26
15:40:48 20.76 16.01 -38.31 46.26
15:40:48 20.76 15.86 -38.31 46.24
15:40:48 20.77 15.43 -38.79 46.42
