12:27:39 20.06 -2.97 -47.51 13.89
12:27:39 19.76 -2.68 -47.04 13.78
12:27:39 19.91 -3.13 -47.26 13.92
12:27:40 20.06 -3.28 -47.50 13.81
12:27:40 19.75 -2.67 -47.28 14.05
12:27:40 20.06 -2.65 -47.76 13.96
12:27:40 20.21 -2.68 -47.04 14.09
12:27:41 20.05 -2.51 -47.53 14.05
12:27:41 19.76 -2.98 -47.27 14.03
12:27:41 19.91 -3.15 -46.78 14.05
12:27:41 19.91 -2.81 -47.51 13.96
12:27:42 19.91 -3.13 -47.26 14.00
12:27:42 19.91 -2.96 -47.75 14.03
12:27:42 20.06 -2.68 -47.04 14.03
12:27:43 20.21 -2.84 -47.03 14.16
12:27:43 20.21 -2.83 -47.27 14.14
12:27:43 20.06 -2.65 -47.76 14.14
12:27:43 20.05 -2.52 -47.28 14.25
12:27:44 20.06 -2.96 -47.75 14.36
12:27:44 20.20 -2.52 -47.28 14.20
12:27:44 19.75 -2.66 -47.52 14.45
12:27:44 20.06 -2.68 -47.04 14.47
12:27:45 20.06 -2.69 -46.79 14.51
12:27:45 20.51 -2.52 -47.28 14.67
12:27:45 20.65 -2.08 -46.82 14.69
12:27:46 19.91 -2.83 -47.03 14.78
12:27:46 19.90 -2.06 -47.06 14.87
12:27:46 20.05 -2.23 -46.81 14.82
12:27:46 20.05 -2.08 -46.57 15.02
12:27:47 19.90 -1.91 -47.06 15.07
12:27:47 19.74 -1.60 -47.08 15.09
12:27:47 19.89 -1.47 -46.35 15.13
12:27:47 19.89 -1.29 -47.09 15.46
12:27:48 20.35 -1.93 -46.58 15.46
12:27:48 20.05 -2.08 -46.57 15.66
12:27:48 19.74 -1.78 -46.34 15.64
12:27:49 19.74 -1.30 -46.60 15.53
12:27:49 19.89 -1.47 -46.35 15.60
12:27:49 19.73 -1.15 -46.61 16.24
12:27:49 19.74 -1.31 -46.36 16.11
12:27:50 19.73 -0.99 -46.86 16.08
12:27:50 19.73 -0.98 -47.10 16.13
12:27:50 19.89 -1.33 -46.12 16.08
12:27:50 19.88 -0.69 -46.63 16.55
12:27:51 19.73 -1.16 -46.37 16.06
12:27:51 20.04 -1.15 -46.61 16.28
12:27:51 19.73 -1.01 -46.37 16.39
12:27:52 19.73 -1.16 -46.37 16.55
12:27:52 19.58 -0.86 -46.14 16.64
12:27:52 20.03 -0.84 -46.86 16.75
12:27:52 19.88 -0.69 -46.63 16.79
12:27:53 20.18 -0.70 -46.38 16.75
12:27:53 19.72 -0.41 -45.91 16.95
12:27:53 19.73 -0.71 -46.14 17.15
12:27:53 19.72 -0.41 -45.91 17.35
12:27:54 19.42 -0.38 -46.39 17.46
12:27:54 19.57 -0.09 -46.16 17.46
12:27:54 19.58 -0.54 -46.39 17.61
12:27:54 20.02 -0.26 -45.92 17.92
12:27:55 20.02 0.22 -46.18 17.81
12:27:55 19.41 0.51 -45.46 17.83
12:27:55 20.01 0.65 -45.47 18.05
12:27:56 19.56 0.34 -45.21 17.94
12:27:56 19.72 0.05 -45.69 17.94
12:27:56 19.71 0.34 -45.21 17.81
12:27:56 20.02 -0.09 -46.16 18.05
12:27:57 19.87 0.19 -45.45 17.90
12:27:57 19.87 0.05 -45.93 18.05
12:27:57 19.71 0.66 -45.47 18.03
12:27:57 19.42 0.23 -46.42 17.99
12:27:58 20.02 0.07 -46.41 17.85
12:27:58 19.87 0.35 -45.45 17.94
12:27:58 19.86 0.50 -45.46 17.94
12:27:59 19.56 0.50 -45.46 17.92
12:27:59 19.72 0.05 -45.69 18.08
12:27:59 19.42 0.21 -45.69 18.21
12:27:59 19.86 0.36 -45.94 18.14
12:28:00 20.01 0.82 -45.96 18.47
12:28:00 19.86 0.65 -45.47 18.61
12:28:00 19.85 1.26 -45.25 18.67
12:28:00 19.71 0.96 -45.48 18.52
12:28:01 19.56 0.68 -45.95 18.83
12:28:01 19.71 0.96 -45.24 18.87
12:28:01 20.01 0.96 -45.48 19.05
12:28:02 19.85 1.29 -45.97 19.05
12:28:02 19.86 0.65 -45.47 18.96
12:28:02 19.55 1.28 -45.73 19.20
12:28:02 19.70 1.11 -45.24 19.69
12:28:03 19.55 1.72 -45.02 19.69
12:28:03 19.40 1.43 -45.49 19.82
12:28:03 19.25 1.26 -45.00 19.93
12:28:03 19.69 1.87 -45.03 20.11
12:28:04 19.09 2.04 -45.28 20.18
12:28:04 19.69 1.87 -45.03 20.33
12:28:04 19.70 1.72 -45.02 20.44
12:28:05 19.54 2.16 -44.31 20.38
12:28:05 19.85 1.40 -44.77 20.27
12:28:05 19.55 1.27 -45.25 20.20
12:28:05 19.54 1.87 -44.79 20.44
12:28:06 19.39 2.03 -45.03 20.33
12:28:06 19.70 1.72 -45.02 20.46
12:28:06 19.54 2.50 -45.29 20.62
12:28:06 19.08 2.52 -45.53 20.73
12:28:07 19.38 2.61 -44.09 21.24
12:28:07 19.54 2.46 -44.32 21.17
12:28:07 19.23 2.64 -44.81 21.39
12:28:07 19.54 2.33 -44.80 21.39
12:28:08 19.08 2.92 -44.10 21.68
12:28:08 19.54 2.46 -44.32 21.70
12:28:08 19.38 2.64 -44.81 21.77
12:28:09 19.23 3.09 -44.35 21.66
12:28:09 19.68 2.77 -44.34 21.92
12:28:09 19.38 3.08 -44.35 21.92
12:28:09 19.53 2.78 -44.58 21.70
12:28:10 19.53 3.09 -44.59 21.79
12:28:10 19.23 2.93 -44.34 21.66
12:28:10 19.68 2.78 -44.58 21.79
12:28:10 19.38 3.09 -44.59 21.73
12:28:11 19.53 3.09 -44.59 21.73
12:28:11 19.83 3.26 -45.08 21.81
12:28:11 19.37 3.25 -44.59 21.79
12:28:12 19.37 3.27 -45.08 21.88
12:28:12 19.38 3.09 -44.59 22.08
12:28:12 19.37 3.26 -44.84 22.28
12:28:12 19.22 3.40 -44.60 22.39
12:28:13 19.22 3.39 -44.12 22.26
12:28:13 19.67 3.36 -43.63 22.54
12:28:13 19.68 3.22 -44.11 22.79
12:28:13 19.52 3.40 -44.60 22.65
12:28:14 19.52 3.67 -43.64 22.74
12:28:14 19.37 3.70 -44.37 22.77
12:28:14 19.37 3.86 -44.62 22.81
12:28:15 19.52 3.69 -44.13 22.79
12:28:15 19.67 3.54 -44.36 22.90
12:28:15 19.67 3.86 -44.62 23.01
12:28:15 19.22 3.85 -44.13 22.90
12:28:16 19.52 3.54 -44.36 23.05
12:28:16 19.52 3.55 -44.61 22.81
12:28:16 19.36 3.99 -43.90 22.72
12:28:16 19.37 3.53 -43.88 23.08
12:28:17 19.66 4.13 -43.66 22.99
12:28:17 19.51 4.01 -44.38 22.94
12:28:17 19.37 3.68 -43.89 23.08
12:28:18 19.52 3.69 -44.13 23.08
12:28:18 19.07 3.55 -44.36 23.23
12:28:18 19.36 4.00 -44.14 23.30
12:28:18 19.66 4.45 -43.91 23.63
12:28:19 19.36 4.31 -44.15 23.76
12:28:19 19.05 4.79 -44.41 23.89
12:28:19 19.21 4.59 -43.44 23.98
12:28:19 19.66 4.76 -43.93 24.38
12:28:20 19.20 4.92 -43.93 24.40
12:28:20 19.50 4.90 -43.45 24.45
12:28:20 19.20 4.90 -43.45 24.45
12:28:20 19.50 4.92 -43.93 24.31
12:28:21 19.50 4.90 -43.45 24.62
12:28:21 19.51 4.59 -43.44 24.93
12:28:21 19.20 5.05 -43.21 24.98
12:28:22 19.35 5.03 -42.73 25.00
12:28:22 19.20 5.18 -42.73 25.35
12:28:22 19.04 5.52 -43.47 25.42
12:28:22 19.49 5.83 -43.72 25.51
12:28:23 19.65 5.19 -42.97 25.84
12:28:23 18.74 5.67 -43.23 25.91
12:28:23 19.34 6.13 -43.25 26.06
12:28:23 19.19 5.67 -43.48 26.37
12:28:24 19.04 5.94 -42.28 26.37
12:28:24 19.19 5.95 -42.52 26.39
12:28:24 19.19 5.96 -43.00 26.33
12:28:25 19.04 5.49 -42.74 26.44
12:28:25 19.48 6.27 -43.01 26.48
12:28:25 19.48 6.27 -43.01 26.55
12:28:25 18.89 5.96 -42.76 26.53
12:28:26 19.18 6.27 -43.01 27.17
12:28:26 19.48 6.41 -42.78 27.06
12:28:26 19.18 6.26 -42.77 27.08
12:28:26 19.79 6.07 -42.04 27.41
12:28:27 19.47 7.00 -42.07 27.52
12:28:27 19.33 6.57 -42.78 27.32
12:28:27 19.48 6.40 -42.54 27.46
12:28:28 18.72 6.88 -42.55 27.70
12:28:28 19.02 7.04 -42.80 27.85
12:28:28 19.18 6.72 -42.55 27.96
12:28:28 19.47 7.47 -42.09 28.19
12:28:29 19.02 7.48 -42.33 28.41
12:28:29 18.87 7.16 -41.84 28.43
12:28:29 18.72 7.32 -42.09 28.61
12:28:29 18.71 7.62 -41.85 28.78
12:28:30 19.02 7.47 -42.09 29.12
12:28:30 19.01 7.64 -42.34 28.96
12:28:30 18.86 7.62 -41.85 29.14
12:28:31 19.01 7.62 -41.85 29.38
12:28:31 19.32 7.62 -42.10 29.16
12:28:31 19.31 7.79 -42.34 29.31
12:28:31 19.15 8.40 -42.12 29.54
12:28:32 19.01 8.22 -41.39 29.38
12:28:32 18.55 8.26 -42.36 29.49
12:28:32 18.86 8.22 -41.39 29.67
12:28:32 19.01 8.24 -42.12 29.65
12:28:33 18.40 8.24 -41.88 29.69
12:28:33 18.85 8.55 -41.89 29.67
12:28:33 19.16 8.22 -41.64 29.78
12:28:33 18.85 8.69 -41.65 30.02
12:28:34 19.60 8.68 -41.65 30.22
12:28:34 19.00 8.52 -41.16 30.42
12:28:34 18.84 9.14 -41.19 30.55
12:28:35 19.30 8.53 -41.65 30.66
12:28:35 19.00 8.50 -40.68 30.62
12:28:35 19.00 8.37 -41.40 30.88
12:28:35 19.00 8.70 -41.89 30.93
12:28:36 18.70 8.97 -40.94 31.04
12:28:36 18.55 8.67 -40.93 31.17
12:28:36 18.54 9.14 -41.19 31.04
12:28:36 19.00 8.83 -41.42 31.13
12:28:37 18.99 9.30 -41.43 31.39
12:28:37 18.84 9.28 -40.95 31.19
12:28:37 18.85 8.97 -40.94 31.13
12:28:38 18.54 9.28 -40.71 31.44
12:28:38 19.14 9.45 -41.44 31.39
12:28:38 18.99 9.43 -40.95 31.44
12:28:38 19.00 8.83 -41.42 31.50
12:28:39 18.84 9.28 -40.95 31.44
12:28:39 18.85 8.85 -41.66 31.55
12:28:39 19.30 9.12 -40.94 31.59
12:28:39 18.99 9.76 -41.45 31.31
12:28:40 18.54 9.44 -40.95 31.59
12:28:40 19.14 9.43 -40.95 31.59
12:28:40 18.84 9.44 -41.20 31.53
12:28:41 18.39 9.44 -40.95 31.88
12:28:41 18.84 9.14 -41.19 31.77
12:28:41 18.54 9.46 -41.44 31.77
12:28:41 19.14 9.29 -41.19 31.81
12:28:42 18.99 9.60 -41.20 31.92
12:28:42 18.84 9.12 -40.70 32.08
12:28:42 18.99 9.57 -40.48 32.01
12:28:42 18.38 9.90 -40.97 32.06
12:28:43 18.99 9.44 -41.20 32.17
12:28:43 18.68 9.92 -41.46 32.57
12:28:43 18.53 9.75 -40.97 32.41
12:28:44 18.53 9.89 -40.73 32.57
12:28:44 18.84 9.57 -40.48 32.65
12:28:44 18.98 10.19 -40.50 32.57
12:28:44 18.83 9.88 -40.49 32.83
12:28:45 18.68 10.05 -40.74 33.05
12:28:45 18.68 10.35 -40.75 33.14
12:28:45 18.53 10.34 -40.26 33.16
12:28:45 18.53 10.06 -40.98 33.19
12:28:46 18.68 10.19 -40.50 33.36
12:28:46 18.67 10.51 -40.75 33.30
12:28:46 18.68 10.35 -40.50 33.47
12:28:47 18.68 10.35 -40.75 33.47
12:28:47 18.82 10.62 -39.79 33.81
12:28:47 18.53 10.32 -39.78 33.72
12:28:47 18.98 10.33 -40.26 33.92
12:28:48 18.97 10.62 -39.79 33.96
12:28:48 18.82 10.64 -40.27 34.07
12:28:48 18.52 10.47 -39.54 34.16
12:28:48 18.82 10.92 -39.56 34.27
12:28:49 18.97 10.63 -40.03 34.20
12:28:49 18.66 11.41 -40.06 34.27
12:28:49 18.51 11.25 -39.81 34.69
12:28:49 18.81 11.71 -39.83 34.78
12:28:50 18.66 11.56 -40.07 35.15
12:28:50 18.51 11.39 -39.58 34.91
12:28:50 18.37 11.08 -39.57 35.24
12:28:51 18.51 11.24 -39.57 35.49
12:28:51 18.81 11.85 -39.59 35.49
12:28:51 18.36 11.86 -39.59 35.86
12:28:51 18.20 11.85 -39.35 35.77
12:28:52 18.35 12.01 -39.60 36.02
12:28:52 18.66 11.83 -39.11 36.08
12:28:52 18.80 12.15 -39.36 36.11
12:28:52 18.50 12.44 -38.89 36.31
12:28:53 18.50 12.15 -39.36 36.39
12:28:53 18.50 12.33 -39.85 36.39
12:28:53 18.51 11.84 -39.11 36.33
12:28:54 18.65 12.61 -39.38 36.33
12:28:54 18.35 12.60 -38.90 36.22
12:28:54 18.35 12.48 -39.86 36.53
12:28:54 18.95 12.46 -39.37 36.33
12:28:55 18.65 12.49 -40.10 36.55
12:28:55 18.50 12.32 -39.61 36.59
12:28:55 18.20 12.47 -39.37 36.57
12:28:55 18.80 12.44 -38.89 36.59
12:28:56 18.65 12.15 -39.36 36.62
12:28:56 18.35 12.46 -39.13 36.59
12:28:56 18.95 12.62 -39.62 36.55
12:28:57 18.20 12.16 -39.36 36.59
12:28:57 18.65 12.46 -39.37 36.70
12:28:57 18.35 12.59 -38.65 36.73
12:28:57 18.49 12.91 -38.91 36.75
12:28:58 18.50 12.45 -39.13 36.68
12:28:58 18.35 12.61 -39.14 36.88
12:28:58 18.04 12.89 -38.18 37.01
12:28:58 18.65 12.42 -38.41 37.21
12:28:59 18.49 13.20 -38.43 37.32
12:28:59 18.49 13.07 -39.15 37.48
12:28:59 18.80 12.73 -38.42 37.85
12:29:00 18.18 13.37 -38.92 37.81
12:29:00 18.64 13.37 -38.92 37.85
12:29:00 18.34 13.07 -39.15 37.96
12:29:00 18.49 13.35 -38.44 38.16
12:29:01 18.34 13.35 -38.44 38.21
12:29:01 18.19 12.89 -38.42 38.16
12:29:01 18.48 13.52 -38.69 38.32
12:29:01 18.34 13.04 -38.19 38.19
12:29:02 18.49 13.35 -38.44 38.23
12:29:02 18.33 13.69 -39.18 38.12
12:29:02 18.63 13.69 -39.18 38.30
12:29:02 18.33 13.51 -38.45 38.25
12:29:03 18.34 13.35 -38.20 38.27
12:29:03 18.33 13.67 -38.69 38.19
12:29:03 18.63 13.64 -37.97 38.36
12:29:04 18.18 13.68 -38.94 38.61
12:29:04 18.48 13.52 -38.69 38.43
12:29:04 18.33 13.83 -38.70 38.50
12:29:04 18.48 13.52 -38.93 38.27
12:29:05 18.33 13.48 -37.72 38.54
12:29:05 18.33 13.98 -38.70 38.69
12:29:05 18.33 13.66 -38.45 38.65
12:29:05 18.03 13.34 -37.96 38.65
12:29:06 18.33 13.81 -38.21 38.56
12:29:06 18.33 13.67 -38.69 38.69
12:29:06 18.33 13.82 -38.46 38.76
12:29:07 18.34 13.34 -37.96 38.92
12:29:07 18.48 13.82 -38.46 38.83
12:29:07 18.03 13.49 -37.72 38.83
12:29:07 18.63 13.81 -38.46 38.72
12:29:08 18.33 13.81 -38.21 38.81
12:29:08 18.33 13.63 -37.48 38.78
12:29:08 18.48 13.96 -38.22 38.87
12:29:08 18.18 13.98 -38.70 38.78
12:29:09 18.48 13.82 -38.46 38.89
12:29:09 18.48 13.81 -38.21 38.98
12:29:09 18.02 14.74 -38.25 38.96
12:29:10 18.48 14.11 -37.98 39.54
12:29:10 17.88 13.98 -38.46 39.69
12:29:10 18.48 14.11 -37.98 39.45
12:29:10 18.02 14.28 -38.23 39.60
12:29:11 18.17 14.12 -38.23 39.31
12:29:11 18.63 14.09 -37.74 39.45
12:29:11 18.33 14.12 -38.23 39.16
12:29:11 18.17 14.13 -38.47 39.23
12:29:12 18.48 14.12 -38.47 39.29
12:29:12 18.63 13.95 -37.98 39.18
12:29:12 18.63 13.48 -37.72 39.20
12:29:13 18.18 13.81 -38.21 39.27
12:29:13 18.17 14.26 -37.99 39.14
12:29:13 18.02 14.11 -37.98 39.20
12:29:13 18.47 14.41 -38.00 39.25
12:29:14 18.33 13.64 -37.97 39.20
12:29:14 18.63 13.64 -37.97 39.34
12:29:14 18.48 14.12 -38.47 39.47
12:29:14 18.17 14.28 -38.47 39.47
12:29:15 18.48 14.12 -38.47 39.40
12:29:15 18.33 13.64 -37.97 39.47
12:29:15 18.78 14.12 -38.47 39.58
12:29:16 18.33 14.11 -37.98 39.51
12:29:16 18.33 13.79 -37.73 39.58
12:29:16 18.32 14.26 -37.99 39.69
12:29:16 18.32 14.26 -37.99 39.58
12:29:17 18.32 14.27 -38.23 39.67
12:29:17 18.47 14.26 -37.99 39.71
12:29:17 18.48 14.11 -37.98 39.78
12:29:17 18.62 14.26 -37.99 39.82
12:29:18 18.93 14.10 -37.98 40.04
12:29:18 17.87 14.41 -37.75 40.13
12:29:18 18.16 14.87 -37.77 40.29
12:29:18 18.17 14.72 -37.76 40.02
12:29:19 18.76 15.01 -37.53 40.13
12:29:19 18.31 14.87 -37.77 40.33
12:29:19 18.31 15.02 -37.53 40.29
12:29:20 18.01 14.88 -38.01 40.27
12:29:20 18.16 14.88 -38.01 40.29
12:29:20 18.17 14.70 -37.28 40.40
12:29:20 18.16 14.85 -37.29 40.35
12:29:21 18.31 14.88 -38.01 40.80
12:29:21 18.31 15.00 -37.05 40.88
12:29:21 17.86 15.03 -37.78 40.84
12:29:21 18.01 15.34 -37.79 40.93
12:29:22 18.62 14.38 -37.03 40.77
12:29:22 18.47 14.86 -37.53 40.95
12:29:22 18.01 15.17 -37.54 41.04
12:29:23 18.31 15.19 -38.02 41.17
12:29:23 18.31 15.33 -37.79 41.22
12:29:23 18.31 15.32 -37.55 41.26
12:29:23 18.76 15.64 -37.80 41.17
12:29:24 18.30 15.78 -37.32 41.44
12:29:24 18.30 15.81 -38.29 41.35
12:29:24 18.31 15.46 -37.07 41.42
12:29:24 18.76 15.33 -37.79 41.59
12:29:25 18.46 15.48 -37.55 41.66
12:29:25 18.31 15.31 -37.06 41.86
12:29:25 18.45 15.95 -37.81 41.84
12:29:26 18.61 15.47 -37.55 41.99
12:29:26 18.15 16.26 -37.82 42.10
12:29:26 18.30 15.76 -36.84 41.90
12:29:26 18.30 15.62 -37.31 41.97
12:29:27 18.15 15.63 -37.31 42.17
12:29:27 18.30 16.22 -36.85 42.17
12:29:27 18.45 15.92 -37.08 42.17
12:29:27 18.30 15.76 -36.84 42.72
12:29:28 18.45 16.38 -36.86 42.41
12:29:28 18.15 16.23 -37.10 42.70
12:29:28 18.30 16.22 -36.85 42.54
12:29:29 18.29 16.55 -37.35 42.41
12:29:29 18.60 16.21 -36.61 42.39
12:29:29 18.45 16.23 -37.10 42.46
12:29:29 18.15 15.91 -36.60 42.39
12:29:30 18.45 15.90 -36.60 42.48
12:29:30 18.75 16.05 -36.61 42.39
12:29:30 17.99 16.39 -37.10 42.46
12:29:30 18.60 16.21 -36.61 42.81
12:29:31 17.99 16.52 -36.38 42.92
12:29:31 18.15 16.05 -36.36 42.88
12:29:31 18.60 16.35 -36.13 43.01
12:29:32 18.14 16.53 -36.86 43.03
12:29:32 18.59 16.53 -36.86 43.12
12:29:32 18.14 16.38 -36.86 43.25
12:29:32 18.14 16.38 -36.86 43.16
12:29:33 18.45 16.37 -36.62 43.25
12:29:33 18.13 17.17 -37.37 43.21
12:29:33 18.14 16.66 -36.14 43.32
12:29:33 18.44 16.84 -36.88 43.05
12:29:34 18.45 16.38 -36.86 42.99
12:29:34 18.29 16.52 -36.62 42.94
12:29:34 17.84 16.86 -37.36 42.88
12:29:34 18.14 16.85 -37.12 43.19
12:29:35 18.59 16.84 -36.88 42.96
12:29:35 17.84 16.55 -37.11 43.01
12:29:35 18.15 16.22 -36.61 43.03
12:29:36 18.14 16.53 -36.86 43.12
12:29:36 18.29 16.37 -36.62 43.08
12:29:36 17.69 16.85 -36.88 42.92
12:29:36 17.99 16.85 -37.12 43.12
12:29:37 17.84 16.70 -37.11 43.27
12:29:37 18.14 16.99 -36.64 43.41
12:29:37 18.29 16.52 -36.62 43.50
12:29:37 18.28 17.13 -36.40 43.61
12:29:38 18.13 17.31 -36.89 43.63
12:29:38 17.98 17.30 -36.65 43.92
12:29:38 18.14 16.97 -36.16 43.61
12:29:39 18.28 17.29 -36.41 43.94
12:29:39 17.99 16.99 -36.64 44.07
12:29:39 17.68 17.11 -35.68 44.14
12:29:39 18.28 17.56 -35.45 44.18
12:29:40 17.83 17.31 -36.89 44.47
12:29:40 18.58 17.26 -35.92 44.58
12:29:40 17.83 17.59 -36.18 44.71
12:29:40 18.43 17.42 -35.93 44.60
12:29:41 18.13 17.57 -35.69 44.69
12:29:41 18.28 17.74 -36.18 44.98
12:29:41 18.43 17.40 -35.45 44.89
12:29:42 17.83 17.57 -35.69 44.91
12:29:42 17.98 17.75 -36.43 45.11
12:29:42 18.13 17.74 -36.18 45.20
12:29:42 18.13 17.71 -35.46 45.13
12:29:43 17.97 18.05 -36.20 45.31
12:29:43 17.97 18.37 -36.45 45.38
12:29:43 17.82 17.90 -36.19 45.58
12:29:43 17.82 18.04 -35.95 45.58
12:29:44 18.27 18.20 -36.20 45.60
12:29:44 17.81 18.50 -35.73 45.44
12:29:44 17.97 17.89 -35.95 45.31
12:29:44 17.97 17.88 -35.71 45.38
12:29:45 17.82 17.90 -36.19 45.18
12:29:45 17.82 17.72 -35.46 45.33
12:29:45 18.13 17.73 -35.94 45.20
12:29:46 18.28 17.72 -35.70 45.15
12:29:46 17.82 17.73 -35.70 45.02
12:29:46 17.98 17.58 -35.94 45.11
12:29:46 17.82 18.20 -35.96 44.89
12:29:47 17.84 16.95 -35.43 44.91
12:29:47 17.53 17.44 -36.17 44.91
12:29:47 17.98 17.59 -36.18 44.93
12:29:47 17.83 17.28 -36.17 44.76
