13:08:45 20.30 2.20 -47.75 14.40
13:08:45 20.47 1.71 -47.46 14.42
13:08:46 20.46 2.20 -47.75 14.36
13:08:46 20.14 2.26 -48.52 14.56
13:08:46 20.30 1.77 -48.23 14.40
13:08:46 20.30 2.08 -48.25 14.62
13:08:47 20.46 1.91 -47.98 14.36
13:08:47 20.30 2.08 -48.25 14.76
13:08:47 20.15 1.46 -48.21 14.47
13:08:47 20.30 2.24 -48.26 14.67
13:08:48 20.30 1.93 -48.24 14.49
13:08:48 19.98 2.09 -48.25 14.58
13:08:48 20.14 1.93 -48.24 14.65
13:08:49 20.15 1.73 -47.72 14.67
13:08:49 20.15 1.75 -47.97 14.56
13:08:49 20.46 2.18 -47.49 14.71
13:08:49 19.98 1.77 -48.23 14.78
13:08:50 20.31 1.87 -47.47 14.82
13:08:50 20.30 1.75 -47.97 14.93
13:08:50 20.14 2.68 -47.79 15.15
13:08:50 20.15 2.05 -47.74 15.29
13:08:51 20.30 2.24 -48.26 15.22
13:08:51 19.82 2.40 -48.28 15.35
13:08:51 19.99 1.85 -47.22 15.60
13:08:52 19.83 2.07 -48.00 15.60
13:08:52 19.51 1.91 -47.99 15.82
13:08:52 20.15 2.03 -47.48 15.93
13:08:52 19.67 2.05 -47.74 16.17
13:08:53 19.83 2.19 -47.50 16.24
13:08:53 20.31 1.73 -47.72 16.28
13:08:53 20.31 1.73 -47.72 16.24
13:08:53 20.15 2.03 -47.48 16.13
13:08:54 19.67 2.45 -46.75 16.24
13:08:54 19.99 2.17 -47.24 16.26
13:08:54 20.15 2.34 -47.51 16.37
13:08:54 19.99 2.03 -47.48 16.57
13:08:55 19.99 1.73 -47.72 16.57
13:08:55 19.99 2.50 -47.52 16.73
13:08:55 19.35 2.35 -47.51 16.68
13:08:56 19.67 2.33 -47.25 17.04
13:08:56 19.99 2.21 -47.75 16.79
13:08:56 19.67 2.60 -46.76 17.19
13:08:56 19.51 2.31 -47.00 17.26
13:08:57 19.83 2.64 -47.27 17.41
13:08:57 19.67 2.62 -47.02 17.50
13:08:57 19.99 2.34 -47.51 17.68
13:08:58 19.51 2.78 -47.03 18.03
13:08:58 19.99 3.25 -47.06 18.05
13:08:58 19.67 2.80 -47.29 18.34
13:08:58 19.51 2.45 -46.75 18.27
13:08:59 19.67 2.76 -46.77 18.41
13:08:59 19.83 2.46 -47.01 18.50
13:08:59 19.19 2.64 -47.28 18.56
13:08:59 19.83 3.09 -47.05 18.47
13:09:00 19.83 2.94 -47.04 18.94
13:09:00 20.15 2.90 -46.53 19.07
13:09:00 19.35 2.47 -47.01 19.18
13:09:00 19.51 2.90 -46.53 19.34
13:09:01 19.83 3.21 -46.55 19.65
13:09:01 19.67 3.23 -46.81 19.58
13:09:01 19.67 3.11 -47.31 19.80
13:09:02 19.99 3.05 -46.54 19.96
13:09:02 19.83 3.06 -46.54 20.11
13:09:02 19.67 2.72 -46.26 20.38
13:09:02 19.83 3.06 -46.54 20.38
13:09:03 19.35 3.09 -47.06 20.51
13:09:03 19.83 3.07 -46.80 20.55
13:09:03 19.67 3.51 -46.32 20.58
13:09:03 19.36 3.18 -46.04 20.75
13:09:04 19.35 3.41 -47.08 20.86
13:09:04 19.51 3.35 -46.31 20.93
13:09:04 19.51 3.20 -46.30 21.04
13:09:05 19.84 2.84 -45.76 21.17
13:09:05 19.36 3.33 -46.05 21.22
13:09:05 19.52 2.72 -46.26 21.57
13:09:05 19.52 3.18 -46.04 21.46
13:09:06 19.67 3.35 -46.31 21.84
13:09:06 19.68 3.16 -45.78 21.70
13:09:06 19.36 3.04 -46.29 21.88
13:09:06 19.51 3.04 -46.29 22.17
13:09:07 19.35 3.94 -45.84 22.15
13:09:07 19.20 3.33 -46.05 22.52
13:09:07 18.56 3.14 -45.53 22.74
13:09:07 19.35 3.51 -46.32 23.01
13:09:08 18.88 3.75 -45.32 23.38
13:09:08 19.52 3.47 -45.81 23.45
13:09:08 19.20 3.93 -45.59 23.56
13:09:09 19.04 4.08 -45.60 23.76
13:09:09 19.20 3.65 -46.08 24.09
13:09:09 18.88 3.63 -45.82 24.25
13:09:09 18.88 3.61 -45.57 24.45
13:09:10 19.20 3.59 -45.31 24.69
13:09:10 18.56 4.09 -45.60 24.82
13:09:10 19.20 3.57 -45.05 24.89
13:09:10 18.88 4.08 -45.60 25.18
13:09:11 18.88 3.79 -45.83 25.38
13:09:11 18.88 3.79 -45.83 25.51
13:09:11 19.04 3.79 -45.83 25.69
13:09:12 18.72 4.20 -45.10 25.86
13:09:12 18.88 4.20 -45.10 26.13
13:09:12 19.20 3.99 -44.32 26.11
13:09:12 19.04 4.38 -45.37 26.35
13:09:13 19.04 3.89 -45.07 26.44
13:09:13 19.04 4.18 -44.84 26.31
13:09:13 18.88 4.31 -44.34 26.66
13:09:13 19.04 4.64 -44.62 26.70
13:09:14 18.56 4.38 -45.37 26.95
13:09:14 18.88 4.20 -45.10 27.12
13:09:14 18.88 4.66 -44.88 27.41
13:09:15 18.88 4.31 -44.34 27.59
13:09:15 18.73 4.44 -44.10 27.92
13:09:15 18.89 4.27 -43.83 28.01
13:09:15 19.04 4.15 -44.33 28.16
13:09:16 18.57 4.62 -44.37 28.34
13:09:16 18.57 4.74 -43.86 28.52
13:09:16 18.41 4.62 -44.37 28.52
13:09:16 18.57 4.92 -44.13 28.54
13:09:17 18.72 4.62 -44.36 28.56
13:09:17 18.57 4.60 -44.11 28.83
13:09:17 18.88 4.81 -44.89 28.63
13:09:18 18.89 4.27 -43.83 28.74
13:09:18 19.04 5.25 -44.41 28.56
13:09:18 18.88 5.07 -44.14 28.85
13:09:18 18.57 4.76 -44.12 28.96
13:09:19 19.04 4.74 -43.86 29.16
13:09:19 18.72 4.92 -44.13 29.29
13:09:19 18.73 5.05 -43.89 29.25
13:09:19 18.73 4.70 -43.35 29.51
13:09:20 18.41 4.58 -43.85 29.76
13:09:20 18.56 4.78 -44.38 29.98
13:09:20 18.41 5.21 -43.90 29.82
13:09:20 18.25 4.55 -43.34 30.11
13:09:21 18.41 5.23 -44.16 30.22
13:09:21 18.72 5.37 -43.91 30.33
13:09:21 18.57 5.21 -43.90 30.60
13:09:22 18.09 5.84 -43.95 30.82
13:09:22 18.09 5.47 -43.15 31.08
13:09:22 18.25 5.49 -43.41 31.13
13:09:22 17.93 5.02 -43.38 31.31
13:09:23 18.57 5.33 -43.40 31.28
13:09:23 18.25 5.65 -43.42 31.24
13:09:23 18.41 5.47 -43.15 31.73
13:09:23 18.41 5.37 -43.91 31.86
13:09:24 18.57 5.16 -43.13 31.73
13:09:24 18.25 5.49 -43.41 31.86
13:09:24 18.41 5.47 -43.15 31.88
13:09:25 18.25 5.61 -42.91 32.43
13:09:25 18.25 5.31 -43.14 32.01
13:09:25 18.57 5.12 -42.62 32.39
13:09:25 18.09 5.43 -42.64 32.54
13:09:26 18.25 5.79 -43.18 32.90
13:09:26 18.41 5.96 -43.44 32.88
13:09:26 18.57 5.57 -42.39 33.14
13:09:26 18.09 5.75 -42.66 33.21
13:09:27 18.25 5.63 -43.17 33.21
13:09:27 18.41 5.73 -42.41 33.19
13:09:27 18.73 6.24 -42.95 33.47
13:09:28 18.25 5.63 -43.17 33.47
13:09:28 18.25 6.22 -42.70 33.94
13:09:28 18.41 5.96 -43.44 34.05
13:09:28 17.93 5.61 -42.91 34.09
13:09:29 18.25 5.77 -42.92 34.38
13:09:29 18.57 5.89 -42.42 34.69
13:09:29 18.89 6.22 -42.70 34.78
13:09:29 18.09 5.77 -42.92 34.85
13:09:30 18.25 6.06 -42.69 35.04
13:09:30 18.26 6.01 -41.92 35.20
13:09:30 18.57 6.64 -41.96 35.35
13:09:31 18.10 6.32 -41.94 35.38
13:09:31 18.09 6.52 -42.47 35.58
13:09:31 18.09 6.34 -42.20 35.62
13:09:31 18.09 6.05 -42.43 35.86
13:09:32 18.41 6.48 -41.95 36.06
13:09:32 18.25 6.48 -41.95 36.00
13:09:32 18.09 6.64 -41.96 36.31
13:09:32 17.77 6.68 -42.48 36.50
13:09:33 18.25 6.79 -41.98 36.39
13:09:33 18.09 6.64 -41.96 36.62
13:09:33 18.10 6.62 -41.71 36.84
13:09:34 18.26 6.27 -41.17 36.64
13:09:34 18.41 6.83 -42.49 36.68
13:09:34 18.09 6.79 -41.98 36.77
13:09:34 18.57 7.56 -41.78 36.79
13:09:35 18.10 6.46 -41.70 36.99
13:09:35 18.25 6.95 -41.99 37.21
13:09:35 18.57 6.64 -41.96 37.12
13:09:35 18.25 6.93 -41.73 37.28
13:09:36 18.10 6.93 -41.73 37.26
13:09:36 18.10 6.78 -41.72 37.41
13:09:36 18.10 6.91 -41.47 37.52
13:09:36 18.09 6.95 -41.99 37.65
13:09:37 18.26 6.91 -41.47 37.88
13:09:37 17.78 7.19 -40.99 37.94
13:09:37 18.25 7.23 -41.50 38.54
13:09:38 18.26 7.21 -41.24 38.23
13:09:38 18.09 7.56 -41.78 38.30
13:09:38 18.26 7.19 -40.98 38.63
13:09:38 17.94 6.88 -40.96 38.61
13:09:39 18.42 6.84 -40.45 38.63
13:09:39 18.09 7.40 -41.77 38.61
13:09:39 18.42 7.21 -41.24 38.63
13:09:39 17.62 7.39 -41.51 38.78
13:09:40 17.78 7.21 -41.24 38.85
13:09:40 18.41 7.37 -41.25 39.12
13:09:40 18.26 7.17 -40.73 39.27
13:09:41 18.10 7.17 -40.73 39.49
13:09:41 18.26 7.66 -41.02 39.60
13:09:41 18.74 8.08 -40.28 39.82
13:09:41 17.78 7.63 -40.51 39.87
13:09:42 18.26 7.62 -40.51 40.15
13:09:42 17.78 7.78 -40.52 40.22
13:09:42 18.10 7.78 -40.52 40.29
13:09:42 17.78 7.31 -40.49 40.31
13:09:43 18.10 7.76 -40.26 40.29
13:09:43 18.42 7.62 -40.50 40.62
13:09:43 17.94 7.90 -40.02 40.62
13:09:44 18.10 7.47 -40.50 40.69
13:09:44 18.10 7.80 -40.77 40.66
13:09:44 17.94 8.08 -40.29 40.82
13:09:44 18.10 8.10 -40.54 40.95
13:09:45 17.94 8.06 -40.03 41.04
13:09:45 18.41 8.57 -40.57 41.15
13:09:45 17.78 8.06 -40.03 41.08
13:09:45 18.26 7.59 -39.99 41.44
13:09:46 17.62 8.10 -40.54 41.53
13:09:46 18.10 8.18 -39.53 41.59
13:09:46 17.46 8.22 -40.04 41.77
13:09:47 17.94 8.25 -40.55 41.75
13:09:47 17.94 7.88 -39.76 42.04
13:09:47 17.62 8.51 -39.81 41.97
13:09:47 17.63 7.88 -39.76 42.08
13:09:48 17.78 8.06 -40.03 42.10
13:09:48 17.95 7.55 -39.48 42.17
13:09:48 17.78 8.36 -39.80 42.10
13:09:48 18.10 8.53 -40.06 42.19
13:09:49 17.94 8.36 -39.80 42.10
13:09:49 17.94 8.18 -39.53 42.52
13:09:49 17.94 8.20 -39.78 42.70
13:09:49 17.95 8.00 -39.26 42.72
13:09:50 18.10 8.49 -39.55 42.83
13:09:50 18.26 8.61 -39.05 43.03
13:09:50 17.78 8.04 -39.77 43.14
13:09:51 17.78 8.65 -39.56 43.21
13:09:51 18.10 8.65 -39.56 43.36
13:09:51 17.47 8.60 -38.80 43.52
13:09:51 17.95 8.32 -39.28 43.69
13:09:52 17.62 8.39 -40.31 43.81
13:09:52 18.42 8.67 -39.82 44.12
13:09:52 17.78 9.40 -39.11 44.07
13:09:52 18.27 8.73 -38.55 44.27
13:09:53 18.42 8.59 -38.79 44.14
13:09:53 17.79 8.32 -39.28 44.25
13:09:53 18.10 8.46 -39.04 44.25
13:09:54 17.62 9.11 -39.34 44.34
13:09:54 17.94 8.36 -39.80 44.14
13:09:54 17.62 8.95 -39.33 44.54
13:09:54 18.11 8.58 -38.54 44.69
13:09:55 18.27 8.73 -38.55 44.40
13:09:55 18.11 8.75 -38.80 44.40
13:09:55 18.10 8.93 -39.07 44.60
13:09:55 17.62 8.95 -39.33 44.67
13:09:56 17.94 8.93 -39.07 44.67
13:09:56 18.26 8.96 -39.58 44.38
13:09:56 18.10 8.95 -39.33 44.51
13:09:57 17.79 8.61 -39.05 44.65
13:09:57 17.95 8.60 -38.79 44.98
13:09:57 18.10 9.10 -39.34 45.02
13:09:57 17.63 9.05 -38.57 45.24
13:09:58 18.10 8.93 -39.07 45.49
13:09:58 18.11 8.89 -38.56 45.60
13:09:58 17.63 9.35 -38.34 45.84
13:09:58 17.78 9.12 -39.60 45.66
13:09:59 17.79 9.03 -38.32 45.75
13:09:59 17.95 9.21 -38.58 45.71
13:09:59 18.26 9.08 -39.08 45.49
13:10:00 17.94 9.24 -39.10 45.58
13:10:00 17.94 9.54 -38.86 45.38
13:10:00 18.27 9.03 -38.31 45.44
13:10:00 18.26 9.05 -38.57 45.60
13:10:01 17.95 9.01 -38.06 45.58
13:10:01 18.10 9.87 -39.14 45.51
13:10:01 18.11 9.20 -38.58 45.33
13:10:01 18.26 9.07 -38.83 45.33
13:10:02 17.95 9.07 -38.83 45.35
