14:52:10 18.95 -5.28 -47.17 13.23
14:52:11 18.80 -5.74 -47.41 13.34
14:52:11 18.95 -5.29 -46.91 13.54
14:52:11 19.11 -5.13 -46.91 13.32
14:52:11 18.96 -5.10 -47.69 13.61
14:52:12 18.64 -5.74 -47.41 13.38
14:52:12 18.80 -5.43 -47.42 13.61
14:52:12 18.79 -5.10 -47.69 13.45
14:52:13 18.30 -5.11 -47.17 13.61
14:52:13 18.46 -5.30 -46.38 13.87
14:52:13 18.79 -5.44 -47.16 14.14
14:52:13 18.79 -4.97 -46.92 14.29
14:52:14 18.79 -5.28 -47.17 14.58
14:52:14 18.62 -4.83 -46.40 14.62
14:52:14 18.63 -5.13 -46.91 14.67
14:52:14 18.79 -4.64 -47.19 15.02
14:52:15 18.95 -4.99 -46.40 15.00
14:52:15 18.63 -5.11 -47.43 15.13
14:52:15 18.95 -5.12 -47.17 15.42
14:52:16 18.79 -4.97 -46.92 15.29
14:52:16 18.78 -4.51 -46.42 15.51
14:52:16 18.94 -4.36 -46.42 15.69
14:52:16 19.10 -4.52 -46.42 15.66
14:52:17 19.43 -4.85 -46.15 15.91
14:52:17 18.94 -4.67 -46.41 16.11
14:52:17 18.61 -4.35 -46.42 15.97
14:52:17 18.78 -4.20 -46.43 16.06
14:52:18 19.42 -4.55 -45.64 15.93
14:52:18 18.79 -4.64 -47.19 16.28
14:52:18 18.94 -4.67 -46.41 16.39
14:52:19 19.11 -4.51 -46.68 16.59
14:52:19 18.78 -4.36 -46.42 16.57
14:52:19 18.78 -4.20 -46.43 16.75
14:52:19 19.27 -4.52 -46.42 16.57
14:52:20 18.78 -4.35 -46.68 16.77
14:52:20 18.62 -4.33 -46.94 16.70
14:52:20 19.58 -4.07 -45.92 16.95
14:52:20 19.10 -4.52 -46.42 16.88
14:52:21 19.10 -4.02 -46.96 16.97
14:52:21 19.42 -3.89 -46.45 17.28
14:52:21 19.10 -3.89 -46.18 17.23
14:52:21 19.10 -4.03 -46.70 17.43
14:52:22 19.26 -3.91 -45.93 17.50
14:52:22 18.93 -3.55 -46.72 17.39
14:52:22 19.10 -3.89 -46.18 17.65
14:52:23 19.10 -4.22 -45.91 17.63
14:52:23 18.93 -3.73 -46.19 18.05
14:52:23 18.77 -4.04 -46.44 17.94
14:52:23 19.10 -3.89 -46.18 18.14
14:52:24 18.77 -3.57 -46.19 18.21
14:52:24 18.60 -3.41 -46.20 18.32
14:52:24 18.93 -4.22 -45.91 18.45
14:52:24 18.93 -3.75 -45.67 18.61
14:52:25 18.76 -3.26 -46.21 18.63
14:52:25 19.09 -3.44 -45.68 18.56
14:52:25 18.77 -3.73 -46.19 18.89
14:52:26 19.25 -3.26 -46.21 18.76
14:52:26 19.09 -3.59 -45.94 18.78
14:52:26 19.09 -3.44 -45.68 18.72
14:52:26 18.76 -3.26 -46.21 18.69
14:52:27 19.09 -3.58 -46.20 18.61
14:52:27 18.93 -3.42 -46.20 18.74
14:52:27 19.09 -3.58 -46.20 18.72
14:52:27 19.26 -3.74 -46.19 18.63
14:52:28 19.41 -3.27 -45.95 18.69
14:52:28 18.60 -3.59 -45.67 18.54
14:52:28 19.41 -3.29 -45.43 18.45
14:52:29 18.93 -3.42 -46.20 18.56
14:52:29 19.09 -3.44 -45.68 18.54
14:52:29 18.93 -3.43 -45.94 18.52
14:52:29 19.42 -3.58 -46.20 18.65
14:52:30 19.74 -3.27 -46.21 18.67
14:52:30 18.93 -3.55 -46.72 18.47
14:52:30 19.09 -3.43 -45.94 18.47
14:52:30 19.09 -3.59 -45.94 18.67
14:52:31 19.08 -3.45 -45.42 18.58
14:52:31 18.92 -3.44 -45.68 18.74
14:52:31 19.42 -3.41 -46.47 18.72
14:52:32 19.25 -3.60 -45.68 18.89
14:52:32 19.41 -3.60 -45.68 18.85
14:52:32 19.08 -3.46 -45.16 19.00
14:52:32 19.09 -3.42 -46.20 19.36
14:52:33 18.43 -2.95 -45.96 19.36
14:52:33 19.25 -3.42 -46.20 19.14
14:52:33 18.76 -3.45 -45.42 19.16
14:52:33 19.09 -3.59 -45.94 19.18
14:52:34 19.09 -3.11 -45.96 19.38
14:52:34 19.09 -3.28 -45.69 19.20
14:52:34 19.41 -3.12 -45.70 19.29
14:52:35 19.09 -3.27 -45.95 19.29
14:52:35 19.25 -2.95 -45.96 19.20
14:52:35 19.09 -3.11 -45.96 19.27
14:52:35 18.76 -2.96 -45.70 19.34
14:52:36 18.60 -2.96 -45.70 19.20
14:52:36 19.09 -3.11 -45.96 19.20
14:52:36 19.24 -2.83 -45.19 19.40
14:52:36 19.08 -2.97 -45.44 19.51
14:52:37 18.76 -3.11 -45.95 19.47
14:52:37 18.60 -3.12 -45.69 19.49
14:52:37 19.09 -3.44 -45.68 19.40
14:52:37 19.25 -3.28 -45.69 19.36
14:52:38 18.92 -3.27 -45.95 19.45
14:52:38 18.76 -2.96 -45.70 19.25
14:52:38 19.09 -3.28 -45.69 19.38
14:52:39 19.09 -3.26 -46.21 19.54
14:52:39 18.92 -3.12 -45.69 19.45
14:52:39 18.92 -2.97 -45.44 19.65
14:52:39 18.92 -2.79 -45.97 19.69
14:52:40 19.08 -3.62 -45.16 19.62
14:52:40 18.60 -3.09 -46.47 19.80
14:52:40 18.92 -2.95 -45.96 19.60
14:52:40 18.76 -3.13 -45.43 19.69
14:52:41 18.76 -3.14 -45.17 19.60
14:52:41 18.75 -2.64 -45.71 19.60
14:52:41 18.92 -3.11 -45.95 19.65
14:52:42 18.76 -3.12 -45.69 19.60
14:52:42 19.08 -3.13 -45.44 19.56
14:52:42 18.92 -3.13 -45.43 19.89
14:52:42 18.59 -2.81 -45.44 19.85
14:52:43 18.76 -3.29 -45.43 19.80
14:52:43 19.08 -3.13 -45.44 19.89
14:52:43 18.93 -3.42 -46.20 19.67
14:52:43 19.25 -3.12 -45.70 19.76
14:52:44 19.09 -3.26 -46.21 19.85
14:52:44 19.08 -2.95 -45.96 19.91
14:52:44 18.91 -2.82 -45.19 20.22
14:52:45 19.08 -3.45 -45.42 20.33
14:52:45 19.24 -2.96 -45.70 20.42
14:52:45 19.24 -3.15 -44.92 20.51
14:52:45 18.92 -2.79 -45.97 20.53
14:52:46 19.08 -2.97 -45.44 20.46
14:52:46 19.25 -3.27 -45.95 20.40
14:52:46 19.24 -2.96 -45.70 20.42
14:52:46 18.59 -2.82 -45.18 20.60
14:52:47 19.08 -2.81 -45.45 20.24
14:52:47 19.08 -3.31 -44.91 20.49
14:52:47 19.08 -2.82 -45.19 20.38
14:52:47 19.08 -3.14 -45.17 20.38
14:52:48 19.09 -2.94 -46.22 20.51
14:52:48 19.08 -2.95 -45.96 20.64
14:52:48 19.07 -2.83 -44.93 20.42
14:52:49 19.08 -2.82 -45.19 20.33
14:52:49 19.07 -3.00 -44.66 20.49
14:52:49 19.08 -2.50 -45.46 20.53
14:52:49 19.24 -2.98 -45.18 20.38
14:52:50 19.07 -2.68 -44.93 20.44
14:52:50 19.24 -2.83 -45.19 20.44
14:52:50 19.40 -2.33 -45.73 20.53
14:52:50 19.24 -2.83 -45.19 20.58
14:52:51 19.24 -2.66 -45.46 20.42
14:52:51 19.08 -2.66 -45.45 20.64
14:52:51 19.24 -2.82 -45.45 20.35
14:52:52 18.75 -2.64 -45.71 20.53
14:52:52 19.08 -2.81 -45.45 20.51
14:52:52 19.07 -3.00 -44.66 20.66
14:52:52 19.24 -2.97 -45.44 20.49
14:52:53 18.92 -2.81 -45.45 20.40
14:52:53 18.92 -3.45 -45.42 20.51
14:52:53 19.08 -2.97 -45.44 20.49
14:52:53 18.76 -2.96 -45.70 20.58
14:52:54 19.08 -2.80 -45.71 20.69
14:52:54 18.92 -3.32 -44.65 20.46
14:52:54 19.08 -2.67 -45.19 20.51
14:52:55 18.75 -2.83 -44.92 20.69
14:52:55 18.92 -2.81 -45.45 20.58
14:52:55 18.92 -3.14 -45.17 20.60
14:52:55 19.08 -2.80 -45.71 20.51
14:52:56 18.75 -2.65 -45.45 20.75
14:52:56 18.92 -2.81 -45.45 20.71
14:52:56 18.60 -2.96 -45.70 20.69
14:52:56 18.75 -2.65 -45.45 20.80
14:52:57 18.91 -2.82 -45.19 20.60
14:52:57 18.59 -2.48 -45.72 20.73
14:52:57 18.92 -3.14 -45.17 20.58
14:52:58 18.91 -2.33 -45.73 20.71
14:52:58 18.75 -2.65 -45.45 20.75
14:52:58 18.76 -2.96 -45.70 20.53
14:52:58 18.75 -2.98 -45.18 20.64
14:52:59 18.91 -2.50 -45.46 20.84
14:52:59 18.75 -2.81 -45.45 20.97
14:52:59 19.08 -2.66 -45.45 20.97
14:52:59 19.07 -2.70 -44.41 21.00
14:53:00 19.08 -2.49 -45.72 20.86
14:53:00 19.24 -2.66 -45.46 20.97
14:53:00 18.91 -2.82 -45.19 21.13
14:53:00 18.75 -2.66 -45.19 21.33
14:53:01 19.07 -2.51 -45.20 21.31
14:53:01 19.07 -2.34 -45.47 21.48
14:53:01 19.23 -2.19 -45.21 21.59
14:53:02 18.75 -2.64 -45.71 21.64
14:53:02 18.91 -2.19 -45.21 21.79
14:53:02 19.08 -2.50 -45.46 22.15
14:53:02 19.07 -2.18 -45.47 22.04
14:53:03 19.07 -2.36 -44.95 22.10
14:53:03 18.58 -2.51 -44.94 21.86
14:53:03 19.40 -2.50 -45.46 21.99
14:53:03 19.07 -2.19 -45.21 22.10
14:53:04 19.08 -2.33 -45.73 21.95
14:53:04 19.23 -1.90 -44.71 22.23
14:53:04 19.07 -2.02 -45.48 22.26
14:53:05 19.07 -2.19 -45.21 22.21
14:53:05 19.40 -2.35 -45.21 22.23
14:53:05 18.91 -2.03 -45.22 22.21
14:53:05 19.23 -2.03 -45.22 22.26
14:53:06 18.90 -2.05 -44.70 22.37
14:53:06 18.91 -2.53 -44.68 22.28
14:53:06 19.23 -2.20 -44.95 22.41
14:53:06 18.91 -2.36 -44.95 22.59
14:53:07 18.91 -2.19 -45.21 22.61
14:53:07 19.23 -2.20 -44.95 22.79
14:53:07 19.06 -1.72 -44.97 23.01
14:53:08 19.23 -2.05 -44.70 23.08
14:53:08 19.23 -1.90 -44.71 23.32
14:53:08 18.90 -2.06 -44.44 23.43
14:53:08 19.23 -1.90 -44.71 23.45
14:53:09 19.23 -1.73 -44.97 23.92
14:53:09 19.06 -1.60 -44.20 24.12
14:53:09 19.06 -1.10 -44.74 24.00
14:53:09 19.06 -1.58 -44.72 24.05
14:53:10 19.22 -1.43 -44.46 24.25
14:53:10 18.90 -1.71 -45.23 24.12
14:53:10 19.22 -1.43 -44.46 24.27
14:53:11 19.22 -1.60 -44.20 24.54
14:53:11 19.22 -1.43 -44.46 24.69
14:53:11 19.38 -1.10 -44.74 24.85
14:53:11 19.06 -1.25 -44.99 25.04
14:53:12 18.89 -0.96 -44.22 25.20
14:53:12 19.38 -1.11 -44.48 25.22
14:53:12 19.53 -0.66 -43.98 25.64
14:53:12 19.21 -0.96 -44.22 25.66
14:53:13 19.04 -0.52 -43.46 25.86
14:53:13 19.54 -0.96 -44.49 25.97
14:53:13 19.37 -0.82 -43.97 26.04
14:53:14 19.53 -0.67 -43.72 26.04
14:53:14 19.21 -0.98 -43.70 26.22
14:53:14 18.88 -0.49 -44.24 26.42
14:53:14 19.21 -0.66 -43.98 26.44
14:53:15 19.37 -0.64 -44.50 26.50
14:53:15 19.53 -0.66 -43.98 26.81
14:53:15 19.21 -0.66 -43.98 27.19
14:53:15 19.37 -0.17 -44.26 27.26
14:53:16 19.53 -0.18 -44.00 27.19
14:53:16 19.69 -0.19 -44.00 27.37
14:53:16 19.37 -0.52 -43.46 27.32
14:53:16 19.37 -0.18 -44.00 27.41
14:53:17 19.20 -0.03 -43.74 27.68
14:53:17 19.36 0.27 -43.49 27.61
14:53:17 19.69 -0.20 -43.74 27.65
14:53:18 19.37 -0.18 -44.00 27.70
14:53:18 19.19 0.26 -43.23 27.79
14:53:18 19.53 -0.03 -44.00 27.74
14:53:18 19.36 -0.20 -43.48 27.83
14:53:19 19.52 -0.05 -43.48 27.81
14:53:19 19.52 -0.05 -43.48 28.03
14:53:19 19.36 0.13 -44.01 28.43
14:53:19 19.04 -0.20 -43.47 28.25
14:53:20 19.36 0.27 -43.49 28.47
14:53:20 19.36 0.45 -44.02 28.56
14:53:20 19.53 -0.19 -43.74 28.43
14:53:21 19.68 0.26 -43.24 28.72
14:53:21 19.35 0.58 -43.25 28.89
14:53:21 19.35 0.23 -42.45 29.00
14:53:21 19.36 0.44 -43.76 28.92
14:53:22 20.01 -0.04 -43.75 28.94
14:53:22 19.68 0.42 -43.24 29.18
14:53:22 19.84 0.56 -42.99 29.45
14:53:22 19.19 0.42 -43.24 29.36
14:53:23 19.35 0.74 -43.25 29.58
14:53:23 19.68 0.60 -43.77 29.71
14:53:23 20.00 0.58 -43.51 29.69
14:53:24 19.35 0.40 -42.72 29.82
14:53:24 19.51 0.57 -42.99 29.85
14:53:24 20.16 0.90 -43.53 29.80
14:53:24 19.51 0.74 -43.25 29.82
14:53:25 19.68 0.75 -43.52 30.27
14:53:25 19.03 0.57 -42.98 30.31
14:53:25 19.34 1.20 -43.01 30.20
14:53:25 19.67 0.87 -42.74 30.58
14:53:26 19.67 1.03 -42.75 30.51
14:53:26 19.34 1.03 -42.75 31.02
14:53:26 19.67 0.71 -42.74 31.00
14:53:27 19.18 1.05 -43.00 31.11
14:53:27 19.50 1.17 -42.23 31.11
14:53:27 19.34 1.83 -42.78 31.19
14:53:27 19.99 1.19 -42.76 31.26
14:53:28 19.50 1.35 -42.76 31.19
14:53:28 19.83 1.18 -42.50 31.39
14:53:28 19.67 1.20 -43.01 31.48
14:53:28 19.50 1.01 -42.23 31.37
14:53:29 19.50 1.33 -42.24 31.33
14:53:29 19.51 1.53 -43.29 31.22
14:53:29 19.67 1.53 -43.29 31.28
14:53:30 19.66 1.68 -43.03 31.48
14:53:30 19.17 1.66 -42.51 31.64
14:53:30 19.17 1.15 -41.71 31.90
14:53:30 19.66 1.31 -41.72 32.12
14:53:31 19.33 1.65 -42.25 32.06
14:53:31 19.99 1.34 -42.50 32.04
14:53:31 19.66 1.81 -42.52 32.12
14:53:31 20.15 1.34 -42.76 32.10
14:53:32 19.18 1.50 -42.50 32.32
14:53:32 19.66 1.67 -42.77 32.37
14:53:32 19.82 1.80 -42.26 32.46
14:53:32 19.98 1.48 -42.25 32.52
14:53:33 19.82 1.82 -42.78 32.48
14:53:33 19.99 1.99 -43.05 32.48
14:53:33 19.50 1.98 -42.78 32.81
14:53:34 19.66 1.80 -42.26 32.92
14:53:34 19.82 1.82 -42.78 32.79
14:53:34 19.82 2.12 -42.27 32.94
14:53:34 19.33 2.12 -42.27 32.96
14:53:35 19.66 1.79 -42.00 32.90
14:53:35 19.66 1.64 -41.99 32.77
14:53:35 19.65 2.27 -42.02 33.10
14:53:35 19.49 1.81 -42.26 32.85
14:53:36 19.65 2.29 -42.54 33.50
14:53:36 19.66 1.81 -42.52 33.25
14:53:36 19.82 2.13 -42.53 33.32
14:53:37 19.82 1.95 -42.01 33.45
14:53:37 19.65 2.10 -41.75 33.14
14:53:37 19.82 1.64 -42.25 33.43
14:53:37 19.81 1.94 -41.75 33.45
14:53:38 19.81 2.28 -42.28 33.61
14:53:38 19.33 2.12 -42.27 33.52
14:53:38 19.65 2.29 -42.54 33.54
14:53:38 19.33 1.96 -42.00 33.87
14:53:39 19.82 1.96 -42.27 33.72
14:53:39 19.49 2.13 -42.53 33.85
14:53:39 19.65 2.27 -42.02 33.58
14:53:40 19.65 2.26 -41.76 34.07
14:53:40 19.65 1.95 -42.01 33.81
14:53:40 19.65 2.44 -42.28 33.87
14:53:40 20.30 2.28 -42.54 33.65
14:53:41 19.97 2.26 -41.76 33.94
14:53:41 19.65 2.26 -41.76 33.74
14:53:41 19.17 2.13 -42.27 33.81
14:53:41 19.65 2.44 -42.28 33.81
14:53:42 19.65 2.28 -42.28 33.92
14:53:42 19.81 2.74 -42.04 34.03
14:53:42 20.14 2.43 -42.29 33.89
14:53:43 19.33 2.29 -42.54 33.94
14:53:43 19.17 2.13 -42.27 33.78
14:53:43 19.49 2.13 -42.53 33.58
14:53:43 19.81 2.60 -42.29 33.83
14:53:44 20.14 1.96 -42.27 33.87
14:53:44 20.14 2.13 -42.54 33.61
14:53:44 19.82 1.96 -42.27 33.83
14:53:44 19.49 2.12 -42.27 33.78
14:53:45 19.49 2.11 -42.01 33.87
14:53:45 19.81 2.28 -42.28 33.72
14:53:45 19.81 2.43 -42.03 34.09
14:53:45 19.82 2.13 -42.53 34.03
14:53:46 19.97 2.26 -41.76 34.25
14:53:46 19.82 2.12 -42.27 34.00
14:53:46 19.65 2.08 -41.23 34.05
14:53:47 19.33 2.12 -42.27 33.98
14:53:47 19.33 2.27 -42.02 34.05
14:53:47 19.81 2.10 -41.75 34.07
14:53:47 20.30 2.27 -42.28 34.14
14:53:48 19.81 2.09 -41.49 33.94
14:53:48 19.65 2.59 -42.03 33.89
14:53:48 19.98 2.31 -43.06 33.94
14:53:48 19.98 2.13 -42.53 33.92
14:53:49 19.81 2.61 -42.55 33.96
14:53:49 19.81 2.28 -42.28 34.05
14:53:49 19.17 2.13 -42.27 33.87
14:53:50 19.49 2.11 -42.01 33.98
14:53:50 19.49 2.43 -42.02 34.12
14:53:50 19.81 2.26 -41.76 34.12
14:53:50 19.98 2.11 -42.01 34.20
14:53:51 20.14 2.30 -42.80 34.47
14:53:51 19.97 2.56 -41.51 34.49
14:53:51 19.81 2.56 -41.51 34.58
14:53:51 19.65 2.44 -42.28 34.73
14:53:52 20.14 2.59 -42.29 34.85
14:53:52 19.81 2.27 -42.02 35.00
14:53:52 19.65 2.25 -41.50 34.96
14:53:53 19.65 2.76 -42.30 35.15
14:53:53 19.81 2.59 -42.03 35.27
14:53:53 19.81 2.74 -42.04 35.33
14:53:53 20.30 2.74 -42.04 35.15
14:53:54 20.13 2.91 -42.31 35.31
14:53:54 19.97 2.25 -41.50 35.38
14:53:54 19.65 3.08 -42.57 35.58
14:53:54 20.13 2.54 -40.99 35.71
14:53:55 20.13 2.90 -42.05 35.75
14:53:55 19.48 3.05 -41.79 35.69
14:53:55 19.65 2.43 -42.02 35.82
14:53:56 20.13 3.04 -41.53 35.80
14:53:56 19.64 2.56 -41.25 35.80
14:53:56 20.13 2.55 -41.25 35.93
14:53:56 19.97 2.55 -41.25 36.11
14:53:57 19.97 2.89 -41.79 36.15
14:53:57 20.13 2.88 -41.53 36.08
14:53:57 20.29 3.37 -42.07 36.17
14:53:57 19.81 2.73 -41.78 36.15
14:53:58 19.80 3.19 -41.28 36.37
14:53:58 19.80 2.88 -41.52 36.31
14:53:58 19.80 2.89 -41.78 36.33
14:53:58 19.96 2.87 -41.26 36.19
14:53:59 19.97 2.74 -42.04 36.19
14:53:59 20.12 3.03 -41.27 36.39
14:53:59 19.96 2.87 -41.26 36.24
14:54:00 19.96 3.02 -41.01 36.44
14:54:00 19.96 2.85 -40.74 36.70
14:54:00 19.48 3.04 -41.53 36.39
14:54:00 19.79 3.82 -41.30 36.53
14:54:01 19.31 3.05 -41.53 36.59
14:54:01 19.79 3.50 -41.03 36.73
14:54:01 20.28 3.67 -41.56 37.15
14:54:01 20.12 3.18 -41.02 37.12
14:54:02 20.13 2.87 -41.27 37.01
14:54:02 20.12 3.03 -41.27 37.19
14:54:02 19.95 3.80 -40.78 37.32
14:54:03 19.80 3.35 -41.28 37.35
14:54:03 20.12 3.02 -41.01 37.35
14:54:03 20.29 3.52 -41.81 37.48
14:54:03 20.12 3.49 -41.03 37.72
14:54:04 19.96 3.49 -41.03 37.74
14:54:04 20.11 3.47 -40.51 37.74
14:54:04 19.95 4.14 -41.32 37.72
14:54:04 20.27 3.96 -40.79 37.74
14:54:05 20.28 3.34 -41.29 37.74
14:54:05 19.47 3.53 -41.81 37.94
14:54:05 19.80 3.36 -41.54 38.10
14:54:06 20.28 3.65 -41.04 38.14
14:54:06 19.47 3.50 -41.03 38.19
14:54:06 20.12 3.49 -41.03 38.30
14:54:06 20.59 4.26 -40.55 38.45
14:54:07 20.11 3.64 -40.78 38.45
14:54:07 20.11 3.81 -41.04 38.34
14:54:07 19.96 3.50 -41.29 38.54
14:54:07 19.95 3.97 -41.05 38.16
14:54:08 20.12 3.34 -41.29 38.61
14:54:08 20.11 3.96 -40.79 38.63
14:54:08 20.27 4.28 -41.06 38.83
14:54:09 20.27 3.80 -40.78 38.96
14:54:09 19.95 4.30 -41.32 39.07
14:54:09 19.96 3.49 -41.03 38.98
14:54:09 20.43 4.11 -40.80 39.23
14:54:10 20.11 4.30 -41.32 39.29
14:54:10 19.95 3.96 -40.79 39.49
14:54:10 20.28 3.65 -41.04 39.47
14:54:10 20.11 4.27 -40.54 39.42
14:54:11 20.27 3.94 -40.27 39.34
14:54:11 19.95 3.64 -40.78 39.34
14:54:11 19.95 4.12 -40.80 39.29
14:54:12 19.79 3.62 -40.25 39.34
14:54:12 20.11 4.27 -40.54 39.56
14:54:12 20.11 4.10 -40.28 39.60
14:54:12 19.46 4.11 -40.53 39.78
14:54:13 20.27 4.77 -41.34 39.96
14:54:13 19.95 3.95 -40.53 39.80
14:54:13 20.11 4.27 -40.54 39.96
14:54:13 20.27 4.59 -40.82 39.93
14:54:14 20.10 4.59 -40.82 40.07
14:54:14 19.94 4.44 -40.81 39.87
14:54:14 20.43 4.27 -40.80 40.13
14:54:14 20.59 4.09 -40.28 40.13
14:54:15 20.27 4.42 -40.55 40.40
14:54:15 19.78 4.58 -40.29 40.24
14:54:15 20.27 4.08 -40.02 40.18
14:54:16 20.26 4.57 -40.30 40.46
14:54:16 20.10 4.24 -40.02 40.66
14:54:16 20.10 4.72 -40.04 40.60
14:54:16 20.10 4.41 -40.29 40.60
14:54:17 20.91 4.56 -40.30 40.75
14:54:17 20.43 4.74 -40.56 41.02
14:54:17 20.26 4.74 -40.56 40.82
14:54:17 20.10 4.74 -40.56 40.93
14:54:18 20.25 4.52 -38.99 40.91
14:54:18 20.26 4.71 -39.78 41.19
14:54:18 20.10 5.22 -40.58 41.06
14:54:19 20.26 4.88 -40.05 41.28
14:54:19 20.26 4.89 -40.31 41.46
14:54:19 19.78 4.91 -40.83 41.46
14:54:19 19.78 4.58 -40.29 41.50
14:54:20 20.42 5.21 -40.58 41.62
14:54:20 19.94 4.56 -40.03 41.86
14:54:20 20.26 4.88 -40.05 41.88
14:54:20 20.58 5.02 -39.80 41.90
14:54:21 20.09 5.18 -39.54 41.79
14:54:21 20.10 4.71 -39.78 42.08
14:54:21 20.26 4.73 -40.30 41.95
14:54:22 20.42 5.03 -40.06 42.32
14:54:22 20.41 5.17 -39.54 42.26
14:54:22 20.58 5.18 -39.80 42.37
14:54:22 20.42 5.21 -40.58 42.26
14:54:23 20.58 5.36 -40.33 42.37
14:54:23 20.42 5.02 -39.80 42.48
14:54:23 20.42 5.18 -39.80 42.70
14:54:23 20.25 5.18 -39.80 42.61
14:54:24 20.25 5.67 -40.08 42.65
14:54:24 20.09 5.02 -39.53 42.77
14:54:24 20.41 5.32 -39.29 42.85
14:54:25 20.41 5.67 -40.08 42.72
14:54:25 20.74 5.03 -40.06 42.61
14:54:25 20.74 5.35 -40.07 42.65
14:54:25 20.74 5.35 -40.07 42.81
14:54:26 20.41 5.16 -39.28 42.90
14:54:26 21.07 5.35 -40.07 42.85
14:54:26 20.42 5.19 -40.06 42.85
14:54:26 20.74 5.51 -40.08 42.99
14:54:27 20.58 5.36 -40.33 43.01
14:54:27 20.25 5.82 -39.83 42.99
14:54:27 20.74 5.33 -39.55 43.05
14:54:28 20.41 5.50 -39.81 43.19
14:54:28 20.57 5.64 -39.30 43.14
14:54:28 20.41 5.31 -39.03 43.19
14:54:28 20.73 5.47 -39.04 43.10
14:54:29 20.41 5.32 -39.29 43.19
14:54:29 20.40 5.79 -39.05 43.43
14:54:29 20.57 5.66 -39.82 43.36
14:54:29 20.57 5.49 -39.56 43.58
14:54:30 20.89 5.63 -39.30 43.47
14:54:30 20.40 5.79 -39.05 43.58
14:54:30 20.73 5.79 -39.31 43.61
14:54:30 20.89 5.63 -39.30 43.52
14:54:31 20.40 5.62 -38.78 43.61
14:54:31 20.40 5.45 -38.51 43.69
14:54:31 20.57 5.80 -39.31 43.76
14:54:32 20.41 5.34 -39.81 43.76
14:54:32 20.57 5.78 -39.05 44.03
14:54:32 21.05 5.93 -38.80 43.85
14:54:32 20.73 5.62 -39.04 43.72
14:54:33 20.56 5.94 -39.05 44.00
14:54:33 20.57 5.80 -39.31 44.09
14:54:33 20.89 6.11 -39.32 43.96
14:54:33 20.57 5.62 -38.78 44.23
14:54:34 20.57 5.78 -39.05 44.16
14:54:34 20.73 5.62 -39.04 44.45
14:54:34 20.40 5.93 -38.79 44.14
14:54:35 20.72 6.09 -38.80 44.36
14:54:35 20.57 6.29 -39.85 44.47
14:54:35 20.89 5.78 -39.05 44.36
14:54:35 20.73 6.27 -39.33 44.76
14:54:36 20.57 6.11 -39.32 44.71
14:54:36 20.40 6.26 -39.07 44.76
14:54:36 20.40 6.43 -39.33 44.51
14:54:36 20.24 5.79 -39.05 44.69
14:54:37 20.40 6.26 -39.07 44.73
14:54:37 20.72 6.25 -38.81 44.71
14:54:37 20.72 5.92 -38.53 44.80
14:54:38 20.57 5.95 -39.31 44.76
14:54:38 20.89 6.26 -39.07 44.96
14:54:38 20.89 6.12 -39.58 44.76
14:54:38 20.88 6.41 -38.82 44.82
14:54:39 20.57 6.11 -39.32 44.65
14:54:39 20.57 5.81 -39.57 44.85
14:54:39 20.88 6.41 -38.82 44.71
14:54:39 20.56 6.06 -38.02 44.73
14:54:40 20.72 6.09 -38.80 44.76
14:54:40 20.56 6.07 -38.28 44.85
14:54:40 20.56 6.41 -38.81 45.00
14:54:40 20.72 6.42 -39.07 45.24
14:54:41 20.72 6.42 -39.07 45.04
14:54:41 20.72 6.25 -38.81 45.18
14:54:41 20.88 6.55 -38.56 45.22
14:54:42 20.39 6.40 -38.55 45.53
14:54:42 20.88 6.41 -38.82 45.51
14:54:42 20.88 6.25 -38.81 45.44
14:54:42 21.04 6.55 -38.56 45.44
14:54:43 20.56 6.25 -38.81 45.33
14:54:43 20.56 6.41 -38.81 45.46
14:54:43 20.72 6.72 -38.83 45.49
14:54:43 20.88 6.55 -38.56 45.33
14:54:44 20.56 6.23 -38.29 45.64
14:54:44 20.07 6.42 -39.07 45.40
14:54:44 20.56 6.23 -38.29 45.44
14:54:45 21.04 6.22 -38.03 45.33
14:54:45 20.72 6.08 -38.54 45.38
14:54:45 20.73 6.27 -39.33 45.31
14:54:45 20.72 6.40 -38.55 45.42
14:54:46 20.72 6.41 -38.81 45.44
14:54:46 20.72 6.42 -39.07 45.55
14:54:46 20.88 6.55 -38.56 45.20
14:54:46 20.88 6.24 -38.55 45.29
14:54:47 20.55 6.56 -38.56 45.11
14:54:47 21.05 6.25 -38.81 45.24
14:54:47 20.72 6.07 -38.28 45.09
14:54:48 20.57 6.11 -39.32 45.24
14:54:48 20.89 5.94 -39.06 45.22
14:54:48 20.56 6.25 -38.81 45.04
14:54:48 21.05 6.41 -39.08 45.18
14:54:49 20.73 5.95 -39.32 45.31
14:54:49 20.73 6.27 -39.33 45.07
14:54:49 20.72 6.25 -38.81 44.98
14:54:49 20.72 6.41 -38.81 45.18
14:54:50 20.72 6.72 -38.83 44.96
