14:12:28 20.98 -3.69 -46.11 14.60
14:12:29 20.81 -3.56 -45.60 14.54
14:12:29 20.82 -3.87 -45.84 14.67
14:12:29 20.32 -3.35 -46.14 14.65
14:12:29 20.66 -4.20 -45.82 14.62
14:12:30 20.48 -3.52 -46.13 14.69
14:12:30 20.81 -3.49 -46.65 14.58
14:12:30 20.99 -3.86 -46.10 14.80
14:12:31 20.49 -3.68 -46.12 14.67
14:12:31 20.65 -3.54 -45.86 14.76
14:12:31 20.48 -3.54 -45.86 14.69
14:12:31 20.66 -3.85 -46.10 14.73
14:12:32 20.66 -3.85 -46.10 14.76
14:12:32 20.65 -3.69 -46.12 14.98
14:12:32 20.48 -3.16 -46.67 14.91
14:12:32 20.65 -3.36 -46.14 15.00
14:12:33 20.81 -3.36 -46.14 14.93
14:12:33 20.49 -3.83 -46.37 14.91
14:12:33 20.49 -3.67 -46.38 15.11
14:12:34 20.65 -3.67 -46.38 15.04
14:12:34 20.82 -3.69 -46.11 15.07
14:12:34 20.32 -3.52 -46.13 15.31
14:12:34 20.15 -3.48 -46.65 15.38
14:12:35 20.65 -3.70 -45.85 15.09
14:12:35 20.81 -3.36 -46.14 15.22
14:12:35 20.31 -3.19 -46.15 15.00
14:12:35 20.64 -3.21 -45.88 15.22
14:12:36 20.49 -3.67 -46.38 14.96
14:12:36 20.65 -3.52 -46.13 15.15
14:12:36 20.98 -3.53 -46.12 15.29
14:12:37 20.49 -3.68 -46.12 15.51
14:12:37 19.99 -3.38 -45.61 15.55
14:12:37 20.32 -3.35 -46.14 15.62
14:12:37 20.81 -3.35 -46.40 15.58
14:12:38 20.15 -3.35 -46.14 15.60
14:12:38 20.47 -3.04 -45.89 15.71
14:12:38 20.49 -3.55 -45.60 15.55
14:12:38 20.49 -3.67 -46.38 15.44
14:12:39 20.81 -3.54 -45.86 15.46
14:12:39 20.31 -3.04 -45.90 15.35
14:12:39 20.32 -3.48 -46.65 15.49
14:12:39 20.32 -3.35 -46.14 15.44
14:12:40 20.81 -3.54 -45.86 15.51
14:12:40 20.14 -3.02 -46.16 15.38
14:12:40 20.82 -3.69 -46.11 15.49
14:12:41 20.31 -3.04 -45.90 15.53
14:12:41 20.48 -3.21 -45.88 15.42
14:12:41 20.48 -3.37 -45.87 15.60
14:12:41 20.32 -3.35 -46.14 15.53
14:12:42 20.48 -3.34 -46.40 15.58
14:12:42 20.32 -3.55 -45.60 15.75
14:12:42 20.64 -3.23 -45.62 15.86
14:12:42 20.64 -3.23 -45.62 15.95
14:12:43 20.31 -3.01 -46.42 16.08
14:12:43 20.31 -3.04 -45.90 16.13
14:12:43 20.47 -3.03 -46.16 16.39
14:12:44 20.14 -2.71 -45.92 16.28
14:12:44 20.16 -3.60 -44.82 16.33
14:12:44 20.15 -3.38 -45.61 16.26
14:12:44 20.31 -3.06 -45.63 16.48
14:12:45 20.15 -3.05 -45.63 16.62
14:12:45 20.63 -2.73 -45.65 16.90
14:12:45 20.14 -2.71 -45.92 16.97
14:12:45 20.14 -2.69 -46.18 16.90
14:12:46 20.31 -2.88 -45.91 17.30
14:12:46 20.13 -2.40 -45.68 17.32
14:12:46 20.31 -3.02 -46.16 17.04
14:12:47 20.63 -2.42 -45.41 17.17
14:12:47 20.13 -2.41 -45.41 17.23
14:12:47 20.48 -3.06 -45.63 17.21
14:12:47 20.30 -2.55 -45.93 17.30
14:12:48 20.14 -2.91 -45.38 17.61
14:12:48 20.46 -2.26 -45.42 17.77
14:12:48 20.13 -2.08 -45.43 17.85
14:12:48 20.13 -2.25 -45.42 17.92
14:12:49 20.13 -2.22 -45.95 18.19
14:12:49 20.46 -2.40 -45.67 18.16
14:12:49 19.96 -2.10 -45.17 18.34
14:12:50 19.80 -2.08 -45.44 18.30
14:12:50 19.80 -2.08 -45.44 18.23
14:12:50 19.96 -2.25 -45.42 18.34
14:12:50 19.96 -2.21 -45.95 18.47
14:12:51 19.97 -2.41 -45.41 18.32
14:12:51 20.13 -2.08 -45.43 18.27
14:12:51 20.29 -2.10 -45.17 18.25
14:12:51 19.95 -1.77 -45.19 18.27
14:12:52 20.62 -1.91 -45.70 18.27
14:12:52 19.96 -1.93 -45.18 18.21
14:12:52 20.29 -2.07 -45.70 18.23
14:12:52 20.13 -2.25 -45.42 18.12
14:12:53 20.46 -2.24 -45.68 18.25
14:12:53 19.80 -2.09 -45.17 17.99
14:12:53 20.13 -2.05 -45.96 18.03
14:12:54 19.96 -1.97 -44.66 18.36
14:12:54 20.29 -2.25 -45.42 18.27
14:12:54 20.13 -2.08 -45.43 18.30
14:12:54 19.79 -1.93 -45.18 18.67
14:12:55 19.79 -1.95 -44.92 18.87
14:12:55 19.63 -2.09 -45.17 19.07
14:12:55 19.96 -1.92 -45.44 19.25
14:12:55 20.12 -1.95 -44.92 19.36
14:12:56 20.28 -1.59 -45.46 19.31
14:12:56 19.96 -1.93 -45.18 19.51
14:12:56 20.28 -1.78 -45.19 19.42
14:12:57 19.80 -2.11 -44.91 19.51
14:12:57 19.79 -1.57 -45.73 19.29
14:12:57 19.95 -1.62 -44.94 19.42
14:12:57 20.28 -1.59 -45.46 19.42
14:12:58 19.95 -1.62 -44.94 19.40
14:12:58 20.12 -1.64 -44.68 19.36
14:12:58 19.79 -1.63 -44.68 19.16
14:12:58 19.95 -1.59 -45.47 19.16
14:12:59 20.44 -1.43 -45.47 19.51
14:12:59 19.95 -1.75 -45.46 19.42
14:12:59 19.94 -1.28 -45.22 19.45
14:13:00 19.96 -1.95 -44.92 19.54
14:13:00 19.62 -1.73 -45.72 19.76
14:13:00 19.78 -1.11 -45.24 19.85
14:13:00 20.11 -1.13 -44.97 19.96
14:13:01 20.12 -1.61 -45.20 19.91
14:13:01 19.62 -1.32 -44.44 19.98
14:13:01 19.95 -1.59 -45.47 19.87
14:13:01 19.79 -1.80 -44.67 19.87
14:13:02 19.61 -1.10 -45.24 19.85
14:13:02 19.62 -1.47 -44.69 19.89
14:13:02 19.95 -1.29 -44.96 19.98
14:13:03 19.77 -0.81 -44.73 20.00
14:13:03 19.78 -1.47 -44.69 19.80
14:13:03 20.11 -1.46 -44.95 20.07
14:13:03 19.95 -1.29 -44.96 20.02
14:13:04 20.11 -1.13 -44.97 20.35
14:13:04 19.94 -1.13 -44.97 20.35
14:13:04 19.78 -1.45 -44.95 20.62
14:13:04 19.94 -0.98 -44.72 20.75
14:13:05 19.95 -1.31 -44.70 20.60
14:13:05 19.77 -0.98 -44.72 21.11
14:13:05 19.78 -1.17 -44.19 21.13
14:13:05 19.77 -0.96 -44.98 21.08
14:13:06 19.27 -0.62 -45.01 21.35
14:13:06 20.26 -0.63 -45.26 21.19
14:13:06 19.61 -0.81 -44.73 21.28
14:13:07 19.77 -0.65 -44.74 21.26
14:13:07 19.61 -0.81 -44.73 21.00
14:13:07 19.77 -0.63 -45.00 21.15
14:13:07 19.60 -0.32 -44.76 21.08
14:13:08 19.76 -0.50 -44.49 21.08
14:13:08 20.10 -0.62 -45.26 21.19
14:13:08 20.10 -0.64 -45.00 21.19
14:13:08 20.11 -1.13 -44.97 21.22
14:13:09 19.94 -0.80 -44.99 21.26
14:13:09 19.94 -0.82 -44.73 21.17
14:13:09 19.60 -0.64 -44.74 21.11
14:13:10 19.77 -0.66 -44.48 21.17
14:13:10 19.77 -0.80 -44.99 21.22
14:13:10 19.60 -0.51 -44.23 21.44
14:13:10 19.60 -0.64 -44.74 21.31
14:13:11 19.94 -0.96 -44.98 21.39
14:13:11 19.61 -0.81 -44.73 21.46
14:13:11 20.10 -0.80 -44.99 21.50
14:13:11 19.61 -0.81 -44.73 21.31
14:13:12 19.77 -0.65 -44.74 21.66
14:13:12 19.76 -0.34 -44.50 21.70
14:13:12 19.77 -0.66 -44.48 21.68
14:13:13 19.59 -0.15 -44.77 21.62
14:13:13 19.60 -0.48 -44.75 21.62
14:13:13 20.09 -0.47 -45.01 21.70
14:13:13 19.76 -0.30 -45.02 21.66
14:13:14 19.44 -0.82 -44.47 21.55
14:13:14 19.94 -0.82 -44.73 21.92
14:13:14 19.76 -0.45 -45.28 21.48
14:13:14 20.10 -0.98 -44.72 21.90
14:13:15 19.59 -0.15 -44.77 21.59
14:13:15 20.26 -0.36 -44.24 21.48
14:13:15 20.09 -0.52 -44.23 21.99
14:13:16 19.77 -0.65 -44.74 22.15
14:13:16 19.59 -0.14 -45.04 22.04
14:13:16 19.59 0.03 -45.05 22.28
14:13:16 19.60 -0.48 -44.75 21.97
14:13:17 19.60 -0.33 -44.50 22.48
14:13:17 20.08 0.18 -45.05 22.48
14:13:17 19.76 -0.35 -44.24 22.79
14:13:17 19.76 -0.20 -43.99 23.01
14:13:18 19.43 -0.02 -44.26 22.92
14:13:18 19.92 0.14 -44.27 23.32
14:13:18 19.26 -0.01 -44.26 23.58
14:13:19 19.26 0.10 -43.49 23.52
14:13:19 19.42 0.49 -44.55 23.74
14:13:19 19.58 0.47 -44.29 23.81
14:13:19 19.25 0.46 -44.03 23.96
14:13:20 19.58 0.64 -44.30 24.16
14:13:20 19.58 0.46 -44.03 24.27
14:13:20 19.42 0.49 -44.55 24.27
14:13:20 19.58 0.26 -43.50 24.38
14:13:21 19.24 0.79 -44.05 24.31
14:13:21 19.58 0.51 -44.81 24.27
14:13:21 19.08 0.63 -44.04 24.54
14:13:21 19.74 0.60 -43.78 24.58
14:13:22 19.57 0.82 -44.57 24.82
14:13:22 19.57 1.10 -43.81 24.91
14:13:22 19.74 0.77 -43.79 25.15
14:13:23 19.74 0.77 -43.79 25.18
14:13:23 19.57 0.75 -43.53 25.11
14:13:23 19.57 0.77 -43.79 25.09
14:13:23 19.24 0.94 -43.80 25.04
14:13:24 19.40 1.15 -44.59 24.91
14:13:24 19.56 1.28 -44.08 24.78
14:13:24 19.41 0.82 -44.57 24.91
14:13:24 19.40 1.26 -43.82 24.76
14:13:25 19.08 0.78 -43.79 24.93
14:13:25 19.41 0.92 -43.54 24.76
14:13:25 19.58 0.59 -43.52 25.00
14:13:26 19.40 1.15 -44.59 25.07
14:13:26 19.73 1.24 -43.56 25.27
14:13:26 19.56 1.24 -43.56 25.62
14:13:26 19.40 1.08 -43.55 25.62
14:13:27 19.41 0.94 -43.80 25.86
14:13:27 18.90 1.75 -43.59 25.93
14:13:27 19.06 1.58 -43.58 26.04
14:13:27 19.07 1.44 -43.83 26.19
14:13:28 19.23 1.58 -43.58 26.13
14:13:28 19.39 1.76 -43.85 26.24
14:13:28 18.91 1.27 -43.82 26.33
14:13:29 19.23 1.60 -43.84 26.13
14:13:29 19.39 1.76 -43.85 26.22
14:13:29 19.23 1.74 -43.59 26.42
14:13:29 19.06 1.88 -43.08 26.57
14:13:30 19.23 1.76 -43.85 26.84
14:13:30 19.39 1.54 -43.06 26.92
14:13:30 19.05 2.21 -43.10 27.32
14:13:30 18.88 2.41 -43.63 27.32
14:13:31 19.22 1.88 -43.08 27.52
14:13:31 18.56 2.07 -43.35 27.39
14:13:31 19.22 1.89 -43.34 27.43
14:13:32 19.38 2.38 -43.37 27.59
14:13:32 19.38 2.04 -43.09 27.65
14:13:32 19.05 2.36 -42.85 27.70
14:13:32 18.89 2.21 -43.10 27.92
14:13:33 19.21 2.40 -43.63 28.05
14:13:33 19.37 2.55 -43.38 27.96
14:13:33 19.55 2.20 -43.10 27.85
14:13:33 19.04 2.70 -43.13 27.92
14:13:34 19.05 2.21 -43.10 27.59
14:13:34 18.72 2.54 -43.12 27.85
14:13:34 19.22 2.19 -42.84 27.81
14:13:34 18.88 2.41 -43.63 28.01
14:13:35 19.38 2.30 -42.07 27.88
14:13:35 19.70 2.51 -42.86 28.10
14:13:35 19.20 2.83 -42.62 28.36
14:13:36 19.05 2.21 -43.10 28.36
14:13:36 19.37 2.68 -42.87 28.36
14:13:36 19.37 2.53 -43.12 28.36
14:13:36 19.37 2.81 -42.36 28.72
14:13:37 18.88 2.72 -43.39 28.63
14:13:37 18.88 2.52 -42.86 28.92
14:13:37 19.04 3.01 -42.89 28.81
14:13:37 18.87 2.84 -42.62 28.94
14:13:38 18.71 2.66 -42.35 29.05
14:13:38 19.20 3.01 -42.89 28.74
14:13:38 19.04 2.85 -42.88 28.96
14:13:39 19.04 2.68 -42.87 28.85
14:13:39 18.72 2.54 -43.12 28.63
14:13:39 19.04 2.68 -42.87 28.81
14:13:39 19.05 2.52 -42.86 28.89
14:13:40 19.04 2.98 -42.37 28.83
14:13:40 18.87 2.84 -42.62 28.92
14:13:40 19.04 2.83 -42.62 28.87
14:13:40 19.04 2.87 -43.14 28.83
14:13:41 19.37 2.51 -42.86 29.09
14:13:41 19.21 2.52 -42.86 28.69
14:13:41 19.37 2.64 -42.35 28.85
14:13:42 19.20 3.01 -42.89 28.89
14:13:42 18.88 2.70 -43.13 29.07
14:13:42 18.87 3.20 -43.16 28.81
14:13:42 18.88 2.67 -42.61 28.98
14:13:43 19.20 3.17 -42.90 29.07
14:13:43 19.04 2.83 -42.62 28.87
14:13:43 19.21 2.50 -42.60 28.67
14:13:43 19.20 2.81 -42.36 29.03
14:13:44 19.04 2.82 -42.36 29.05
14:13:44 18.87 2.87 -43.14 29.31
14:13:44 19.20 3.03 -43.15 28.98
14:13:45 19.20 2.86 -43.14 29.18
14:13:45 19.03 3.03 -43.15 29.16
14:13:45 19.37 2.99 -42.63 29.23
14:13:45 18.87 2.85 -42.88 29.36
14:13:46 18.87 3.00 -42.63 29.36
14:13:46 18.86 3.34 -42.91 29.34
14:13:46 19.03 3.18 -42.90 29.58
14:13:46 18.71 2.99 -42.37 29.65
14:13:47 19.20 2.85 -42.88 29.87
14:13:47 18.21 2.88 -43.14 29.96
14:13:47 19.19 3.31 -42.39 30.13
14:13:47 18.71 2.97 -42.11 30.09
14:13:48 19.04 3.01 -42.89 30.20
14:13:48 18.70 3.17 -42.64 30.58
14:13:48 19.03 3.31 -42.39 30.66
14:13:49 19.02 3.59 -41.63 30.82
14:13:49 19.19 3.63 -42.41 30.75
14:13:49 18.86 3.48 -42.40 30.97
14:13:49 18.69 3.66 -42.67 31.08
14:13:50 19.19 3.45 -42.14 30.97
14:13:50 18.36 3.98 -42.43 30.93
14:13:50 19.18 3.81 -42.68 31.04
14:13:50 18.70 3.50 -42.66 31.19
14:13:51 19.35 3.94 -42.17 30.86
14:13:51 18.86 3.33 -42.65 31.28
14:13:51 18.68 4.15 -42.70 31.26
14:13:52 18.70 3.50 -42.66 31.24
14:13:52 19.03 3.31 -42.39 31.35
14:13:52 18.85 3.79 -42.16 31.31
14:13:52 19.02 3.59 -41.63 31.66
14:13:53 18.85 3.80 -42.42 31.46
14:13:53 18.85 3.97 -42.43 31.35
14:13:53 18.69 3.63 -42.15 31.35
14:13:53 18.36 3.62 -41.89 31.53
14:13:54 18.85 3.79 -42.16 31.57
14:13:54 18.52 4.27 -41.93 31.55
14:13:54 18.68 4.09 -41.66 31.50
14:13:55 18.85 4.10 -41.92 31.64
14:13:55 18.69 3.63 -42.15 31.79
14:13:55 19.02 3.62 -42.15 31.84
14:13:55 18.85 4.12 -42.18 31.90
14:13:56 19.02 3.64 -42.41 31.90
14:13:56 19.01 4.28 -42.19 32.10
14:13:56 18.69 3.92 -41.65 32.06
14:13:56 18.85 3.94 -41.91 32.12
14:13:57 18.35 4.28 -41.93 32.19
14:13:57 19.18 3.93 -41.91 32.46
14:13:57 18.52 4.27 -41.93 32.54
14:13:58 19.01 4.10 -41.92 32.63
14:13:58 18.68 4.45 -42.20 32.94
14:13:58 18.35 4.09 -41.66 32.74
14:13:58 18.52 4.27 -41.93 32.74
14:13:59 18.84 4.28 -42.19 32.85
14:13:59 18.51 4.76 -41.96 32.96
14:13:59 18.84 4.56 -41.43 33.05
14:13:59 18.51 4.80 -42.48 33.34
14:14:00 18.67 4.94 -42.23 33.34
14:14:00 18.84 4.38 -41.16 33.58
14:14:00 18.34 4.78 -42.22 33.47
14:14:01 18.50 4.91 -41.71 33.65
14:14:01 18.18 4.77 -41.96 33.94
14:14:01 18.51 4.55 -41.17 33.98
14:14:01 18.34 4.90 -41.45 34.18
14:14:02 18.66 5.22 -41.47 34.12
14:14:02 18.50 5.04 -41.20 34.31
14:14:02 18.49 5.57 -41.75 34.54
14:14:02 18.50 5.21 -41.21 34.62
14:14:03 18.17 5.23 -41.47 34.82
14:14:03 18.16 5.38 -41.22 34.96
14:14:03 18.16 5.38 -41.22 34.93
14:14:03 17.99 5.69 -40.98 35.13
14:14:04 18.49 5.68 -40.98 35.09
14:14:04 18.66 5.40 -41.74 35.55
14:14:04 18.49 5.37 -41.22 35.55
14:14:05 18.65 5.55 -41.49 35.62
14:14:05 18.16 5.51 -40.71 35.51
14:14:05 18.65 5.86 -41.25 35.58
14:14:05 18.49 5.59 -42.01 35.62
14:14:06 18.16 5.38 -41.22 35.88
14:14:06 18.65 5.55 -41.49 35.97
14:14:06 18.48 6.01 -41.00 36.42
14:14:06 18.16 5.51 -40.71 36.28
14:14:07 18.81 5.83 -40.73 36.31
14:14:07 18.49 5.72 -41.50 36.35
14:14:07 18.15 6.02 -41.00 36.55
14:14:08 18.47 6.39 -41.80 36.53
14:14:08 18.15 6.04 -41.26 36.55
14:14:08 18.65 5.83 -40.73 36.70
14:14:08 18.47 6.34 -41.02 36.79
14:14:09 18.48 6.18 -41.01 36.86
14:14:09 18.31 6.21 -41.53 36.68
14:14:09 18.15 6.23 -41.79 36.86
14:14:09 18.15 5.99 -40.48 36.88
14:14:10 18.48 6.16 -40.75 36.95
14:14:10 18.15 6.15 -40.49 36.88
14:14:10 18.32 5.85 -40.99 36.81
14:14:11 18.48 6.00 -40.74 36.77
14:14:11 18.32 5.95 -39.95 36.90
14:14:11 17.82 6.36 -41.02 36.77
14:14:11 18.31 6.49 -40.77 36.75
14:14:12 18.47 6.34 -41.02 36.68
14:14:12 18.48 6.00 -40.74 36.66
14:14:12 18.31 6.16 -40.75 36.86
14:14:12 18.31 6.36 -41.28 36.70
14:14:13 18.47 6.51 -41.03 36.75
14:14:13 18.32 5.84 -40.73 36.57
14:14:13 18.80 6.34 -41.02 36.59
14:14:14 18.48 5.83 -40.73 36.79
14:14:14 18.14 6.50 -40.77 36.90
14:14:14 18.46 6.98 -40.80 36.68
14:14:14 18.32 6.03 -41.26 36.79
14:14:15 18.47 6.36 -41.28 36.84
14:14:15 18.31 6.49 -40.77 36.75
14:14:15 18.15 6.00 -40.74 36.73
14:14:15 18.65 5.98 -40.48 36.77
14:14:16 18.48 5.83 -40.73 36.86
14:14:16 18.48 6.16 -40.75 36.57
14:14:16 18.15 6.00 -40.74 36.70
14:14:17 18.31 6.21 -41.53 36.68
14:14:17 18.31 6.51 -41.03 36.81
14:14:17 18.48 6.16 -40.75 36.81
14:14:17 18.14 6.33 -40.76 36.79
14:14:18 18.47 6.31 -40.50 37.10
14:14:18 18.32 5.98 -40.48 37.17
14:14:18 18.32 5.80 -40.20 36.79
14:14:18 18.31 6.49 -40.77 36.79
14:14:19 18.47 6.65 -40.78 36.79
14:14:19 18.48 6.18 -41.01 37.32
14:14:19 18.31 6.16 -40.75 37.23
14:14:19 18.63 6.60 -39.99 37.28
14:14:20 18.31 6.49 -40.77 37.41
14:14:20 18.80 6.65 -40.78 37.30
14:14:20 18.64 6.17 -41.01 37.32
14:14:21 18.31 6.51 -41.03 37.61
14:14:21 18.63 6.65 -40.78 37.77
14:14:21 17.98 6.47 -40.25 37.81
14:14:21 18.81 6.14 -40.48 37.94
14:14:22 18.64 6.29 -40.23 37.94
14:14:22 18.31 6.49 -40.77 38.19
14:14:22 18.30 6.77 -40.00 38.65
14:14:22 18.13 6.94 -40.01 38.58
14:14:23 18.13 6.99 -40.80 38.56
14:14:23 18.47 6.65 -40.78 38.74
14:14:23 18.29 7.12 -40.29 38.76
14:14:24 18.29 7.30 -40.56 39.00
14:14:24 17.64 6.80 -40.27 38.85
14:14:24 18.47 6.79 -40.27 39.14
14:14:24 18.13 7.12 -40.29 39.16
14:14:25 18.46 7.10 -40.02 39.27
14:14:25 18.13 7.14 -40.55 39.14
14:14:25 18.29 7.30 -40.56 39.31
14:14:25 18.46 6.93 -40.01 39.29
14:14:26 18.13 6.96 -40.28 39.20
14:14:26 18.29 7.43 -40.05 39.12
14:14:26 18.29 7.08 -39.76 39.12
14:14:27 18.29 7.27 -40.03 39.34
14:14:27 18.46 6.95 -40.28 38.98
14:14:27 18.29 7.23 -39.51 39.07
14:14:27 18.46 7.10 -40.02 39.20
14:14:28 18.13 7.25 -39.77 39.45
14:14:28 17.80 7.13 -40.29 39.51
14:14:28 17.96 7.29 -40.30 39.49
14:14:28 17.96 7.44 -40.05 39.62
14:14:29 18.29 7.43 -40.05 39.47
14:14:29 18.29 7.45 -40.31 39.45
14:14:29 18.30 6.79 -40.27 39.60
14:14:30 18.12 7.47 -40.57 39.91
14:14:30 18.29 7.46 -40.57 39.93
14:14:30 18.13 7.22 -39.25 39.98
14:14:30 17.96 7.26 -39.77 40.04
14:14:31 18.29 7.07 -39.50 40.09
14:14:31 18.12 7.42 -39.78 40.27
14:14:31 17.96 7.58 -39.79 40.24
14:14:31 18.13 7.27 -40.04 40.42
14:14:32 17.79 7.56 -39.27 40.64
14:14:32 18.29 7.53 -39.01 40.55
14:14:32 17.95 7.78 -40.33 40.49
14:14:32 18.61 7.57 -39.79 41.04
14:14:33 17.94 8.09 -40.09 40.55
14:14:33 18.28 7.59 -40.06 40.75
14:14:33 18.12 7.75 -39.80 40.88
14:14:34 18.27 8.09 -40.09 40.77
14:14:34 17.95 7.93 -40.08 40.64
14:14:34 18.44 7.90 -39.81 40.73
14:14:34 17.95 7.75 -39.80 41.08
14:14:35 18.28 7.91 -39.81 41.11
14:14:35 18.11 7.93 -40.08 41.17
14:14:35 18.28 7.92 -40.08 41.37
14:14:35 18.11 8.22 -39.57 41.37
14:14:36 18.12 7.73 -39.54 41.46
14:14:36 17.95 8.08 -39.83 41.44
14:14:36 17.78 7.92 -39.82 41.24
14:14:37 18.44 8.22 -39.57 41.50
14:14:37 18.45 7.72 -39.54 41.46
14:14:37 18.11 8.21 -39.31 41.81
14:14:37 18.10 8.35 -39.06 41.79
14:14:38 18.10 8.35 -39.06 41.77
14:14:38 17.94 8.23 -39.57 41.86
14:14:38 18.43 8.36 -39.32 41.77
14:14:38 18.26 8.56 -39.86 41.75
14:14:39 18.43 8.38 -39.58 42.01
14:14:39 17.77 8.52 -39.07 42.23
14:14:39 17.94 8.54 -39.33 42.48
14:14:40 18.10 8.39 -39.58 42.39
14:14:40 18.43 8.38 -39.58 42.50
14:14:40 17.94 8.54 -39.33 42.57
14:14:40 18.27 8.50 -38.81 42.63
14:14:41 18.59 8.67 -39.08 42.68
14:14:41 18.10 8.53 -39.33 42.85
14:14:41 18.59 8.66 -38.82 42.74
14:14:41 18.09 9.03 -39.36 43.14
14:14:42 17.93 8.70 -39.34 43.14
14:14:42 18.43 8.53 -39.33 43.27
14:14:42 17.92 9.19 -39.37 43.27
14:14:43 17.60 8.66 -38.56 43.30
14:14:43 18.26 8.84 -39.09 43.30
14:14:43 17.93 8.82 -38.57 42.99
14:14:43 18.26 8.84 -39.09 42.99
14:14:44 17.94 8.52 -39.07 42.63
14:14:44 18.10 8.70 -39.34 42.77
14:14:44 18.11 8.19 -39.05 42.70
14:14:44 18.43 8.36 -39.32 42.59
14:14:45 17.93 8.90 -39.88 42.92
14:14:45 18.43 8.53 -39.33 43.01
14:14:45 18.09 9.03 -39.36 43.23
14:14:45 17.93 8.69 -39.08 43.30
14:14:46 18.10 8.70 -39.34 43.21
14:14:46 18.10 8.65 -38.56 43.43
14:14:46 18.41 9.32 -38.86 43.61
14:14:47 18.09 9.01 -39.10 43.89
14:14:47 18.09 8.86 -39.35 43.83
14:14:47 17.93 8.98 -38.58 44.07
14:14:47 18.10 8.70 -39.34 43.96
14:14:48 17.92 9.19 -39.37 43.98
14:14:48 17.75 9.49 -38.87 43.94
14:14:48 17.76 9.20 -39.37 43.94
14:14:49 18.09 8.85 -39.09 43.89
14:14:49 18.59 8.85 -39.35 43.78
14:14:49 18.58 9.18 -39.37 43.81
14:14:49 18.10 8.63 -38.30 43.76
14:14:50 17.76 9.31 -38.60 44.12
14:14:50 17.92 9.16 -38.85 44.23
14:14:50 17.59 9.20 -39.37 44.38
14:14:50 17.60 8.86 -39.09 44.09
14:14:51 18.26 8.99 -38.84 44.40
14:14:51 18.08 9.64 -38.62 44.27
14:14:51 17.59 9.51 -39.13 44.16
14:14:51 17.92 9.31 -38.60 44.56
14:14:52 17.92 9.16 -38.85 44.71
14:14:52 18.25 9.34 -39.12 44.67
14:14:52 18.25 9.29 -38.34 44.78
14:14:53 18.24 9.66 -39.14 44.78
14:14:53 18.24 9.63 -38.62 44.98
14:14:53 17.75 9.48 -38.61 45.00
14:14:53 17.91 9.65 -38.88 45.09
14:14:54 18.41 9.66 -39.14 45.31
14:14:54 17.91 9.84 -39.15 45.27
14:14:54 18.08 9.64 -38.62 45.13
14:14:54 18.41 9.45 -38.35 45.60
14:14:55 18.24 9.65 -38.88 45.31
14:14:55 18.24 9.78 -38.37 45.46
14:14:55 17.92 9.47 -38.61 45.38
14:14:56 18.41 9.63 -38.62 45.49
14:14:56 17.91 9.62 -38.36 45.64
14:14:56 18.24 9.78 -38.37 45.69
14:14:56 18.24 9.62 -38.36 45.64
14:14:57 18.24 9.80 -38.63 45.91
14:14:57 18.23 10.14 -38.91 45.86
14:14:57 17.75 9.77 -38.11 45.75
14:14:57 17.75 9.48 -38.61 46.00
14:14:58 17.91 9.80 -38.63 45.97
14:14:58 17.58 9.63 -38.36 46.00
14:14:58 17.41 10.27 -38.14 45.93
14:14:58 17.75 9.61 -38.10 46.19
14:14:59 17.74 9.90 -37.60 46.04
14:14:59 17.25 9.78 -38.11 46.15
14:14:59 17.90 10.11 -38.39 46.17
14:15:00 17.58 9.81 -38.63 46.33
14:15:00 18.07 10.14 -38.91 46.33
14:15:00 18.08 9.78 -38.37 46.19
14:15:00 18.23 10.11 -38.39 46.39
14:15:01 18.07 9.96 -38.64 46.39
14:15:01 17.90 10.30 -38.66 46.37
14:15:01 18.24 9.93 -38.12 46.48
14:15:01 18.07 9.95 -38.38 46.48
14:15:02 17.59 9.60 -37.84 46.57
14:15:02 17.90 10.13 -38.65 46.24
14:15:02 17.90 10.30 -38.66 46.19
14:15:03 17.74 10.13 -38.65 46.06
14:15:03 18.40 10.10 -38.39 46.24
14:15:03 17.91 9.93 -38.12 46.11
14:15:03 18.24 9.78 -38.37 46.35
14:15:04 17.74 10.12 -38.39 46.15
