14:19:20 18.38 -0.84 -46.59 11.95
14:19:20 18.85 -1.15 -46.84 11.92
14:19:20 18.69 -0.53 -46.60 11.68
14:19:21 19.01 -0.86 -46.33 11.77
14:19:21 18.69 -0.84 -46.59 12.06
14:19:21 18.70 -0.86 -46.08 11.79
14:19:21 18.85 -0.69 -46.60 11.88
14:19:22 18.38 -0.66 -47.11 12.01
14:19:22 19.16 -1.01 -46.58 11.90
14:19:22 18.54 -0.69 -46.34 12.06
14:19:22 18.85 -0.68 -46.85 11.88
14:19:23 18.69 -0.55 -46.09 12.12
14:19:23 18.70 -0.86 -46.08 11.92
14:19:23 19.01 -1.18 -46.07 12.04
14:19:24 19.00 -0.99 -47.10 11.90
14:19:24 18.53 -0.37 -46.61 12.26
14:19:24 19.00 -0.69 -46.60 12.12
14:19:24 18.85 -0.99 -46.84 11.92
14:19:25 18.53 -0.52 -46.86 11.99
14:19:25 18.69 -0.37 -46.61 12.04
14:19:25 18.22 -0.23 -46.10 12.35
14:19:25 18.38 -0.07 -46.11 12.79
14:19:26 19.00 -0.23 -46.10 12.88
14:19:26 18.84 -0.05 -46.62 13.38
14:19:26 18.99 0.71 -45.88 13.38
14:19:27 18.84 0.25 -46.37 13.54
14:19:27 18.83 1.03 -46.15 13.76
14:19:27 18.68 0.56 -46.13 14.05
14:19:27 18.83 0.73 -46.39 14.18
14:19:28 18.68 0.70 -45.62 14.42
14:19:28 18.99 0.72 -46.14 14.56
14:19:28 18.68 1.03 -46.15 14.85
14:19:28 18.98 1.50 -45.91 14.76
14:19:29 18.84 1.01 -45.38 15.00
14:19:29 18.98 1.66 -46.17 15.27
14:19:29 19.14 1.64 -45.66 15.11
14:19:30 18.67 1.35 -46.16 15.53
14:19:30 18.67 1.95 -45.41 15.58
14:19:30 18.82 1.97 -45.93 15.84
14:19:30 18.82 2.12 -45.67 15.97
14:19:31 18.98 2.26 -45.17 16.04
14:19:31 18.83 2.23 -44.40 16.24
14:19:31 18.67 2.10 -45.16 16.31
14:19:31 19.13 2.41 -45.17 16.55
14:19:32 19.60 2.25 -45.16 16.66
14:19:32 19.28 2.89 -45.19 16.92
14:19:32 18.66 3.06 -45.45 17.10
14:19:32 18.97 3.22 -45.46 17.21
14:19:33 18.97 3.39 -45.98 17.32
14:19:33 18.81 3.36 -44.95 17.39
14:19:33 19.28 3.83 -44.97 17.70
14:19:34 18.81 3.21 -45.20 17.88
14:19:34 19.12 3.86 -45.99 18.03
14:19:34 19.12 3.99 -44.97 18.10
14:19:34 18.81 3.65 -44.45 18.38
14:19:35 19.28 3.82 -44.71 18.16
14:19:35 19.12 3.98 -44.72 18.30
14:19:35 19.27 3.99 -45.23 18.52
14:19:35 19.12 4.28 -44.47 18.67
14:19:36 19.12 3.98 -44.72 18.89
14:19:36 19.27 4.30 -44.98 19.05
14:19:36 18.96 4.62 -45.00 18.98
14:19:37 18.96 4.44 -44.48 18.89
14:19:37 19.27 3.99 -45.23 18.69
14:19:37 19.11 4.45 -44.73 18.96
14:19:37 18.80 4.59 -44.23 19.03
14:19:38 19.27 4.60 -44.48 18.85
14:19:38 18.80 4.76 -44.49 19.25
14:19:38 18.96 4.61 -44.74 19.49
14:19:38 19.11 4.93 -45.01 19.27
14:19:39 19.43 4.59 -44.22 19.54
14:19:39 18.96 4.61 -44.74 19.65
14:19:39 19.42 4.90 -44.24 19.58
14:19:40 19.42 4.79 -45.51 19.87
14:19:40 19.11 5.24 -44.76 20.04
14:19:40 19.11 5.23 -44.51 19.96
14:19:40 18.95 5.71 -44.52 20.35
14:19:41 19.11 5.39 -44.51 20.62
14:19:41 18.95 5.53 -44.00 20.42
14:19:41 18.95 5.52 -43.75 20.60
14:19:41 19.11 5.22 -44.25 20.46
14:19:42 19.10 5.71 -44.52 20.62
14:19:42 19.26 5.86 -44.53 20.71
14:19:42 18.95 5.85 -44.02 21.04
14:19:43 19.42 5.52 -43.75 21.13
14:19:43 19.26 6.17 -44.28 21.19
14:19:43 18.80 5.67 -43.50 21.39
14:19:43 19.57 6.15 -43.77 21.62
14:19:44 18.95 6.13 -43.00 21.66
14:19:44 19.10 6.31 -43.78 21.84
14:19:44 19.10 6.30 -43.52 22.01
14:19:44 19.56 6.46 -43.78 22.17
14:19:45 19.25 6.94 -43.80 22.37
14:19:45 19.40 7.11 -44.06 22.46
14:19:45 19.09 7.09 -43.55 22.61
14:19:46 19.09 7.74 -44.08 22.72
14:19:46 19.25 7.24 -43.30 22.77
14:19:46 19.56 7.55 -43.31 23.03
14:19:46 19.25 7.40 -43.56 23.10
14:19:47 19.09 7.26 -43.81 23.38
14:19:47 19.24 7.72 -43.57 23.52
14:19:47 18.93 7.73 -43.83 23.52
14:19:47 19.09 7.87 -43.32 23.54
14:19:48 19.09 7.86 -43.06 23.65
14:19:48 19.40 7.86 -43.06 23.58
14:19:48 19.25 7.52 -42.28 23.56
14:19:49 19.24 7.86 -43.06 23.50
14:19:49 19.09 8.16 -42.56 23.69
14:19:49 18.77 8.03 -43.33 23.67
14:19:49 19.09 7.86 -43.06 23.54
14:19:50 19.08 8.04 -43.58 23.56
14:19:50 19.86 8.18 -43.33 24.00
14:19:50 19.24 8.50 -43.34 24.00
14:19:50 19.39 8.34 -43.34 24.25
14:19:51 19.39 8.17 -43.07 24.56
14:19:51 18.93 8.16 -42.56 24.60
14:19:51 19.23 8.95 -42.59 24.91
14:19:51 19.55 8.63 -42.58 25.04
14:19:52 19.39 8.81 -43.10 25.07
14:19:52 19.54 8.94 -42.59 25.33
14:19:52 19.70 8.95 -42.85 25.33
14:19:53 18.92 9.29 -43.12 25.69
14:19:53 19.54 9.27 -42.86 25.58
14:19:53 19.23 9.40 -42.09 25.62
14:19:53 19.23 9.59 -42.87 25.77
14:19:54 19.69 9.58 -42.87 25.82
14:19:54 18.76 9.72 -42.11 26.06
14:19:54 19.54 9.58 -42.61 26.00
14:19:54 19.38 9.56 -42.10 26.06
14:19:55 19.54 9.42 -42.61 26.06
14:19:55 19.69 9.71 -42.10 26.19
14:19:55 19.69 9.57 -42.36 26.35
14:19:56 19.38 9.88 -42.37 26.19
14:19:56 19.54 9.56 -42.10 26.24
14:19:56 19.07 9.90 -42.63 26.08
14:19:56 19.54 9.43 -42.86 26.02
14:19:57 19.69 9.88 -42.37 26.11
14:19:57 19.53 9.90 -42.88 26.04
14:19:57 19.54 9.58 -42.61 26.08
14:19:57 19.07 9.90 -42.63 26.06
14:19:58 19.07 9.57 -42.36 26.11
14:19:58 19.23 9.73 -42.36 26.11
14:19:58 19.85 9.71 -42.10 26.17
14:19:59 19.69 9.74 -42.87 26.44
14:19:59 19.38 10.05 -42.63 26.57
14:19:59 18.92 9.73 -42.36 26.55
14:19:59 19.84 10.35 -42.38 26.84
14:20:00 19.84 10.35 -42.13 27.04
14:20:00 19.38 10.35 -42.13 27.12
14:20:00 19.53 10.81 -41.89 27.54
14:20:00 19.69 10.35 -42.13 27.46
14:20:01 19.68 10.97 -41.89 27.61
14:20:01 19.22 10.35 -42.13 27.32
14:20:01 19.53 10.97 -41.89 27.41
14:20:01 19.37 10.84 -42.66 27.54
14:20:02 19.84 10.81 -41.89 27.46
14:20:02 19.69 10.64 -41.63 27.50
14:20:02 19.53 10.97 -41.89 27.30
14:20:03 19.68 10.66 -42.14 27.50
14:20:03 19.37 10.67 -42.14 27.59
14:20:03 19.68 11.12 -41.64 27.85
14:20:03 19.68 10.97 -41.89 27.88
14:20:04 19.53 10.82 -42.15 27.92
14:20:04 19.37 10.81 -41.63 27.94
14:20:04 19.37 10.82 -42.15 27.74
14:20:04 19.53 10.82 -42.15 27.92
14:20:05 19.99 11.13 -42.16 28.08
14:20:05 19.83 11.29 -42.16 28.34
14:20:05 19.68 11.13 -41.90 28.45
14:20:06 19.37 11.31 -42.42 28.58
14:20:06 19.83 11.44 -41.91 28.85
14:20:06 19.67 11.63 -42.69 28.85
14:20:06 19.83 11.90 -41.41 29.03
14:20:07 19.83 12.07 -41.93 29.27
14:20:07 19.83 11.92 -41.93 29.36
14:20:07 19.36 12.23 -41.68 29.51
14:20:07 19.36 12.22 -41.43 29.42
14:20:08 19.67 12.21 -41.17 29.58
14:20:08 19.67 12.06 -41.42 29.40
14:20:08 19.98 12.05 -41.42 29.56
14:20:09 19.67 11.91 -41.67 29.58
14:20:09 19.36 12.06 -41.42 29.40
14:20:09 19.52 12.04 -40.91 29.54
14:20:09 19.83 11.75 -41.67 29.38
14:20:10 19.67 12.04 -40.91 29.58
14:20:10 19.52 12.06 -41.42 29.40
14:20:10 20.14 12.07 -41.93 29.89
14:20:10 19.83 12.51 -40.92 29.96
14:20:11 19.98 12.53 -41.44 30.04
14:20:11 19.83 12.22 -41.68 30.35
14:20:11 19.35 13.16 -41.21 30.44
14:20:12 19.82 12.83 -40.94 30.77
14:20:12 19.82 12.67 -40.93 30.84
14:20:12 19.82 13.31 -41.21 31.13
14:20:12 19.97 13.46 -40.96 31.33
14:20:13 19.51 13.45 -40.70 31.17
14:20:13 19.97 13.14 -40.95 31.35
14:20:13 20.12 13.76 -40.71 31.37
14:20:13 19.97 13.32 -41.47 31.50
14:20:14 19.20 13.47 -40.96 31.48
14:20:14 19.66 13.29 -40.70 31.68
14:20:14 20.12 13.93 -40.98 31.70
14:20:15 19.82 13.61 -40.71 32.21
14:20:15 19.66 13.44 -40.45 32.10
14:20:15 19.97 13.75 -40.46 32.28
14:20:15 20.13 13.61 -40.96 32.43
14:20:16 20.12 14.07 -40.47 32.57
14:20:16 19.97 14.23 -40.47 32.59
14:20:16 20.28 14.37 -40.22 32.92
14:20:16 19.81 13.77 -40.71 32.92
14:20:17 20.58 14.53 -40.23 33.01
14:20:17 19.97 14.38 -40.22 33.23
14:20:17 20.28 14.24 -40.73 33.23
14:20:17 19.97 14.23 -40.47 33.30
14:20:18 20.12 14.38 -40.22 33.63
14:20:18 19.96 14.69 -40.24 33.72
14:20:18 19.65 14.71 -40.49 33.47
14:20:19 20.12 14.84 -39.98 33.63
14:20:19 20.27 14.69 -40.23 33.81
14:20:19 20.12 14.84 -39.98 34.09
14:20:19 20.11 15.17 -40.25 34.31
14:20:20 20.27 15.03 -40.76 34.16
14:20:20 20.43 14.84 -39.98 34.38
14:20:20 20.27 14.85 -40.24 34.18
14:20:20 19.80 15.34 -40.52 34.07
14:20:21 20.11 15.03 -40.76 34.31
14:20:21 20.12 14.71 -40.75 34.14
14:20:21 19.96 14.69 -40.24 34.18
14:20:22 20.12 14.99 -39.73 34.14
14:20:22 19.96 15.02 -40.50 34.18
14:20:22 20.12 14.55 -40.74 33.94
14:20:22 19.96 14.86 -40.50 34.05
14:20:23 20.26 15.49 -40.52 34.40
14:20:23 20.26 15.65 -40.53 34.47
14:20:23 19.80 15.34 -40.52 34.82
14:20:23 20.26 15.63 -40.01 35.04
14:20:24 20.27 15.48 -40.26 35.02
14:20:24 20.27 15.32 -40.26 35.00
14:20:24 20.11 15.45 -39.49 35.15
14:20:25 20.42 15.62 -39.75 34.98
14:20:25 20.12 15.00 -39.99 34.93
14:20:25 20.11 15.31 -39.74 34.85
14:20:25 20.58 15.61 -39.50 34.96
14:20:26 20.26 15.64 -40.27 35.00
14:20:26 20.42 15.32 -40.26 35.07
14:20:26 20.27 15.31 -40.00 34.82
14:20:26 20.27 15.15 -39.74 34.76
14:20:27 19.96 15.32 -40.00 34.98
14:20:27 20.27 15.45 -39.49 35.02
14:20:27 19.80 15.79 -40.02 35.13
14:20:28 19.95 15.48 -40.26 34.76
14:20:28 20.11 15.95 -40.02 35.24
14:20:28 20.11 15.63 -40.01 35.27
14:20:28 20.11 15.77 -39.51 35.38
14:20:29 20.11 15.76 -39.25 35.40
14:20:29 20.27 15.32 -40.26 35.58
14:20:29 20.11 15.64 -40.27 35.64
14:20:29 20.26 16.26 -40.03 35.60
14:20:30 20.26 15.92 -39.25 35.60
14:20:30 20.11 15.62 -39.76 35.84
14:20:30 20.11 15.63 -40.01 35.73
14:20:30 20.10 16.11 -40.29 35.64
14:20:31 20.26 15.79 -40.02 35.91
14:20:31 20.57 15.78 -40.02 36.00
14:20:31 19.95 16.12 -40.29 35.97
14:20:32 20.11 16.09 -39.52 36.35
14:20:32 20.26 16.25 -39.78 36.17
14:20:32 20.10 16.25 -39.78 36.37
14:20:32 19.95 16.25 -39.52 36.55
14:20:33 20.10 16.88 -39.55 36.35
14:20:33 20.41 16.39 -39.27 36.62
14:20:33 20.42 16.10 -40.03 36.66
14:20:33 20.10 16.24 -39.52 36.62
14:20:34 20.57 16.39 -39.27 36.33
14:20:34 20.10 16.55 -39.28 36.59
14:20:34 20.41 16.56 -39.53 36.66
14:20:35 20.10 16.53 -38.76 36.88
14:20:35 20.41 16.85 -39.03 37.08
14:20:35 20.10 17.03 -39.29 37.04
14:20:35 20.10 16.56 -39.53 37.21
14:20:36 20.10 17.03 -39.55 37.50
14:20:36 20.56 17.47 -38.54 37.72
14:20:36 20.56 17.17 -39.04 37.63
14:20:36 20.26 16.86 -39.03 37.99
14:20:37 20.57 16.83 -38.26 38.05
14:20:37 20.10 17.01 -38.78 38.21
14:20:37 20.72 17.17 -39.04 38.05
14:20:38 20.40 17.35 -39.56 37.85
14:20:38 19.94 17.33 -39.05 37.54
14:20:38 19.94 17.33 -39.05 37.81
14:20:38 20.25 17.34 -39.31 37.54
14:20:39 20.41 17.16 -38.79 37.54
14:20:39 20.10 17.16 -38.79 37.68
14:20:39 20.56 17.49 -39.05 38.32
14:20:39 20.56 17.62 -38.55 38.43
14:20:40 19.94 17.63 -38.55 38.61
14:20:40 19.94 17.80 -38.81 38.65
14:20:40 20.71 17.65 -39.32 38.67
14:20:41 20.25 17.96 -39.07 38.94
14:20:41 20.09 18.12 -39.08 38.92
14:20:41 20.40 17.79 -38.81 38.94
14:20:41 20.56 17.80 -39.07 38.92
14:20:42 20.24 17.97 -39.33 39.16
14:20:42 20.71 18.42 -38.83 39.09
14:20:42 20.24 18.27 -38.83 38.87
14:20:42 20.40 17.78 -38.30 39.45
14:20:43 20.09 18.08 -38.05 39.12
14:20:43 20.55 18.41 -38.58 39.42
14:20:43 20.24 18.26 -38.57 39.25
14:20:44 20.71 18.42 -38.83 39.25
14:20:44 20.71 18.11 -38.82 39.31
14:20:44 20.71 18.25 -38.31 39.65
14:20:44 20.24 18.56 -38.07 39.54
14:20:45 20.40 18.57 -38.58 39.47
14:20:45 19.93 18.44 -39.09 39.12
14:20:45 20.55 18.41 -38.58 39.18
14:20:45 19.93 18.74 -38.59 39.18
14:20:46 20.55 18.14 -39.59 39.34
14:20:46 20.40 18.57 -38.58 39.18
14:20:46 20.25 18.09 -38.31 39.40
14:20:46 20.09 18.57 -38.33 39.65
14:20:47 20.40 18.27 -38.83 39.49
14:20:47 20.40 18.57 -38.32 39.60
14:20:47 21.01 18.89 -38.85 39.76
14:20:48 20.70 19.20 -38.60 39.91
14:20:48 20.55 18.72 -38.33 40.18
14:20:48 20.55 18.90 -38.85 40.27
14:20:48 20.70 19.18 -37.83 40.18
14:20:49 20.24 18.42 -38.58 40.09
14:20:49 20.55 18.58 -38.84 40.02
14:20:49 20.08 18.74 -38.59 39.96
14:20:49 20.86 18.90 -38.85 40.13
14:20:50 20.71 18.72 -38.33 39.98
14:20:50 20.55 19.04 -38.34 40.18
14:20:50 20.86 19.03 -38.34 40.11
14:20:51 20.39 18.89 -38.59 39.82
14:20:51 20.55 18.88 -38.34 40.00
14:20:51 20.40 18.56 -38.07 39.98
14:20:51 20.39 18.74 -38.84 40.11
14:20:52 20.70 19.04 -38.34 40.31
14:20:52 20.55 19.02 -37.83 40.27
14:20:52 20.70 18.90 -38.85 40.49
14:20:52 20.40 18.86 -37.82 40.31
14:20:53 20.09 18.58 -38.58 40.46
14:20:53 20.39 18.89 -38.59 40.13
14:20:53 20.70 19.05 -38.60 40.46
14:20:54 20.55 19.03 -38.08 40.15
14:20:54 20.55 19.34 -38.10 40.18
14:20:54 20.39 19.19 -38.09 40.42
14:20:54 20.70 18.88 -38.34 40.18
14:20:55 20.70 19.05 -38.60 40.22
14:20:55 20.08 18.91 -39.11 40.18
14:20:55 20.55 19.34 -37.84 40.09
14:20:55 20.55 19.04 -38.34 40.24
14:20:56 20.39 19.18 -37.83 40.00
14:20:56 20.71 18.41 -38.57 39.85
14:20:56 20.86 18.56 -38.32 40.33
14:20:57 20.39 19.06 -38.86 40.20
14:20:57 20.70 19.03 -38.08 40.40
14:20:57 20.39 19.35 -38.10 40.62
14:20:57 20.54 19.49 -37.85 40.91
14:20:58 20.70 19.35 -38.35 40.73
14:20:58 20.39 19.36 -38.61 40.84
14:20:58 20.55 19.03 -38.08 40.95
14:20:58 20.39 19.36 -38.35 40.82
14:20:59 20.55 19.33 -37.58 40.86
14:20:59 20.70 19.35 -38.35 40.95
14:20:59 20.23 19.52 -38.62 40.82
14:21:00 20.54 19.50 -38.10 40.84
14:21:00 20.23 19.50 -37.85 40.93
14:21:00 20.39 19.36 -38.35 40.64
14:21:00 20.70 19.66 -38.11 40.80
14:21:01 20.24 19.19 -38.09 40.86
14:21:01 20.55 19.03 -38.08 40.71
14:21:01 20.24 19.34 -37.84 40.75
14:21:01 20.08 19.50 -37.85 40.93
14:21:02 20.70 19.48 -37.59 40.88
14:21:02 20.08 19.34 -37.84 40.95
14:21:02 20.23 19.37 -38.61 41.04
14:21:02 20.39 19.17 -37.58 40.93
14:21:03 20.54 19.66 -38.11 41.02
14:21:03 20.54 19.64 -37.59 41.04
14:21:03 20.39 19.50 -38.10 40.93
14:21:04 20.55 19.34 -38.10 40.66
14:21:04 20.23 19.64 -37.60 40.80
14:21:04 20.70 19.64 -37.59 41.08
14:21:04 20.54 19.98 -38.12 41.17
14:21:05 20.70 19.82 -38.11 41.17
14:21:05 20.23 19.80 -37.60 41.22
14:21:05 20.54 19.82 -38.11 41.24
14:21:05 20.54 19.99 -38.38 41.28
14:21:06 20.38 20.13 -37.87 41.42
14:21:06 20.70 19.97 -37.86 41.31
14:21:06 20.39 19.66 -38.11 41.28
14:21:07 20.39 19.81 -37.86 41.70
14:21:07 20.39 19.64 -37.60 41.64
14:21:07 20.54 19.80 -37.60 41.55
14:21:07 20.54 20.12 -37.61 41.75
14:21:08 20.70 19.65 -37.85 41.66
14:21:08 20.38 19.97 -37.86 41.57
14:21:08 20.85 19.94 -37.09 41.73
14:21:08 20.85 20.13 -38.12 41.77
14:21:09 20.54 19.63 -37.34 41.57
14:21:09 20.38 20.14 -38.13 41.57
14:21:09 20.38 20.15 -38.38 41.66
14:21:10 20.69 20.11 -37.61 41.46
14:21:10 20.70 19.97 -37.86 41.57
14:21:10 20.39 19.63 -37.34 41.39
14:21:10 20.38 20.46 -38.39 41.70
14:21:11 21.01 19.82 -38.37 41.90
14:21:11 20.85 20.13 -38.12 41.97
14:21:11 20.54 20.27 -37.62 41.95
14:21:11 20.54 20.27 -37.62 42.08
14:21:12 20.69 20.58 -37.37 42.06
14:21:12 20.69 20.26 -37.36 42.37
14:21:12 20.53 20.60 -37.89 42.32
14:21:13 20.07 20.75 -37.64 42.26
14:21:13 20.54 20.58 -37.37 42.43
14:21:13 20.69 20.11 -37.61 42.39
14:21:13 20.53 20.59 -37.63 42.26
14:21:14 20.23 20.27 -37.36 42.23
14:21:14 20.70 19.95 -37.35 42.26
14:21:14 20.38 19.97 -37.86 42.43
14:21:14 20.84 20.75 -37.63 42.15
14:21:15 20.69 20.58 -37.37 42.68
14:21:15 20.85 20.59 -37.63 42.37
14:21:15 20.54 20.73 -37.12 42.32
14:21:15 20.54 20.40 -36.85 42.52
14:21:16 20.38 20.90 -37.38 42.61
14:21:16 20.53 20.75 -37.64 42.57
14:21:16 20.69 20.91 -37.90 42.59
14:21:17 20.69 20.75 -37.63 42.46
14:21:17 20.69 20.45 -38.14 42.54
14:21:17 20.38 20.74 -37.38 42.57
14:21:17 20.53 20.59 -37.63 42.35
14:21:18 20.38 20.60 -37.89 42.23
14:21:18 20.84 20.91 -37.90 42.59
14:21:18 20.68 21.21 -37.40 42.59
14:21:19 20.69 20.58 -37.37 42.77
14:21:19 20.85 20.24 -36.85 42.70
14:21:19 20.85 20.58 -37.37 42.79
14:21:19 20.69 20.75 -37.63 42.83
14:21:20 20.85 20.72 -36.86 42.81
14:21:20 21.15 21.04 -37.13 42.88
14:21:20 20.69 20.44 -37.88 42.99
14:21:20 21.00 20.72 -36.86 43.05
14:21:21 20.69 20.26 -37.36 42.83
14:21:21 20.53 20.75 -37.64 43.05
14:21:21 20.53 20.89 -37.13 42.85
14:21:21 21.15 20.74 -37.63 43.19
14:21:22 20.69 21.19 -36.88 43.23
14:21:22 20.84 21.06 -37.65 43.36
14:21:22 20.69 20.90 -37.64 43.47
14:21:23 20.84 21.20 -37.14 43.72
14:21:23 20.38 21.07 -37.65 44.00
14:21:23 20.53 21.18 -36.63 43.78
14:21:23 20.84 21.52 -37.15 44.00
14:21:24 20.37 21.36 -37.15 43.85
14:21:24 20.99 21.36 -37.14 43.96
14:21:24 20.83 21.99 -37.17 44.09
14:21:24 20.68 21.54 -37.66 44.09
14:21:25 20.68 21.69 -37.41 44.03
14:21:25 20.69 21.49 -36.38 44.05
14:21:25 20.53 21.50 -36.64 44.14
14:21:26 21.15 21.83 -37.16 44.29
14:21:26 20.99 21.67 -37.15 44.29
14:21:26 20.84 21.36 -37.14 44.29
14:21:26 20.68 21.82 -36.65 44.34
14:21:27 20.83 21.98 -36.91 44.60
14:21:27 20.84 21.65 -36.39 44.23
14:21:27 20.84 21.66 -36.64 44.40
14:21:27 20.68 22.13 -36.66 44.65
14:21:28 20.99 22.13 -36.66 44.38
14:21:28 20.21 22.32 -37.44 44.73
14:21:28 21.14 21.84 -37.42 44.71
14:21:28 21.14 22.14 -36.92 44.73
14:21:29 21.14 22.14 -36.92 44.96
14:21:29 20.83 22.31 -37.18 45.15
14:21:29 20.52 22.29 -36.67 45.04
14:21:30 21.14 22.45 -36.93 45.13
14:21:30 20.84 21.97 -36.65 45.13
14:21:30 21.14 22.14 -36.92 45.24
14:21:30 20.83 22.60 -36.68 45.22
14:21:31 20.83 22.29 -36.67 45.29
14:21:31 20.67 22.47 -37.18 45.33
14:21:31 21.14 22.60 -36.68 45.40
14:21:31 21.14 22.28 -36.66 45.40
14:21:32 20.83 22.59 -36.42 45.40
14:21:32 20.99 22.30 -36.92 45.49
14:21:32 20.99 22.28 -36.41 45.53
14:21:33 20.83 22.62 -37.19 45.42
14:21:33 21.14 22.42 -36.16 45.46
14:21:33 20.83 22.28 -36.41 45.53
14:21:33 20.83 22.12 -36.40 45.66
14:21:34 21.14 22.74 -36.17 45.73
14:21:34 21.45 22.28 -36.66 45.64
14:21:34 21.14 22.60 -36.68 45.64
14:21:34 20.68 21.95 -36.14 45.84
14:21:35 20.68 22.29 -36.67 45.55
14:21:35 20.83 22.14 -36.92 45.40
14:21:35 20.99 22.57 -35.91 45.40
14:21:36 20.67 22.74 -36.17 45.35
14:21:36 20.98 22.46 -37.18 45.49
