31.35 -18.30 6.29 26.46
32.10 -20.25 2.66 26.55
30.45 -24.75 -0.48 26.55
32.40 -35.10 -4.11 26.50
31.35 -40.05 -5.08 26.46
34.80 -48.45 -2.90 26.48
38.85 -47.70 -2.18 26.48
37.35 -44.70 -2.90 26.37
37.80 -46.05 -5.32 26.44
30.90 -42.75 -6.29 26.42
30.60 -38.70 -2.90 26.48
32.10 -15.30 19.84 26.55
32.40 -13.20 65.82 26.57
35.25 -18.15 68.97 26.53
33.45 -31.35 80.10 26.46
34.35 -72.00 61.23 26.50
37.35 -89.55 45.50 26.59
33.60 -91.50 37.51 26.57
35.55 -81.75 5.81 26.55
37.35 -55.80 -3.39 26.44
32.70 -52.95 -4.11 26.39
34.95 -14.40 25.89 26.62
36.30 -8.55 49.61 26.42
33.15 -7.95 54.93 26.55
34.50 -30.75 79.86 26.42
35.55 -56.40 80.34 26.48
32.40 -57.45 80.83 26.44
31.50 -78.00 64.37 26.57
33.15 -92.10 38.24 26.53
29.70 -93.45 36.30 26.44
30.60 -84.45 7.99 26.39
32.70 -54.00 -4.84 26.50
31.80 -53.55 -5.81 26.55
31.80 -26.85 4.60 26.57
31.35 -4.35 34.85 26.50
28.65 -3.45 38.48 26.55
26.25 -3.45 39.93 26.46
24.90 -11.85 73.33 26.39
22.35 -36.30 82.52 26.37
19.35 -37.05 83.49 26.42
21.45 -68.55 72.12 26.55
22.35 -85.95 65.34 26.39
19.95 -87.60 61.23 26.46
19.35 -92.40 20.33 26.37
20.85 -88.95 15.25 26.50
20.55 -86.40 6.78 26.57
20.10 -53.25 -7.26 26.39
19.50 -29.10 -1.94 26.55
19.20 -23.85 3.63 26.50
20.40 -2.25 53.00 26.37
18.75 -5.25 55.18 26.57
17.70 -6.75 60.98 26.46
14.85 -42.00 84.94 26.44
13.50 -56.85 83.49 26.57
10.80 -56.55 83.49 26.46
10.95 -90.45 53.00 26.55
11.85 -93.75 52.03 26.46
11.10 -94.50 36.30 26.37
11.40 -76.50 -0.24 26.46
11.55 -72.90 0.73 26.50
11.70 -67.05 -6.78 26.44
10.95 -18.15 4.11 26.50
11.70 -17.55 4.11 26.42
11.85 -11.70 23.96 26.53
11.55 -8.55 63.40 26.55
13.05 -11.40 64.37 26.57
12.75 -15.60 75.99 26.53
12.00 -65.55 77.44 26.37
11.85 -72.90 79.13 26.37
10.35 -77.25 68.00 26.33
9.15 -91.35 17.91 26.48
7.65 -78.45 4.36 26.50
6.00 -74.25 1.45 26.46
5.10 -49.05 -4.36 26.57
3.45 -15.00 9.92 26.50
4.20 -12.15 13.07 26.42
4.20 -4.95 55.18 26.53
3.15 -19.50 73.57 26.44
3.15 -36.90 80.83 26.46
3.00 -37.65 80.83 26.57
2.40 -81.90 55.66 26.53
3.45 -93.15 45.50 26.44
4.05 -94.05 38.48 26.44
3.90 -76.20 -3.15 26.39
3.90 -60.75 -3.87 26.53
5.10 -57.60 -6.05 26.42
3.60 -12.75 24.44 26.59
3.15 -6.60 25.89 26.53
4.05 -5.40 30.98 26.46
3.75 -14.25 74.29 26.59
3.00 -27.00 76.96 26.53
3.45 -29.10 79.38 26.42
3.30 -70.95 68.00 26.55
3.60 -84.15 65.58 26.53
3.75 -86.85 59.29 26.62
2.55 -85.35 8.23 26.57
3.45 -80.55 7.26 26.57
4.95 -79.80 5.57 26.62
3.75 -41.85 0.00 26.48
2.40 -9.75 16.70 26.50
1.50 -9.60 18.39 26.39
-1.35 -8.40 60.50 26.46
-3.90 -17.70 65.82 26.53
-4.05 -20.10 69.94 26.44
-3.75 -51.60 75.26 26.66
-3.60 -70.95 74.29 26.59
-2.55 -73.80 70.18 26.35
-3.00 -90.00 26.86 26.39
-0.15 -90.15 25.89 26.46
-0.15 -88.20 17.67 26.50
-0.45 -59.40 -4.11 26.64
-0.15 -46.50 -5.08 26.66
-0.30 -39.90 1.45 26.68
-0.60 -6.00 35.82 26.64
0.75 -5.40 37.27 26.59
-0.45 -13.35 75.26 26.57
-0.30 -34.35 79.62 26.55
1.35 -34.50 79.62 26.57
1.35 -45.75 77.92 26.55
0.30 -83.55 65.34 26.57
2.25 -83.70 64.61 26.42
1.35 -92.55 19.12 26.55
1.80 -87.90 17.67 26.50
2.40 -87.90 16.94 26.46
0.75 -59.10 -5.32 26.50
1.80 -45.45 -5.81 26.64
2.70 -43.50 -5.32 26.57
2.70 -6.90 26.14 26.55
3.00 -6.00 27.35 26.62
3.15 -5.55 30.49 26.50
2.70 -25.65 79.13 26.53
5.25 -39.00 82.52 26.50
6.30 -40.65 83.25 26.46
6.45 -91.05 53.00 26.62
9.30 -93.75 46.46 26.57
8.40 -94.65 39.93 26.46
8.10 -70.20 -0.97 26.57
9.15 -68.55 -2.42 26.59
9.15 -62.25 -6.53 26.35
8.25 -25.50 -1.21 26.66
10.95 -21.60 1.69 26.57
10.05 -13.95 26.38 26.64
9.30 -14.10 68.00 26.70
12.15 -15.60 69.94 26.59
13.20 -41.55 82.52 26.57
15.90 -66.00 81.55 26.44
17.85 -63.75 81.80 26.57
20.55 -90.00 42.83 26.70
19.65 -94.95 38.72 26.64
21.00 -95.25 33.64 26.62
20.10 -62.25 -5.32 26.64
22.50 -59.40 -6.29 26.59
22.20 -54.15 -7.02 26.53
19.05 -2.85 29.52 26.55
20.10 -2.70 31.94 26.57
19.95 -9.30 77.44 26.62
21.00 -62.85 79.13 26.62
22.95 -70.65 79.62 26.55
21.45 -77.55 61.71 26.53
21.90 -78.90 4.60 26.57
25.65 -77.25 3.15 26.55
23.25 -70.65 -5.57 26.57
20.70 -7.20 16.70 26.55
23.10 -6.45 18.63 26.66
21.30 -6.60 24.44 26.59
23.40 -35.70 82.52 26.62
31.50 -54.45 81.80 26.62
30.00 -52.20 82.04 26.53
29.40 -75.90 45.98 26.64
32.40 -88.20 18.39 26.55
32.25 -85.95 12.83 26.50
31.35 -22.20 7.74 26.53
32.70 -16.50 8.71 26.62
30.90 -10.80 38.24 26.57
30.90 -42.75 80.34 26.66
33.15 -47.10 81.55 26.55
32.70 -69.90 50.34 26.62
39.00 -87.75 27.10 26.64
38.10 -87.30 24.20 26.70
37.80 -57.90 -1.94 26.64
36.60 -29.55 1.45 26.62
35.55 -24.30 6.29 26.62
35.70 -10.35 55.18 26.53
35.70 -12.15 59.53 26.53
36.45 -51.45 77.44 26.59
37.50 -66.00 75.50 26.53
36.60 -72.45 47.67 26.64
40.20 -83.85 18.15 26.77
39.45 -77.10 -0.24 26.64
38.40 -43.65 -2.90 26.66
37.65 -18.60 22.51 26.59
38.40 -8.10 30.25 26.53
37.35 -21.30 67.03 26.62
36.30 -25.05 74.05 26.73
36.75 -62.40 76.71 26.55
36.15 -73.65 50.82 26.57
39.30 -88.65 32.43 26.66
35.40 -63.90 -1.21 26.57
35.25 -50.25 -3.63 26.73
35.10 -12.45 22.75 26.62
34.05 -13.65 68.73 26.46
35.85 -24.30 76.71 26.50
34.65 -57.75 79.62 26.59
33.90 -84.90 45.74 26.57
37.80 -90.15 29.04 26.73
36.30 -71.25 0.97 26.68
34.05 -26.70 9.44 26.55
33.45 -13.50 22.26 26.57
31.65 -13.50 66.79 26.77
28.80 -63.15 81.55 26.57
25.50 -72.60 57.35 26.62
25.95 -94.05 38.72 26.62
24.60 -74.25 -2.18 26.64
25.05 -37.50 -5.57 26.53
23.25 -25.80 2.18 26.73
24.45 -3.60 49.13 26.64
23.55 -41.25 83.25 26.70
22.35 -61.50 55.42 26.70
22.95 -94.95 32.67 26.70
18.60 -38.70 -7.26 26.68
14.55 -13.50 55.42 26.95
13.50 -8.10 66.55 26.79
13.20 -75.30 75.02 26.77
13.50 -84.00 6.78 26.64
12.45 -77.85 -3.39 26.59
11.10 -21.00 2.42 26.73
10.80 -6.15 57.84 26.39
11.40 -8.55 62.92 26.73
11.25 -51.60 84.22 26.79
12.90 -92.85 43.56 26.68
16.05 -95.10 41.38 26.48
18.60 -95.40 37.51 26.79
23.25 -90.90 13.07 26.57
27.60 -54.90 -4.60 26.53
31.65 -34.65 -4.11 26.50
29.10 -34.20 -3.63 26.81
32.10 -15.30 22.02 26.68
31.05 -8.85 57.35 26.57
28.35 -8.70 61.71 26.84
30.00 -54.30 75.02 26.62
30.90 -71.55 77.20 26.62
29.85 -65.25 78.41 26.79
36.30 -60.90 75.99 26.73
43.35 -61.95 71.87 26.73
47.40 -62.70 67.28 26.66
48.90 -66.00 63.16 26.84
51.00 -67.05 62.68 26.79
50.55 -69.15 61.47 26.53
50.70 -70.35 60.26 26.73
49.95 -74.10 55.90 26.53
50.10 -75.90 52.51 26.79
52.20 -74.70 50.58 26.90
53.40 -73.20 51.30 26.90
54.60 -71.40 51.79 26.88
54.75 -71.70 48.40 26.59
55.35 -73.20 29.28 26.79
55.80 -67.05 20.57 26.79
54.00 -67.05 16.94 26.81
54.75 -50.10 12.83 26.68
54.90 -30.75 19.60 26.73
54.45 -29.10 19.60 26.75
54.15 -22.20 45.01 26.62
54.15 -26.10 51.30 26.70
54.15 -26.25 54.93 26.75
55.80 -52.35 59.05 26.70
55.35 -66.30 54.69 26.70
54.30 -69.15 50.82 26.92
56.40 -68.25 18.88 26.81
56.10 -61.80 17.42 26.44
56.10 -57.60 15.49 26.88
56.70 -30.60 24.93 26.75
56.55 -28.95 24.20 26.55
56.40 -27.00 34.85 26.73
56.70 -31.35 52.03 26.90
56.85 -28.95 50.82 26.70
56.10 -39.00 61.47 26.53
56.10 -57.30 61.47 26.57
55.50 -58.35 60.98 26.64
55.50 -64.50 49.61 26.86
54.60 -74.10 38.48 26.75
55.35 -73.65 35.09 26.70
53.70 -60.00 14.76 26.81
53.40 -63.45 12.83 26.75
50.85 -61.05 6.29 26.66
48.45 -30.00 10.41 26.70
47.25 -30.60 7.74 26.64
47.40 -15.45 47.43 26.86
46.35 -13.35 43.32 26.70
45.00 -14.10 58.81 26.62
44.55 -45.45 72.84 26.75
45.15 -45.00 74.29 26.66
44.70 -82.80 54.69 26.68
44.25 -82.35 50.82 26.70
44.25 -75.45 15.25 26.64
43.35 -77.85 11.62 26.73
41.40 -23.55 6.78 26.77
41.85 -26.85 4.11 26.50
38.10 -10.20 46.22 26.77
37.95 -8.10 43.32 26.73
36.15 -12.90 77.20 26.66
35.40 -48.15 80.34 26.68
36.60 -57.90 64.37 26.64
37.80 -86.25 56.87 26.68
36.30 -89.25 17.67 26.81
37.65 -80.10 12.58 26.84
37.20 -68.70 -1.45 26.73
36.15 -35.85 -1.94 26.68
35.85 -15.00 31.94 26.55
34.95 -7.20 27.35 26.79
33.00 -4.95 60.26 26.68
30.90 -33.75 79.13 26.64
29.25 -33.75 80.83 26.68
29.40 -85.80 65.10 26.79
29.40 -86.85 56.14 26.86
26.85 -92.25 26.14 26.57
26.25 -91.80 16.21 26.92
25.65 -59.70 -4.84 26.73
27.60 -57.60 -4.84 26.75
26.40 -15.60 5.08 26.66
24.75 -17.55 4.60 26.79
21.75 -3.75 51.55 26.84
23.10 -3.60 48.88 26.84
19.05 -5.40 60.26 26.70
19.80 -14.25 68.97 26.84
19.95 -36.15 83.97 26.79
18.00 -83.25 68.97 26.79
21.00 -83.85 69.21 26.55
18.60 -90.60 44.29 26.88
20.55 -85.05 12.83 26.79
19.95 -86.70 7.74 26.48
20.55 -39.60 -7.02 26.92
18.15 -42.75 -6.29 26.84
17.70 -4.35 23.47 26.62
18.30 -6.00 20.09 26.75
14.85 -3.90 70.91 26.53
14.40 -19.20 74.29 26.79
13.50 -31.50 83.25 26.70
14.10 -62.85 82.52 26.70
13.05 -76.80 46.22 26.70
13.80 -95.40 37.99 26.81
13.50 -83.85 -5.08 26.68
15.30 -66.45 -3.87 26.84
12.90 -33.00 0.00 26.77
12.00 -28.05 -1.69 26.81
11.70 -3.30 33.88 26.95
11.85 -3.90 30.49 26.88
11.70 -17.40 70.18 26.86
10.35 -17.40 70.42 26.77
12.15 -18.90 73.08 26.77
12.90 -20.55 73.81 26.84
14.85 -24.45 82.76 26.73
14.10 -55.35 84.46 26.81
14.25 -54.60 83.73 26.79
16.05 -58.80 82.28 26.70
15.15 -92.55 56.63 26.70
16.35 -94.05 20.81 26.84
17.10 -75.45 0.48 26.75
17.55 -66.45 -6.29 26.81
17.10 -21.30 1.94 26.70
16.35 -23.55 -1.21 26.79
15.15 -25.95 -2.42 26.59
14.40 -25.50 -1.69 26.86
15.90 -12.90 43.32 26.81
15.30 -7.05 57.60 26.95
14.55 -9.60 68.73 26.88
16.80 -50.85 84.22 26.73
15.45 -52.20 84.46 26.92
17.25 -62.70 82.04 27.01
19.35 -59.70 83.01 26.92
18.15 -68.55 76.47 26.70
19.35 -94.95 43.32 26.86
20.10 -94.65 46.22 26.88
19.80 -95.10 25.89 26.90
20.10 -75.75 0.48 26.70
22.05 -75.00 0.48 26.73
23.85 -72.90 -1.69 26.66
22.35 -22.50 -1.21 26.75
22.65 -23.85 1.69 26.97
23.10 -3.15 31.94 26.88
22.80 -3.30 30.01 26.86
22.50 -5.40 68.49 26.68
22.50 -13.05 67.52 27.01
22.50 -25.50 83.73 26.86
23.25 -46.95 83.01 26.79
25.05 -54.15 81.31 26.88
24.75 -87.45 61.71 26.84
27.15 -89.85 45.98 26.84
28.95 -90.15 22.02 26.92
27.60 -84.30 -0.24 26.68
28.50 -58.65 -5.08 26.84
29.85 -51.15 -6.05 26.70
29.25 -15.90 5.57 26.77
31.50 -21.15 4.36 26.95
31.05 -5.55 40.66 26.95
31.80 -4.95 44.04 26.68
30.30 -31.05 76.47 26.97
29.25 -28.35 78.17 26.86
30.30 -67.50 78.89 26.86
32.25 -65.55 75.50 26.95
32.25 -92.40 42.11 26.79
31.05 -92.40 30.49 26.90
31.80 -70.65 0.97 26.88
33.00 -63.00 -2.90 26.79
34.50 -19.80 7.26 26.88
36.60 -20.55 13.31 26.59
35.85 -12.90 59.05 26.86
37.05 -14.40 63.40 26.99
37.50 -60.30 77.92 26.70
39.60 -61.80 69.70 26.77
40.95 -86.25 45.01 26.86
42.75 -84.60 13.55 26.88
44.55 -78.45 17.42 26.81
44.40 -42.30 2.18 26.92
45.15 -43.95 2.66 26.79
45.45 -13.20 30.98 26.81
48.90 -16.80 34.61 26.84
49.35 -26.70 59.29 26.86
49.95 -27.00 65.58 26.81
51.60 -53.10 66.31 26.84
52.65 -60.90 50.82 26.70
53.10 -73.95 49.13 26.92
54.30 -73.20 32.67 26.77
56.10 -66.60 23.47 26.86
57.15 -65.70 25.65 26.73
57.75 -63.00 25.17 27.01
59.55 -58.20 26.86 26.92
60.15 -59.25 24.68 26.88
59.25 -43.95 22.02 27.04
60.15 -42.90 24.44 26.84
59.55 -34.50 29.28 26.97
60.00 -32.55 43.32 26.99
59.70 -34.05 44.04 26.86
59.55 -43.80 53.48 26.70
59.70 -49.80 55.66 26.90
58.65 -66.90 40.41 26.92
59.10 -64.80 37.27 27.06
58.35 -60.75 22.02 27.10
57.90 -57.15 18.39 26.92
57.45 -38.70 18.63 26.88
57.15 -26.85 40.41 26.88
57.00 -26.40 40.90 26.88
55.95 -43.20 59.53 26.95
57.30 -45.60 58.56 26.75
55.80 -68.55 51.30 26.88
55.65 -72.00 21.30 26.88
55.95 -68.85 22.99 26.99
54.45 -47.10 11.86 26.75
55.20 -39.75 25.65 27.01
54.60 -24.45 27.59 26.77
54.00 -29.55 55.66 26.86
53.40 -31.20 64.61 26.79
52.80 -64.65 60.98 27.04
52.20 -76.05 29.77 26.95
51.00 -77.10 15.25 26.73
48.90 -45.30 5.32 27.04
48.00 -16.35 39.20 26.95
46.80 -13.20 39.45 26.97
46.50 -43.65 72.60 26.99
44.40 -43.80 71.15 26.79
45.15 -81.90 50.82 26.90
44.40 -69.90 8.23 26.95
43.80 -70.05 2.90 26.95
42.75 -25.05 8.71 26.97
41.55 -10.95 50.09 26.84
41.40 -12.90 65.34 26.81
40.95 -44.70 76.71 27.06
40.65 -79.20 56.87 26.97
41.40 -82.65 52.51 27.01
38.40 -80.70 11.13 27.01
37.20 -35.85 3.63 26.90
34.50 -24.00 6.05 27.10
31.80 -5.85 47.43 27.10
32.10 -28.05 80.34 26.81
30.15 -39.60 81.80 27.23
30.60 -83.70 61.47 26.90
33.45 -85.50 6.29 27.06
30.75 -81.45 3.63 27.04
29.40 -41.25 -5.57 26.97
27.75 -16.20 23.47 26.90
26.40 -5.10 30.01 26.88
24.00 -13.05 68.00 26.92
23.55 -47.70 81.80 26.88
25.20 -60.15 79.13 26.97
24.15 -93.45 45.98 26.79
23.70 -90.45 5.08 26.77
26.85 -80.25 3.15 27.10
23.85 -49.65 -7.02 27.04
23.25 -34.05 9.44 27.04
24.00 -13.05 12.83 26.92
22.35 -5.10 50.82 27.01
21.15 -20.70 82.28 26.92
23.10 -39.75 78.89 27.08
27.90 -92.85 40.90 27.12
30.00 -69.60 -5.81 26.95
31.35 -54.30 -4.60 26.99
31.50 -19.80 9.92 27.17
34.20 -18.60 15.00 27.19
39.15 -8.55 50.58 26.90
40.05 -38.25 77.20 27.08
39.45 -58.20 71.39 27.04
41.10 -86.25 27.35 26.95
42.00 -56.10 0.48 26.95
40.35 -42.75 1.21 27.12
39.45 -9.00 30.98 27.06
37.80 -26.55 76.96 27.01
36.60 -36.60 79.13 26.95
36.15 -74.55 70.42 26.99
36.15 -88.65 23.72 26.95
38.10 -84.60 16.46 27.01
38.70 -37.35 -0.97 27.26
39.00 -18.90 39.69 27.04
39.30 -9.15 49.61 26.99
38.85 -38.70 77.20 27.04
37.05 -60.60 59.05 26.97
41.40 -82.35 58.08 26.97
39.30 -81.30 17.42 27.17
37.95 -77.40 -1.21 27.01
37.95 -34.50 -0.97 26.95
36.30 -8.10 47.19 27.15
38.10 -9.15 58.56 26.97
39.60 -45.90 76.47 27.12
42.90 -83.40 53.48 26.99
43.20 -83.70 41.38 27.21
43.50 -78.90 16.21 26.90
44.25 -28.80 6.05 26.95
43.80 -23.25 23.72 26.92
43.95 -12.30 44.53 27.04
40.20 -11.40 64.86 26.99
43.05 -32.85 71.63 27.08
43.95 -55.65 62.19 27.10
45.45 -73.50 63.65 26.95
45.00 -82.35 23.72 26.92
44.40 -71.25 2.66 26.90
45.15 -44.40 0.97 26.90
43.65 -43.65 2.66 27.01
44.55 -11.85 39.69 27.12
44.70 -27.15 73.57 26.84
46.65 -43.20 69.70 26.86
50.40 -73.65 54.45 27.01
51.00 -78.30 22.02 27.12
50.85 -72.30 19.36 27.10
49.95 -44.10 6.53 27.19
50.40 -45.15 6.53 26.92
50.10 -21.45 20.33 27.10
50.55 -17.40 53.24 27.15
49.05 -18.75 49.61 27.17
51.30 -20.70 48.16 27.01
51.75 -20.10 47.43 26.95
51.90 -20.40 48.16 27.10
51.45 -19.50 47.19 27.01
51.45 -19.95 47.43 26.92
51.45 -19.35 46.71 27.19
51.60 -19.05 46.22 27.04
51.15 -19.50 45.50 27.01
51.30 -19.50 45.74 26.92
51.75 -19.35 45.01 27.04
50.40 -18.45 46.22 27.15
50.70 -18.90 47.43 27.12
49.05 -23.70 70.66 27.10
46.35 -41.70 71.87 26.97
48.90 -79.20 46.71 27.17
49.65 -69.60 5.81 27.21
50.40 -55.50 5.57 27.17
48.90 -15.00 37.75 27.06
49.95 -28.05 68.97 27.08
50.25 -43.20 67.03 27.04
52.50 -75.45 47.19 26.99
53.40 -68.10 9.68 27.06
52.80 -52.95 9.92 27.21
53.40 -25.20 23.96 26.92
54.45 -24.45 57.60 26.97
53.85 -28.05 58.08 27.23
54.00 -55.35 62.92 27.17
54.30 -67.35 34.61 27.04
55.65 -70.95 32.43 27.12
57.30 -48.90 19.12 26.92
58.95 -36.00 26.14 27.21
60.15 -36.75 30.25 27.39
60.30 -35.55 35.57 27.08
60.90 -38.40 42.83 27.17
61.20 -43.05 41.87 27.08
62.40 -44.10 41.87 26.92
61.80 -39.45 34.36 27.08
62.40 -45.15 37.75 27.01
62.70 -43.35 43.56 27.21
60.45 -42.45 49.13 26.99
60.00 -33.00 45.01 27.15
58.50 -29.55 46.95 27.19
59.70 -36.75 49.85 27.06
59.85 -53.25 55.42 27.32
57.30 -58.80 47.92 27.21
58.05 -67.95 47.92 27.19
56.40 -69.30 28.07 27.15
54.15 -71.10 18.15 27.28
53.70 -57.00 10.16 27.17
51.60 -34.20 14.04 27.19
51.75 -30.00 15.73 27.12
54.00 -21.00 36.54 27.23
53.70 -20.10 40.41 27.15
50.55 -16.95 39.93 27.32
50.55 -22.65 58.32 26.97
47.40 -28.50 67.76 27.17
45.45 -38.25 71.87 27.10
46.65 -60.90 72.84 27.19
42.00 -74.40 66.31 27.23
43.50 -83.40 46.71 27.28
48.00 -80.55 30.98 27.37
49.35 -72.90 18.15 27.23
47.25 -68.25 6.53 27.17
45.00 -59.85 3.39 27.04
47.10 -47.25 6.78 27.23
47.70 -31.65 11.13 27.30
51.75 -25.50 20.57 26.95
48.00 -16.50 25.65 27.06
46.95 -13.65 40.66 27.12
48.30 -17.25 54.45 27.28
49.35 -26.85 64.37 27.21
48.00 -39.90 70.42 27.10
50.40 -54.45 69.94 27.04
48.30 -66.00 65.10 27.23
51.15 -72.60 53.97 27.15
51.90 -78.00 46.22 27.21
52.50 -76.35 29.04 27.21
51.90 -73.20 19.60 27.01
53.85 -62.10 14.52 27.15
56.85 -56.25 17.18 27.23
57.15 -40.95 15.49 27.08
54.60 -28.50 21.30 27.10
55.65 -23.70 38.48 27.26
56.40 -26.10 48.16 27.19
59.85 -38.70 44.53 27.21
61.80 -42.90 43.80 27.19
61.65 -54.90 37.51 27.26
61.65 -51.30 30.49 27.23
61.35 -41.40 28.07 27.35
60.00 -32.70 31.70 27.32
59.70 -31.50 37.75 27.12
60.45 -35.40 40.66 27.23
60.90 -40.35 51.55 27.15
60.75 -45.90 52.51 27.15
60.45 -62.70 45.98 27.17
59.25 -63.60 42.35 27.10
59.25 -65.70 40.41 27.10
58.35 -66.30 29.77 27.39
55.20 -73.95 27.35 27.30
50.55 -73.95 19.84 27.21
52.20 -70.95 17.42 27.10
52.20 -52.35 13.31 27.30
55.35 -39.00 20.33 27.26
54.60 -25.80 25.17 27.30
54.30 -24.15 49.13 27.26
56.55 -33.00 56.87 27.39
58.50 -51.30 51.79 27.21
60.90 -60.75 37.75 27.19
60.30 -60.75 26.62 27.15
60.15 -52.65 22.75 27.48
59.85 -40.80 27.83 27.37
59.40 -30.15 36.54 27.48
58.80 -31.50 47.43 27.35
59.85 -40.05 55.42 27.10
60.00 -53.85 52.51 27.23
59.85 -61.65 43.56 27.26
59.40 -62.55 30.01 27.26
59.25 -53.70 23.72 27.32
59.70 -40.35 28.07 27.15
58.35 -26.40 44.53 27.41
56.55 -33.90 61.23 27.08
53.55 -52.35 67.03 27.19
54.90 -67.95 44.29 27.46
58.05 -63.00 21.78 27.23
56.85 -36.00 28.31 27.39
57.90 -31.95 51.79 27.41
57.90 -56.55 52.03 27.19
58.95 -66.75 34.61 27.37
60.00 -63.60 27.35 27.48
57.30 -47.70 12.10 27.08
54.90 -25.65 25.89 27.43
54.00 -24.00 46.46 27.28
56.25 -40.80 53.24 27.21
61.20 -54.75 40.41 27.32
61.95 -47.10 22.75 27.21
52.05 -43.65 -1.45 27.23
33.15 -35.25 -4.84 27.19
26.10 -36.15 -5.57 27.28
26.25 -36.75 -4.84 27.39
18.45 -9.30 16.21 27.50
13.20 -4.95 23.47 27.32
8.40 -4.80 26.86 27.41
9.15 -3.00 54.69 27.23
13.80 -18.90 73.81 27.21
14.40 -75.00 77.44 27.41
14.25 -79.35 62.19 27.32
17.10 -93.45 25.17 27.30
15.75 -64.65 -4.60 27.50
13.65 -24.30 17.91 27.41
13.20 -3.45 61.23 27.41
15.30 -24.45 80.59 27.48
14.10 -66.15 80.59 27.21
12.60 -94.20 45.74 27.19
12.00 -80.25 6.53 27.32
12.00 -43.05 -4.11 27.43
10.20 -17.10 35.33 27.41
10.65 -3.45 55.18 27.35
10.05 -34.35 82.04 27.46
10.05 -78.45 72.84 27.43
10.05 -93.45 25.65 27.37
9.00 -64.95 -4.11 27.48
7.50 -20.25 4.84 27.30
6.90 -4.35 36.06 27.50
5.25 -7.20 66.79 27.30
5.25 -21.15 81.80 27.23
4.80 -47.40 80.34 27.32
2.85 -76.50 71.39 27.48
3.75 -92.70 44.29 27.50
2.40 -86.25 16.70 27.54
2.25 -60.30 -3.15 27.32
0.90 -38.10 -2.66 27.37
-1.65 -20.85 2.42 27.46
-1.20 -10.20 18.63 27.19
-3.90 -7.65 51.30 27.37
-3.75 -13.50 71.39 27.28
-5.55 -34.35 76.47 27.54
-7.80 -61.35 70.42 27.30
-7.50 -81.30 48.64 27.23
-6.60 -88.35 38.96 27.26
-6.90 -82.80 16.70 27.39
-7.50 -62.25 3.87 27.50
-9.90 -38.70 5.08 27.35
-12.60 -19.20 18.63 27.46
-13.95 -14.55 38.24 27.52
-15.15 -21.60 60.02 27.43
-15.60 -40.35 69.45 27.57
-17.40 -56.70 70.42 27.37
-16.05 -79.65 50.82 27.46
-16.65 -80.40 27.59 27.43
-18.15 -65.55 8.47 27.43
-17.85 -46.20 8.47 27.43
-20.40 -38.40 21.54 27.46
-20.85 -21.75 50.34 27.46
-20.10 -30.00 68.73 27.41
-19.65 -58.20 57.60 27.32
-18.15 -79.95 36.54 27.41
-18.15 -75.60 17.91 27.46
-19.35 -53.55 7.26 27.50
-18.75 -29.55 17.91 27.35
-17.70 -16.80 40.41 27.37
-16.20 -28.65 68.00 27.23
-15.60 -48.75 72.12 27.32
-14.70 -70.95 65.34 27.32
-12.15 -86.10 41.14 27.50
-10.20 -82.95 21.54 27.63
-8.85 -66.90 4.84 27.43
-6.60 -37.20 3.15 27.37
-5.10 -11.70 28.80 27.59
-5.25 -12.30 61.71 27.48
-1.65 -36.15 79.38 27.32
0.15 -78.90 62.68 27.52
-0.90 -90.60 29.77 27.41
1.50 -75.45 0.24 27.48
3.75 -44.40 -2.90 27.48
0.90 -20.10 11.62 27.32
2.55 -5.40 43.32 27.35
6.15 -27.00 76.23 27.41
8.40 -64.20 78.41 27.39
14.55 -89.85 50.82 27.41
11.10 -90.15 10.41 27.59
14.25 -47.40 -6.29 27.46
13.20 -8.10 30.01 27.61
14.40 -18.45 81.55 27.28
12.15 -66.30 71.39 27.57
10.80 -93.75 18.63 27.52
11.70 -52.05 -5.32 27.37
15.90 -3.75 38.24 27.21
15.15 -22.95 78.89 27.43
13.35 -67.80 73.81 27.54
14.85 -93.75 43.08 27.46
13.20 -74.85 -7.02 27.41
10.65 -7.35 32.91 27.50
12.00 -27.15 83.97 27.30
11.25 -89.85 45.98 27.52
11.10 -72.00 -2.66 27.43
11.40 -16.05 10.65 27.30
11.85 -18.15 74.29 27.46
12.15 -84.15 65.58 27.54
11.85 -84.75 5.08 27.50
9.60 -40.35 -4.84 27.46
9.75 -21.90 10.65 27.52
5.10 -4.65 36.30 27.54
2.70 -15.15 74.29 27.63
3.30 -61.35 78.65 27.70
3.75 -91.80 47.19 27.41
2.55 -80.55 10.65 27.41
6.00 -58.65 -4.36 27.50
3.45 -21.60 15.49 27.59
-0.60 -5.70 53.00 27.46
-0.30 -28.20 79.62 27.39
-0.45 -68.55 72.84 27.77
-0.60 -88.95 44.53 27.54
-1.20 -86.10 8.47 27.63
-2.55 -61.50 -4.11 27.48
-5.10 -21.15 10.41 27.48
-7.65 -11.25 37.27 27.85
-9.15 -19.35 62.68 27.59
-12.15 -37.65 73.33 27.46
-10.80 -70.05 67.28 27.63
-12.15 -81.90 46.22 27.50
-14.40 -77.10 14.04 27.68
-15.45 -49.50 7.50 27.54
-17.10 -20.85 37.75 27.83
-19.50 -31.50 64.86 27.43
-21.15 -53.70 63.65 27.61
-21.00 -73.65 41.38 27.46
-20.85 -68.55 16.46 27.52
-21.15 -44.40 12.58 27.72
-21.30 -26.25 32.91 27.59
-21.90 -25.65 52.03 27.74
-22.35 -46.65 62.44 27.61
-22.50 -71.55 41.38 27.59
-21.60 -68.10 17.18 27.59
-22.50 -46.20 14.52 27.63
-23.70 -28.05 32.19 27.52
-24.75 -32.70 54.93 27.54
-25.20 -54.90 60.26 27.68
-24.15 -71.10 41.87 27.70
-23.85 -66.90 18.39 27.54
-24.00 -40.20 16.70 27.81
-23.25 -24.60 45.98 27.57
-22.80 -42.60 64.86 27.61
-22.80 -68.10 53.24 27.57
-20.70 -77.70 30.25 27.63
-19.50 -69.45 9.68 27.70
-15.45 -38.25 7.50 27.79
-11.70 -12.00 35.09 27.70
-10.95 -19.80 71.87 27.68
-10.35 -61.20 69.45 27.63
-8.10 -88.95 35.33 27.65
-4.35 -79.65 1.69 27.59
-1.50 -34.65 6.05 27.79
0.45 -5.25 51.55 27.54
-1.50 -25.50 80.34 27.74
-0.90 -64.95 68.24 27.46
-0.60 -93.30 23.23 27.81
0.15 -69.60 -1.94 27.77
-2.10 -47.55 -4.60 27.79
-0.60 -50.25 -4.36 27.65
-2.55 -49.80 -2.90 27.81
-5.40 -49.35 0.24 27.74
-11.70 -50.85 2.66 27.70
-11.85 -57.00 2.66 27.72
-6.90 -81.60 17.67 27.81
-7.65 -87.60 42.35 27.74
-5.70 -78.45 70.18 27.59
-4.50 -55.35 76.47 27.85
-11.10 -31.80 68.49 27.61
-6.60 -13.65 56.87 27.70
-5.55 -15.00 18.15 27.61
-3.30 -37.65 -2.18 27.74
-1.80 -71.25 4.60 27.61
-6.00 -88.50 34.85 27.77
-6.60 -74.40 68.00 27.90
-8.85 -65.55 76.71 27.70
-10.80 -33.45 62.92 27.68
-12.45 -14.85 38.24 27.61
-11.85 -13.95 15.73 27.88
-12.15 -30.30 3.15 27.61
-12.30 -49.80 7.26 27.70
-11.25 -75.60 23.96 27.68
-12.90 -82.65 41.62 27.59
-10.80 -80.10 60.02 27.81
-10.65 -67.50 68.97 27.54
-12.60 -51.00 69.45 27.79
-15.75 -29.70 63.16 27.74
-15.00 -18.30 41.87 27.79
-15.75 -19.80 24.93 27.59
-19.20 -30.45 19.36 27.70
-21.45 -51.75 13.31 27.59
-21.90 -58.95 15.97 27.79
-23.10 -71.70 26.86 27.83
-22.95 -74.25 35.82 27.74
-22.95 -70.80 46.71 27.79
-22.95 -58.80 59.05 27.70
-21.30 -51.15 60.98 27.88
-22.80 -46.05 57.84 27.65
-25.05 -35.40 53.97 27.68
-25.20 -30.90 47.92 27.70
-25.50 -32.10 42.35 27.65
-25.95 -32.40 41.38 27.77
-25.95 -34.80 32.91 27.63
-26.55 -36.60 25.17 27.63
-27.15 -39.00 22.02 27.90
-28.05 -44.10 22.99 27.81
-27.15 -45.90 22.26 27.77
-26.25 -58.20 29.28 27.57
-27.30 -63.75 34.12 27.79
-25.50 -69.90 37.03 27.83
-24.15 -71.25 39.45 27.81
-22.80 -70.35 42.11 27.79
-23.10 -70.35 50.09 27.61
-20.10 -64.80 60.02 27.65
-19.05 -57.75 68.00 27.68
-17.40 -38.85 62.44 27.61
-17.25 -26.10 46.71 27.72
-15.90 -19.50 38.72 27.81
-14.70 -16.05 31.70 27.81
-12.60 -20.25 19.60 27.65
-12.45 -33.45 7.99 27.83
-14.40 -46.20 3.39 27.74
-13.65 -70.50 14.76 27.65
-15.00 -79.35 32.43 27.70
-15.45 -80.25 54.69 27.65
-15.75 -53.55 72.12 27.68
-13.80 -20.85 46.95 27.88
-13.20 -17.55 14.28 27.72
-14.25 -28.05 14.04 27.79
-18.15 -42.90 5.81 27.70
-16.05 -77.85 30.98 27.81
-16.35 -77.55 60.02 27.63
-16.65 -59.55 65.10 27.88
-20.10 -41.25 64.13 27.68
-16.05 -18.15 36.30 27.81
-20.40 -32.70 13.31 27.77
-20.40 -57.75 15.25 27.83
-21.75 -72.60 33.88 27.77
-22.50 -67.35 55.66 27.85
-24.00 -51.45 59.29 27.77
-26.55 -36.75 45.74 27.68
-27.90 -37.65 36.30 27.92
-29.85 -44.55 38.48 27.88
-29.55 -46.05 34.36 27.92
-29.55 -51.45 33.40 28.08
-28.95 -54.00 32.67 27.61
-29.85 -47.85 33.40 27.90
-30.00 -53.70 38.72 27.90
-30.00 -51.30 40.90 27.88
-29.70 -50.55 43.32 27.79
-28.50 -54.15 49.13 27.85
-28.95 -45.45 43.56 27.83
-29.25 -43.35 36.54 27.92
-29.85 -47.55 31.94 27.70
-29.55 -51.30 33.88 27.70
-28.80 -57.15 38.24 27.74
-30.00 -54.15 45.74 27.68
-29.10 -42.00 41.62 28.01
-27.15 -35.70 28.31 27.90
-27.90 -53.25 24.44 27.99
-27.15 -62.25 37.75 27.90
-27.30 -56.40 52.03 27.77
-28.50 -39.90 45.50 27.79
-26.85 -32.25 30.49 27.68
-18.45 -24.00 18.63 27.68
-13.95 -18.15 13.55 27.74
0.90 -16.20 6.53 27.90
13.20 -17.25 3.63 27.83
13.35 -22.95 -1.21 27.77
5.85 -26.40 -1.21 27.92
6.45 -29.40 -3.15 27.96
7.50 -28.50 -2.42 27.94
9.45 -24.75 0.24 27.70
19.65 -16.05 8.23 27.88
29.10 -13.05 12.10 27.68
23.10 -6.60 21.05 27.81
17.70 -4.95 22.75 27.85
15.45 -4.35 24.44 27.81
18.15 -4.50 23.72 27.85
20.10 -4.80 23.72 27.83
20.40 -4.50 23.96 28.01
20.10 -4.95 22.75 27.65
20.25 -4.80 22.99 28.05
19.95 -4.95 22.99 27.81
19.05 -4.80 22.99 27.94
18.75 -4.50 23.72 27.79
18.75 -4.95 23.47 28.05
