8.70 -57.15 -9.68 24.09
7.65 -57.30 -10.16 23.98
6.75 -57.00 -10.16 24.23
7.05 -55.95 -10.16 24.03
5.70 -46.50 -12.10 24.03
6.30 -38.25 -8.95 24.07
8.70 -25.65 -5.32 24.23
6.75 -24.75 -5.81 24.14
6.90 -27.15 -7.50 23.98
10.20 -32.85 -7.99 23.98
12.30 -37.65 -7.50 24.07
14.85 -33.75 -7.50 24.07
11.70 -26.70 -4.11 24.05
14.10 -8.25 17.67 24.09
14.25 -4.35 30.49 24.34
14.40 -4.80 44.77 24.14
14.10 -16.80 62.68 24.07
16.05 -26.55 69.70 24.20
17.10 -40.35 74.78 23.98
16.50 -66.45 68.24 24.03
18.30 -77.85 60.74 24.20
18.75 -87.00 41.87 24.27
18.00 -88.20 25.65 24.20
18.60 -86.10 16.46 24.18
18.00 -80.25 6.78 24.00
16.95 -69.90 -1.21 24.25
16.20 -66.15 -4.60 24.16
16.35 -54.15 -8.47 24.00
14.70 -36.15 -7.02 24.16
14.85 -33.45 -6.78 24.42
16.20 -35.85 -7.26 24.12
17.85 -40.20 -7.99 24.03
18.30 -43.80 -8.47 24.20
18.90 -41.85 -6.29 24.36
16.95 -14.10 6.78 24.00
18.75 -11.40 12.58 24.34
17.85 -5.85 37.27 24.14
18.30 -7.95 48.16 24.25
19.35 -11.55 61.47 24.27
19.50 -30.90 71.15 24.09
21.00 -37.35 73.33 24.09
21.45 -66.75 66.31 24.07
22.20 -72.30 65.10 24.29
23.25 -82.80 42.59 24.09
22.95 -86.25 33.64 24.20
24.00 -84.60 10.89 24.20
22.20 -72.60 1.69 24.38
21.90 -66.60 -1.45 24.20
20.55 -51.30 -6.53 24.03
21.15 -51.15 -5.81 24.16
21.45 -53.25 -5.08 24.09
21.60 -56.85 -5.32 24.03
19.80 -55.80 -5.81 24.23
19.20 -59.40 -5.32 24.03
19.95 -45.60 -5.32 23.98
16.05 -24.60 -0.73 24.40
18.60 -18.45 6.05 24.09
16.20 -5.25 26.14 24.27
18.45 -5.70 31.22 24.20
18.15 -16.95 62.68 24.14
17.70 -19.95 64.61 24.00
19.20 -34.65 74.78 24.29
18.75 -52.35 74.05 24.05
19.20 -55.95 72.60 24.42
19.80 -74.40 64.13 24.07
21.90 -76.50 60.74 24.12
22.35 -87.75 37.99 24.07
22.50 -86.70 34.12 24.16
23.10 -82.35 5.57 23.96
19.50 -66.00 -5.57 24.18
19.05 -60.30 -5.08 24.18
18.15 -62.85 -4.36 24.38
16.05 -67.20 -4.36 24.27
10.80 -67.80 -5.08 24.20
9.90 -68.10 -5.57 24.16
12.15 -66.15 -6.78 24.27
7.95 -23.25 -4.11 24.16
7.65 -21.75 -2.66 24.07
7.35 -2.70 23.23 24.34
7.20 -2.70 28.31 24.18
8.10 -5.70 61.71 24.42
7.65 -15.30 64.61 24.16
9.30 -25.65 77.20 24.18
8.55 -53.55 77.44 24.23
10.95 -61.05 65.82 24.36
10.35 -85.65 55.42 24.18
12.15 -89.10 37.27 24.25
9.30 -90.45 20.09 24.20
10.35 -87.30 1.45 24.25
7.50 -69.15 -6.78 24.14
6.45 -56.70 -9.44 24.40
6.90 -61.50 -8.71 24.31
3.15 -63.15 -8.23 24.12
0.45 -63.75 -7.99 24.12
-1.20 -66.15 -7.50 24.25
-0.60 -45.15 -10.89 24.16
-2.25 -33.15 -9.20 24.14
-2.25 -13.50 7.99 24.07
-3.15 -8.55 9.68 24.27
-1.95 -5.55 33.64 24.47
-2.40 -2.55 40.90 24.49
-1.35 -4.65 63.16 24.29
-3.45 -18.90 68.73 24.25
-2.40 -27.15 78.17 24.20
-0.90 -51.75 78.41 24.09
1.80 -69.60 61.23 24.34
1.20 -86.10 58.08 24.40
1.50 -92.70 23.47 24.38
-0.90 -91.35 19.60 24.47
-0.45 -72.30 -8.47 24.31
-3.90 -61.20 -9.20 24.23
-4.35 -62.55 -8.71 24.12
-7.35 -62.25 -8.23 24.25
-10.20 -57.30 -7.99 24.27
-12.75 -58.65 -8.71 24.31
-11.70 -57.90 -8.95 24.12
-10.65 -51.60 -5.32 24.42
-15.60 -19.20 1.94 24.07
-13.20 -7.35 32.91 24.20
-15.00 -4.20 32.43 24.40
-14.10 -16.95 60.26 24.16
-12.45 -15.30 63.89 24.16
-12.75 -49.35 76.71 24.27
-9.75 -46.80 77.44 24.45
-11.40 -78.15 64.86 24.34
-9.45 -82.95 60.02 24.42
-10.80 -92.85 32.67 24.18
-9.15 -91.80 19.36 24.27
-11.25 -81.60 3.63 24.23
-10.50 -78.60 -0.48 24.25
-12.30 -64.95 -6.53 24.29
-11.70 -66.45 -5.57 24.31
-11.70 -65.85 -6.05 24.14
-13.50 -63.00 -6.53 24.40
-16.35 -56.40 -8.23 24.25
-15.00 -52.05 -8.23 24.20
-17.10 -55.65 -8.23 24.14
-16.65 -22.80 0.00 24.45
-20.10 -20.25 3.39 24.16
-18.75 -6.00 30.49 24.34
-17.70 -6.00 38.96 24.20
-16.50 -27.00 68.49 24.47
-14.55 -30.60 73.81 24.18
-13.80 -65.85 71.63 24.14
-12.00 -75.00 62.19 24.20
-12.45 -92.25 34.85 24.23
-12.45 -90.30 5.32 24.47
-15.00 -74.70 -0.48 24.23
-14.10 -62.55 -8.95 24.38
-16.35 -46.95 -8.71 24.34
-16.05 -47.85 -8.47 24.25
-16.35 -45.45 -8.71 24.31
-15.15 -39.15 -9.20 24.23
-11.55 -36.30 -8.23 24.42
-11.70 -39.00 -9.68 24.45
-12.00 -14.10 17.42 24.38
-14.10 -7.50 16.94 24.05
-14.85 -10.05 51.30 24.40
-12.75 -9.90 57.35 24.31
-12.75 -34.20 74.78 24.40
-11.55 -36.90 76.71 24.23
-9.75 -71.25 71.87 24.00
-8.70 -77.25 56.63 24.23
-7.35 -93.15 26.38 24.40
-8.10 -85.35 -7.02 24.34
-10.65 -61.65 -7.50 24.34
-10.95 -53.10 -9.20 24.23
-13.50 -35.40 -8.47 24.47
-13.65 -37.35 -9.20 24.47
-11.85 -34.80 -8.95 24.58
-8.70 -31.50 -7.74 24.36
-4.05 -28.20 -7.02 24.20
-0.75 -28.20 -7.74 24.45
1.05 -27.45 -5.81 24.23
-0.30 -4.65 19.84 24.18
-0.30 -3.15 30.73 24.34
-0.90 -13.65 65.58 24.38
0.60 -32.40 77.20 24.23
2.70 -60.75 76.47 24.25
3.00 -90.90 49.85 24.09
5.55 -91.50 40.90 24.29
3.90 -84.60 7.02 24.36
5.25 -76.95 -9.92 24.34
3.75 -52.35 -11.62 24.16
1.95 -24.75 -5.32 24.54
3.15 -25.20 -7.02 24.40
4.20 -26.55 -7.50 24.16
7.05 -28.05 -7.26 24.23
10.05 -27.75 -7.02 24.14
11.55 -27.75 -2.18 24.29
11.70 -4.95 23.72 24.42
9.15 -8.10 60.74 24.40
10.50 -15.90 66.55 24.20
11.85 -45.15 76.71 24.23
12.45 -66.30 63.40 24.25
14.25 -80.55 59.29 23.98
14.55 -90.15 29.52 24.40
15.60 -88.65 6.53 24.25
15.00 -70.50 -2.66 24.09
13.65 -41.25 -9.44 24.51
12.00 -38.25 -8.71 24.38
10.65 -26.85 -2.18 24.45
10.95 -23.55 -4.36 24.31
13.50 -27.00 -5.57 24.51
17.10 -31.05 -5.08 24.16
17.10 -33.30 -5.32 24.38
18.00 -9.15 15.49 24.56
17.70 -5.10 41.14 24.27
16.80 -10.05 53.00 24.38
18.15 -38.55 72.36 24.45
19.35 -43.35 73.33 24.38
20.85 -75.90 60.98 24.23
22.05 -87.30 26.62 24.29
21.90 -85.35 20.57 24.18
21.75 -72.30 3.39 24.34
20.40 -68.10 -3.87 24.47
19.80 -44.70 -7.02 24.45
18.30 -33.30 -5.57 24.51
17.10 -35.85 -7.50 24.36
16.95 -37.95 -6.53 24.49
19.50 -40.20 -6.05 24.40
21.45 -43.65 -6.05 24.23
21.45 -45.15 -5.81 24.29
21.45 -14.55 9.68 24.18
20.10 -7.65 39.45 24.29
19.35 -8.10 47.92 24.18
20.25 -25.20 66.79 24.40
20.85 -34.20 73.33 24.20
22.80 -48.75 72.60 24.25
23.25 -66.45 67.28 24.25
23.40 -81.75 54.45 24.40
24.00 -84.75 33.15 24.49
24.75 -86.25 23.72 24.36
24.45 -82.50 16.70 24.47
23.55 -70.65 2.90 24.18
22.35 -57.45 -5.08 24.25
21.75 -43.65 -6.53 24.38
19.20 -43.20 -7.50 24.40
18.60 -46.20 -7.74 24.54
18.75 -50.10 -7.99 24.29
18.60 -53.55 -7.02 24.27
18.90 -54.15 -6.53 24.40
19.50 -46.50 -3.63 24.42
20.40 -25.35 -0.73 24.42
16.80 -7.65 22.02 24.34
17.10 -7.95 50.09 24.40
18.60 -12.90 64.86 24.45
19.35 -25.05 70.18 24.51
18.75 -41.10 74.05 24.54
19.05 -60.45 72.60 24.42
19.35 -78.90 60.02 24.42
22.35 -83.85 41.87 24.38
21.60 -87.60 31.94 24.47
21.30 -84.60 16.21 24.29
20.85 -69.30 1.21 24.42
20.40 -55.35 -7.74 24.42
17.55 -45.30 -8.23 24.38
16.50 -48.30 -8.71 24.34
16.20 -51.00 -8.23 24.23
13.95 -53.40 -9.44 24.29
12.00 -55.95 -8.23 24.36
10.80 -56.85 -8.95 24.60
13.50 -48.90 -7.74 24.47
12.75 -21.15 -0.24 24.47
11.10 -4.20 25.17 24.51
10.80 -8.85 55.18 24.40
11.40 -16.50 70.42 24.34
13.20 -24.30 72.12 24.38
13.65 -41.40 76.23 24.42
13.50 -68.25 71.63 24.36
14.10 -78.00 59.53 24.56
17.40 -84.45 48.64 24.47
17.25 -89.85 28.07 24.40
15.45 -83.55 10.65 24.42
15.75 -69.60 -3.63 24.51
13.50 -64.35 -7.50 24.56
12.90 -59.10 -8.23 24.27
12.45 -59.55 -7.26 24.60
11.40 -61.80 -7.50 24.58
8.40 -62.85 -7.99 24.58
6.90 -64.50 -7.50 24.40
8.40 -63.75 -6.78 24.36
10.20 -63.15 -7.02 24.31
11.55 -63.00 -7.26 24.34
14.40 -61.80 -6.53 24.40
15.45 -59.85 -6.78 24.31
16.95 -55.50 -7.02 24.36
18.15 -51.45 -7.74 24.31
18.15 -47.55 -8.23 24.42
18.15 -43.80 -7.26 24.36
19.65 -40.95 -7.02 24.36
19.50 -40.80 -7.02 24.34
20.70 -41.85 -5.08 24.29
26.10 -42.30 -2.66 24.54
27.60 -44.70 -1.94 24.36
29.25 -42.45 0.97 24.54
33.15 -43.20 4.11 24.36
35.40 -43.35 5.32 24.51
34.05 -43.65 4.11 24.49
35.10 -42.15 6.05 24.42
35.40 -35.40 8.47 24.38
35.25 -27.45 12.83 24.42
35.85 -22.50 21.78 24.34
36.00 -21.00 20.81 24.36
34.95 -20.55 21.30 24.20
35.55 -18.90 29.04 24.54
35.70 -18.45 42.83 24.47
35.70 -26.10 52.51 24.36
35.70 -23.70 50.58 24.47
36.15 -35.40 58.32 24.54
36.90 -54.45 56.39 24.51
37.50 -60.45 53.48 24.49
38.40 -61.65 51.06 24.34
39.15 -68.40 36.54 24.36
39.45 -67.80 21.30 24.49
39.30 -54.15 10.41 24.29
38.10 -47.25 7.74 24.51
38.10 -46.05 9.92 24.54
39.15 -49.20 9.44 24.25
37.95 -52.05 9.92 24.36
37.95 -54.75 10.16 24.54
37.95 -56.25 10.16 24.58
37.20 -36.30 8.47 24.49
36.60 -37.20 8.71 24.34
36.45 -23.55 18.63 24.38
36.00 -23.25 16.70 24.31
35.70 -18.45 37.27 24.31
35.25 -18.30 36.54 24.47
35.85 -24.90 53.00 24.54
36.90 -27.15 52.27 24.58
36.45 -35.55 58.56 24.25
37.35 -43.65 58.81 24.67
37.65 -54.75 52.03 24.42
38.85 -64.20 51.55 24.56
38.40 -71.55 24.44 24.38
38.70 -69.00 24.20 24.60
38.10 -65.40 9.44 24.51
37.65 -54.90 9.68 24.54
37.50 -56.55 11.13 24.51
37.50 -57.15 9.92 24.67
36.75 -58.35 7.99 24.45
34.50 -62.10 7.50 24.45
32.70 -61.35 3.15 24.65
30.90 -38.70 2.90 24.47
30.45 -31.80 11.37 24.47
29.55 -13.95 21.54 24.40
29.85 -12.30 46.71 24.34
29.55 -17.25 49.61 24.45
30.30 -23.25 64.61 24.45
31.05 -34.95 63.16 24.47
32.40 -49.95 61.23 24.29
33.00 -61.50 61.71 24.45
33.00 -77.10 42.35 24.40
34.65 -76.20 41.62 24.54
33.60 -72.15 13.79 24.65
33.15 -70.65 13.07 24.45
32.10 -71.25 13.07 24.49
32.40 -72.30 12.83 24.51
30.15 -72.60 10.16 24.38
28.05 -73.35 9.68 24.40
28.50 -71.55 6.29 24.65
26.40 -49.95 -2.18 24.51
27.60 -43.65 0.97 24.56
25.65 -21.45 5.57 24.58
25.50 -12.15 34.36 24.36
25.95 -8.85 32.67 24.51
24.30 -21.30 64.61 24.58
26.10 -27.00 64.37 24.40
24.75 -60.75 67.03 24.60
27.45 -64.65 65.34 24.49
26.10 -84.45 30.01 24.47
27.60 -83.40 24.44 24.62
24.15 -67.05 1.69 24.56
24.60 -67.65 2.42 24.60
24.45 -68.85 1.21 24.51
21.15 -69.60 -1.21 24.65
17.25 -67.50 -3.39 24.49
14.40 -31.05 -6.05 24.49
15.45 -26.55 -2.42 24.51
12.60 -11.40 8.47 24.56
13.20 -6.60 29.77 24.51
14.55 -3.90 31.94 24.56
13.20 -13.50 61.47 24.56
16.50 -16.65 64.37 24.60
15.60 -44.55 75.02 24.54
17.70 -45.15 75.26 24.47
17.55 -74.85 63.65 24.65
19.20 -79.05 53.48 24.56
19.05 -88.65 29.77 24.58
19.50 -86.85 5.57 24.65
17.40 -69.30 -2.66 24.56
15.90 -68.70 -2.42 24.60
15.45 -69.00 -3.39 24.56
11.55 -65.25 -6.78 24.65
10.35 -61.95 -7.74 24.60
10.05 -53.85 -10.89 24.58
6.30 -13.95 2.18 24.47
7.35 -6.00 38.96 24.47
7.35 -2.70 41.14 24.65
6.60 -27.30 72.36 24.58
9.30 -27.30 73.33 24.54
10.50 -63.00 74.29 24.56
11.25 -70.65 56.39 24.67
11.70 -91.20 38.72 24.40
12.00 -84.60 10.41 24.56
12.15 -84.30 8.23 24.62
9.30 -56.10 -10.16 24.62
9.00 -55.35 -9.92 24.42
8.70 -56.25 -10.16 24.58
5.10 -53.40 -11.37 24.45
3.00 -49.65 -11.37 24.51
3.00 -49.05 -11.13 24.49
4.95 -44.10 -10.65 24.56
1.80 -14.70 1.21 24.56
2.70 -10.95 16.70 24.54
1.95 -1.65 27.35 24.54
1.35 -10.20 57.11 24.60
3.30 -10.50 62.92 24.60
4.95 -39.45 76.96 24.58
5.55 -45.30 77.44 24.38
6.45 -75.00 68.49 24.65
6.75 -84.15 38.24 24.58
8.25 -92.10 30.01 24.54
7.20 -75.60 -6.53 24.54
5.10 -52.50 -11.62 24.51
2.40 -49.20 -11.86 24.58
2.70 -49.35 -12.10 24.56
0.60 -44.85 -12.10 24.65
0.15 -45.30 -11.86 24.56
2.70 -39.75 -9.20 24.49
1.20 -12.30 4.36 24.60
1.65 -7.50 25.41 24.56
1.50 -1.80 33.40 24.69
2.40 -9.45 63.65 24.67
3.60 -14.25 63.89 24.58
3.30 -46.05 77.68 24.51
6.30 -45.15 78.65 24.73
5.70 -79.95 65.34 24.60
7.95 -84.00 46.46 24.76
6.90 -91.35 23.47 24.56
7.20 -84.75 -7.02 24.51
5.40 -57.30 -10.65 24.65
5.25 -55.95 -10.65 24.56
4.80 -53.40 -10.65 24.49
3.00 -47.25 -11.62 24.67
7.80 -43.50 -10.89 24.67
8.10 -7.50 9.68 24.56
10.95 -5.70 33.88 24.56
9.45 -3.90 41.87 24.60
10.50 -24.45 68.73 24.71
12.15 -27.45 75.50 24.60
13.35 -50.10 76.47 24.69
13.20 -82.35 60.50 24.62
14.85 -83.25 48.88 24.62
14.40 -89.70 27.35 24.54
13.80 -70.20 -7.74 24.85
13.50 -58.95 -8.95 24.85
11.40 -31.35 -8.47 24.54
14.25 -31.05 -6.29 24.78
14.55 -25.95 -3.39 24.62
20.55 -27.75 1.69 24.65
19.65 -6.15 30.49 24.60
18.75 -9.15 49.13 24.58
18.60 -13.35 68.73 24.45
21.45 -31.20 71.15 24.78
22.95 -59.55 70.18 24.56
23.40 -80.85 54.69 24.69
23.55 -84.30 27.10 24.73
24.15 -84.90 20.81 24.67
24.75 -68.70 2.18 24.78
23.85 -26.85 -0.73 24.67
23.25 -27.45 -0.73 24.73
23.70 -27.75 0.48 24.69
26.25 -29.70 2.66 24.69
27.00 -20.40 7.50 24.62
27.30 -10.95 24.44 24.76
25.80 -10.65 51.06 24.65
27.15 -16.65 56.63 24.71
32.70 -46.35 63.40 24.69
33.15 -71.40 57.11 24.60
31.95 -75.90 31.70 24.67
33.90 -76.80 13.31 24.76
32.70 -55.50 3.39 24.78
33.15 -36.90 5.32 24.65
37.95 -40.95 10.89 24.67
39.60 -40.95 13.79 24.60
40.80 -40.65 14.28 24.47
40.35 -29.55 25.89 24.54
40.95 -27.15 29.28 24.58
40.50 -25.80 39.45 24.85
40.50 -32.40 50.82 24.71
40.80 -35.70 51.06 24.60
41.40 -50.10 50.09 24.54
42.30 -62.10 41.62 24.65
42.60 -62.10 31.94 24.56
42.15 -62.85 28.80 24.80
41.70 -54.00 16.21 24.51
41.55 -51.45 15.00 24.80
40.95 -42.75 14.04 24.58
40.95 -41.70 15.00 24.85
40.65 -44.40 12.58 24.56
41.25 -47.25 15.25 24.85
41.85 -46.80 16.21 24.73
40.95 -39.00 16.21 24.76
40.80 -36.45 19.84 24.69
41.25 -30.30 23.96 24.73
41.10 -27.75 35.09 24.78
40.95 -32.25 45.01 24.73
41.25 -33.45 49.61 24.60
42.15 -46.35 51.55 24.71
41.70 -61.95 46.46 24.60
41.10 -64.95 30.25 24.80
41.25 -65.55 28.31 24.65
41.10 -59.70 20.57 24.51
40.80 -53.55 11.86 24.78
40.80 -42.90 13.79 24.69
40.35 -45.45 11.37 24.67
39.75 -47.40 11.62 24.76
40.05 -51.30 11.37 24.71
38.70 -37.80 13.31 24.69
39.60 -33.45 16.94 24.67
39.00 -23.70 26.38 24.62
38.55 -23.70 41.62 24.82
38.40 -28.50 55.18 24.60
39.30 -36.75 55.66 24.62
39.60 -51.75 54.21 24.60
40.20 -65.10 45.50 24.82
39.90 -65.85 40.17 24.56
40.35 -67.05 28.80 24.67
39.90 -55.35 14.04 24.69
39.45 -57.90 14.76 24.69
38.85 -58.05 11.86 24.65
36.75 -58.95 9.68 24.65
36.15 -61.35 10.41 24.67
35.10 -42.45 4.60 24.82
35.55 -23.25 15.49 24.78
34.50 -21.00 27.83 24.80
33.45 -16.50 33.64 24.71
34.35 -22.80 52.03 24.62
34.05 -39.60 60.50 24.76
35.40 -45.30 58.81 24.80
36.15 -58.05 56.87 24.71
36.90 -70.05 47.43 24.78
36.75 -69.30 17.42 24.73
36.60 -67.65 15.49 24.67
35.85 -67.05 13.55 24.78
35.10 -67.05 9.92 24.87
32.25 -66.75 5.57 24.62
30.45 -62.55 0.24 24.85
28.95 -37.35 0.24 24.62
27.75 -18.90 7.74 24.78
27.75 -13.35 28.80 24.80
27.75 -9.90 37.51 24.80
28.50 -21.75 59.05 24.89
29.70 -50.40 68.00 24.62
29.70 -70.80 59.77 24.82
31.65 -74.55 43.56 24.80
31.50 -78.30 33.88 24.82
31.05 -68.10 8.47 24.87
31.05 -63.90 3.39 24.65
28.65 -65.85 1.94 24.71
25.05 -64.95 -1.45 24.71
20.10 -28.20 -4.11 24.73
19.50 -6.45 25.41 24.67
20.70 -6.15 53.48 24.80
18.75 -13.80 62.92 24.76
20.10 -30.45 71.39 24.69
21.90 -56.40 71.63 24.69
21.75 -76.20 60.74 24.54
22.20 -86.40 32.19 24.65
23.70 -85.50 11.37 24.71
23.10 -73.50 3.63 24.71
21.00 -69.60 0.48 24.76
20.40 -69.00 -1.21 24.91
16.05 -67.65 -3.39 24.76
14.70 -44.85 -10.16 24.89
11.55 -20.70 -0.48 24.91
11.85 -8.55 22.02 24.82
9.90 -2.70 50.82 24.69
11.10 -10.35 67.28 24.96
11.40 -20.85 72.84 24.87
13.50 -40.80 76.23 24.91
14.10 -61.80 71.15 24.73
15.00 -85.05 48.88 24.80
16.05 -89.25 25.41 24.76
15.60 -67.35 -3.39 24.91
14.70 -62.70 -6.78 24.85
11.10 -57.90 -9.44 24.80
6.60 -15.90 0.97 24.67
2.70 -1.95 39.69 24.62
9.15 -15.00 64.86 24.73
11.10 -37.50 75.99 24.82
11.85 -60.15 74.54 24.78
12.75 -79.95 61.23 24.69
12.45 -90.90 34.12 24.87
12.90 -84.45 12.83 24.80
11.85 -61.05 -8.23 24.91
10.20 -57.00 -8.71 24.91
9.75 -54.30 -10.41 24.69
6.00 -47.25 -10.89 24.69
8.85 -26.10 -1.69 24.82
5.85 -8.10 28.80 24.93
6.00 -1.95 49.85 24.76
6.90 -12.60 72.36 24.76
9.00 -29.70 77.44 24.80
8.55 -47.25 72.60 24.91
10.80 -75.45 57.84 24.71
11.70 -85.35 48.40 24.67
10.65 -91.20 34.12 24.78
11.10 -90.90 17.18 24.87
10.50 -80.40 -2.42 24.89
11.40 -66.45 -8.95 24.85
8.40 -53.85 -10.41 25.07
9.30 -23.70 -3.87 24.91
8.55 -18.60 -0.24 24.85
12.00 -18.15 0.73 24.98
10.95 -3.15 33.15 24.62
15.45 -13.80 59.53 24.98
19.95 -36.45 71.87 24.71
20.55 -54.90 73.57 24.73
19.35 -73.50 66.07 24.91
20.40 -83.40 53.72 24.67
20.70 -85.50 25.17 24.73
21.30 -58.50 -7.02 24.73
20.25 -39.15 -6.29 24.91
20.70 -33.75 -3.39 24.96
26.25 -34.80 0.48 24.67
28.20 -15.00 18.63 25.02
30.15 -13.50 32.91 24.93
30.90 -19.95 52.27 24.85
31.80 -31.20 63.40 24.91
32.40 -51.90 61.95 24.87
33.75 -60.90 49.13 24.89
32.85 -75.30 36.54 24.82
34.95 -68.25 11.13 25.04
34.80 -47.70 4.36 24.91
34.05 -40.50 4.84 25.07
36.15 -41.25 8.47 24.93
37.95 -41.40 11.13 24.80
39.60 -39.00 12.83 24.76
39.30 -37.05 14.28 24.96
40.50 -36.60 18.63 24.91
42.90 -37.80 25.65 24.98
44.40 -37.50 28.07 24.93
44.25 -37.20 27.10 24.78
43.65 -37.20 26.62 24.91
43.20 -32.70 33.88 24.73
43.80 -36.30 44.53 24.78
43.35 -37.50 45.01 24.78
44.10 -47.25 45.25 24.91
44.25 -54.75 40.17 25.07
43.95 -55.20 33.40 24.98
44.40 -55.95 30.73 24.87
43.65 -52.20 24.20 25.00
44.10 -41.55 21.78 24.85
43.35 -40.95 21.05 24.76
43.20 -38.85 22.26 24.73
43.65 -39.75 22.99 24.82
43.95 -46.20 22.75 24.87
43.80 -49.35 22.51 24.96
43.50 -47.10 19.12 24.93
43.05 -40.65 18.39 24.73
42.00 -32.70 22.02 24.73
41.70 -27.75 36.54 24.76
40.95 -26.70 42.83 24.78
40.80 -27.90 44.29 25.04
40.65 -42.00 52.51 24.98
41.40 -54.45 50.09 24.80
41.85 -53.40 46.95 25.04
42.60 -61.20 39.45 24.96
42.75 -54.90 21.78 24.98
42.60 -56.25 19.84 24.80
42.45 -57.60 21.30 24.91
41.25 -60.15 20.81 24.93
39.75 -46.05 8.47 24.91
36.75 -45.15 6.53 24.85
36.00 -25.50 12.83 24.98
33.30 -17.85 22.02 25.15
34.05 -16.35 37.99 24.91
33.90 -16.35 40.90 24.89
34.65 -26.40 54.69 25.09
34.65 -52.80 60.74 24.85
35.40 -65.70 48.88 24.80
36.45 -70.80 34.61 24.91
36.45 -69.45 18.15 25.09
34.20 -70.80 14.52 24.82
32.10 -72.30 13.79 24.89
29.85 -71.10 8.95 25.09
29.10 -42.30 -0.97 24.85
27.45 -31.95 7.26 24.93
25.80 -20.55 8.71 25.09
24.60 -8.25 26.38 24.93
23.85 -12.30 48.40 24.93
23.40 -17.55 67.52 24.91
24.90 -31.65 70.18 24.89
27.60 -55.80 68.00 24.80
27.90 -75.75 55.18 24.96
28.05 -81.15 12.10 24.93
29.25 -74.70 10.16 25.07
24.45 -74.55 7.99 24.87
25.20 -72.75 3.39 24.87
21.45 -68.55 0.00 25.02
19.50 -35.85 -7.50 24.96
16.65 -23.10 9.44 24.91
15.15 -11.10 18.63 24.78
15.75 -3.90 30.73 25.00
17.10 -11.10 57.60 24.82
16.35 -31.65 70.42 25.11
16.05 -45.15 72.84 24.85
20.10 -61.80 68.97 25.09
21.90 -83.85 47.67 24.87
21.45 -85.35 25.89 25.09
20.40 -83.10 -0.73 24.93
22.65 -58.95 -4.36 25.04
17.40 -59.55 -5.81 24.87
16.80 -55.50 -7.99 25.00
15.00 -49.65 -9.44 24.87
13.35 -36.00 -2.18 24.91
10.35 -20.25 1.69 25.02
11.55 -4.35 22.99 25.04
14.85 -13.65 57.84 24.85
17.25 -25.80 74.29 24.89
20.85 -44.10 73.08 24.91
22.95 -63.90 68.97 24.89
22.35 -82.95 51.79 24.98
22.65 -85.95 24.93 24.91
22.05 -85.35 7.26 24.91
21.60 -52.80 -5.57 24.91
20.70 -54.45 -5.81 25.04
20.10 -52.20 -6.78 25.15
19.95 -45.75 -7.74 24.93
19.20 -14.85 5.81 25.04
19.50 -9.00 30.98 24.96
21.60 -6.90 36.30 25.09
23.25 -13.05 52.27 25.04
24.75 -30.30 66.55 25.15
25.80 -45.00 70.18 25.15
26.25 -50.85 64.37 25.09
27.60 -69.45 61.23 24.96
28.05 -80.55 44.77 25.11
28.65 -78.30 0.97 24.89
26.85 -60.75 1.21 25.02
26.85 -35.70 1.21 25.04
24.75 -23.25 3.15 24.89
24.75 -24.75 3.63 25.11
25.05 -24.60 3.63 25.18
24.45 -22.80 3.39 24.87
24.30 -14.40 20.09 25.13
26.55 -12.00 32.43 25.02
25.95 -11.55 45.50 25.00
28.35 -27.60 62.44 24.96
29.85 -40.65 67.03 25.00
30.60 -40.80 66.31 24.98
31.50 -60.45 62.92 24.93
32.55 -77.85 41.62 24.91
33.15 -76.35 17.91 24.93
33.30 -73.95 13.79 25.04
31.65 -48.30 1.94 25.02
32.70 -48.75 2.18 25.13
32.70 -49.05 2.66 25.20
34.35 -48.15 5.81 25.13
36.30 -42.75 7.50 25.04
37.05 -21.00 25.65 24.91
37.05 -22.05 24.93 25.22
37.65 -24.00 44.53 25.11
38.25 -32.10 53.48 25.18
38.40 -36.60 56.39 25.13
39.00 -46.05 53.00 25.00
39.90 -61.50 47.67 25.09
40.65 -65.40 39.69 24.98
40.65 -63.75 22.51 25.11
40.80 -54.00 14.52 24.91
40.20 -38.70 12.83 25.00
39.75 -32.25 15.49 25.18
40.35 -38.10 13.79 24.91
40.20 -39.45 16.21 25.18
42.15 -33.90 22.75 25.07
43.35 -32.70 29.77 25.09
42.15 -31.05 37.27 25.13
43.50 -31.50 39.69 24.89
43.05 -39.30 46.46 25.00
43.50 -49.95 46.71 24.91
43.95 -58.50 39.20 25.22
44.10 -57.75 30.73 25.11
43.65 -59.40 31.70 25.15
43.50 -48.75 21.54 25.15
44.10 -50.55 22.51 25.20
43.80 -38.85 25.89 25.02
43.80 -36.30 28.31 25.09
44.40 -37.80 32.19 25.07
44.55 -38.85 35.09 25.13
45.15 -37.65 37.51 25.13
43.95 -37.50 43.56 25.07
43.95 -40.05 46.95 25.02
43.80 -44.85 46.46 25.13
43.35 -52.35 47.19 25.09
43.20 -59.70 39.45 25.02
42.90 -60.90 26.86 25.11
42.75 -56.10 19.84 25.15
42.00 -49.35 14.04 25.15
40.80 -39.30 14.28 24.93
40.50 -28.05 22.26 25.15
39.90 -24.45 37.27 24.98
40.95 -32.85 48.16 24.96
40.80 -42.90 50.58 25.04
42.45 -53.70 46.46 25.07
42.90 -59.40 45.01 24.98
42.45 -63.00 33.15 25.02
42.45 -60.00 19.84 25.20
40.65 -46.05 14.76 25.04
39.45 -31.65 16.46 24.91
36.45 -20.55 28.31 24.91
37.95 -22.95 40.41 24.96
39.15 -34.05 55.90 25.20
39.30 -52.20 52.27 25.02
42.75 -60.60 37.75 25.11
42.30 -61.50 24.93 24.93
42.60 -47.85 17.91 24.93
42.60 -36.15 25.41 25.02
43.35 -33.75 34.12 24.98
44.25 -39.90 38.48 25.02
45.00 -38.55 41.62 25.11
44.25 -45.75 43.08 25.02
44.40 -58.35 35.09 25.00
43.80 -56.55 36.54 24.91
45.45 -34.80 22.99 25.13
29.70 -10.50 17.18 25.18
7.35 -3.45 18.39 25.02
-0.75 -6.00 11.37 25.18
3.30 -7.20 13.31 24.98
-4.20 -7.20 12.34 24.96
-10.50 -8.55 11.62 25.29
-12.30 -9.75 11.13 25.35
-12.75 -4.05 48.40 25.02
-10.95 -6.30 65.34 25.00
-7.35 -37.50 76.71 25.18
-5.10 -79.50 64.86 25.11
-3.45 -91.50 26.86 24.87
-4.80 -84.75 -4.84 25.18
-4.50 -66.30 -10.16 25.15
-4.95 -25.35 -6.05 25.18
-2.55 -26.70 -7.26 25.02
0.45 -30.00 -8.23 25.04
-0.15 -36.15 -10.16 25.07
-0.30 -7.20 8.47 25.07
-1.20 -4.65 49.85 25.20
-0.30 -19.95 77.68 25.18
1.05 -50.25 69.70 25.09
2.25 -79.80 51.30 25.24
4.65 -92.10 15.25 25.15
4.35 -76.20 -6.05 25.09
2.40 -37.20 -10.65 25.04
2.40 -42.30 -11.62 25.13
0.00 -48.30 -11.37 24.96
1.35 -50.10 -11.13 25.20
-0.45 -22.80 4.84 25.11
-1.50 -3.75 23.72 25.22
-0.90 -10.35 61.95 25.11
1.05 -40.95 78.17 24.93
0.75 -67.50 72.12 25.02
2.40 -91.65 39.69 25.15
2.10 -80.85 2.66 25.22
0.75 -62.10 -7.99 25.24
0.30 -64.95 -6.53 25.04
-1.20 -64.95 -9.68 25.18
-4.35 -32.85 -5.57 25.13
-6.45 -3.60 32.43 25.18
-6.60 -4.65 56.39 25.11
-6.60 -19.80 75.50 25.22
-4.95 -50.10 73.08 25.20
-3.00 -80.85 51.06 25.42
-2.85 -92.25 18.88 24.96
-3.60 -75.60 -5.57 25.27
-5.25 -62.70 -8.23 25.13
-7.35 -67.65 -4.84 25.07
-11.25 -42.60 -6.78 25.18
-13.35 -9.75 24.44 25.07
-16.05 -7.20 52.76 25.20
-15.60 -27.45 73.08 25.24
-14.10 -60.90 72.60 25.38
-11.70 -86.10 52.03 25.22
-11.10 -85.80 17.67 25.13
-11.85 -69.00 -3.15 25.04
-12.75 -68.25 -3.63 25.20
-16.20 -69.90 -0.97 25.20
-20.70 -38.10 -3.63 25.24
-23.40 -16.20 10.41 25.15
-23.70 -8.40 39.69 25.27
-21.75 -22.20 62.92 25.22
-20.70 -55.20 73.57 25.27
-18.75 -77.55 62.92 25.09
-17.85 -88.95 37.27 25.15
-18.60 -68.25 -0.24 25.29
-19.95 -68.10 0.00 25.27
-22.95 -66.90 0.73 25.15
-25.65 -43.35 -1.69 25.18
-27.60 -19.80 11.86 25.11
-28.65 -11.85 34.85 25.27
-27.60 -19.65 57.11 25.02
-25.95 -40.35 69.94 25.11
-24.90 -64.50 63.16 25.11
-23.25 -84.75 22.02 25.29
-24.00 -73.35 4.60 25.09
-25.65 -64.05 0.24 25.04
-25.05 -63.15 0.48 25.22
-25.95 -61.35 -0.73 25.38
-28.50 -30.15 7.26 25.40
-29.70 -13.80 29.77 25.35
-32.40 -17.10 52.76 25.31
-31.50 -22.80 59.05 25.24
-29.40 -42.45 66.31 25.22
-28.50 -68.25 54.21 25.04
-28.65 -81.30 28.80 25.04
-27.90 -80.85 10.65 25.00
-27.75 -68.70 2.18 25.04
-29.55 -57.30 1.45 25.15
-27.75 -55.35 -0.73 25.20
-29.55 -52.35 0.00 25.13
-30.00 -43.95 0.73 25.29
-32.85 -27.75 13.55 25.33
-33.45 -17.85 28.56 25.24
-34.65 -18.00 34.61 25.35
-34.20 -18.60 47.19 25.27
-33.15 -33.30 61.71 25.09
-33.30 -50.85 62.92 25.22
-33.00 -56.55 62.19 25.13
-31.95 -70.95 55.66 25.20
-30.90 -78.15 46.22 25.15
-31.50 -80.10 32.91 25.11
-32.55 -77.25 18.39 25.15
-33.45 -57.15 3.87 25.31
-32.85 -53.55 3.87 25.31
-32.70 -48.15 1.21 25.49
-31.50 -44.55 0.73 25.33
-30.00 -42.00 4.11 25.29
-31.35 -20.70 19.36 25.42
-31.65 -15.90 36.54 25.31
-32.40 -19.05 53.00 25.35
-31.05 -37.35 63.40 25.35
-30.75 -54.15 64.61 25.31
-30.15 -65.85 54.69 25.35
-28.80 -79.95 43.56 25.24
-27.75 -82.50 36.54 25.44
-29.10 -77.85 13.07 25.58
-29.55 -66.75 3.87 25.29
-30.00 -50.85 0.24 25.42
-31.05 -45.45 0.73 25.22
-28.05 -37.95 -1.45 25.29
-25.20 -35.85 -3.15 25.40
-25.20 -14.70 16.70 25.29
-26.10 -10.35 47.67 25.29
-25.95 -19.80 63.40 25.31
-26.10 -42.00 70.91 25.33
-24.45 -55.80 66.07 25.35
-22.95 -78.00 53.00 25.24
-22.05 -86.10 31.46 25.35
-21.45 -85.80 25.41 25.29
-21.75 -82.35 4.84 25.31
-23.25 -64.35 -4.36 25.22
-24.60 -45.15 -4.84 25.44
-22.20 -40.95 -6.53 25.40
-17.25 -36.75 -7.26 25.44
-13.95 -18.00 1.45 25.29
-14.55 -12.30 13.31 25.49
-15.60 -4.35 34.61 25.13
-15.60 -9.75 56.63 25.46
-15.00 -26.10 72.36 25.35
-13.95 -53.85 73.81 25.27
-13.65 -73.65 62.68 25.40
-15.00 -88.20 43.08 25.55
-14.10 -83.40 7.26 25.35
-15.75 -46.20 -8.95 25.20
-16.20 -35.10 -6.05 25.27
-14.55 -33.75 -8.47 25.31
-8.25 -16.20 -1.45 25.24
-8.55 -5.25 15.73 25.29
-10.50 -5.40 52.51 25.40
-7.50 -22.95 71.63 25.38
-8.10 -44.25 76.96 25.40
-6.60 -75.75 63.89 25.38
-7.95 -90.45 32.67 25.18
-8.40 -85.95 6.29 25.46
-9.75 -65.70 -5.08 25.31
-10.20 -66.90 -5.81 25.42
-9.00 -65.55 -6.05 25.29
-6.90 -66.45 -7.99 25.24
-4.50 -45.90 -10.89 25.51
-7.65 -25.65 -7.50 25.35
-9.00 -13.65 11.37 25.51
-10.95 -5.55 55.42 25.49
-8.10 -39.75 76.23 25.42
-4.50 -77.10 53.72 25.31
-2.10 -92.55 12.58 25.29
-9.00 -63.45 -8.71 25.22
-13.35 -51.00 -7.02 25.35
-23.40 -47.10 -5.32 25.49
-24.30 -46.95 -3.15 25.53
-24.30 -46.20 -4.60 25.55
-23.40 -45.30 -6.05 25.49
-22.05 -35.55 -2.42 25.69
-25.50 -28.05 4.36 25.49
-22.95 -14.85 16.94 25.44
-24.30 -8.10 36.78 25.42
-24.15 -13.20 53.97 25.42
-19.80 -26.70 70.18 25.33
-21.75 -49.20 72.36 25.60
-18.90 -74.70 60.26 25.53
-16.65 -89.55 35.09 25.49
-18.60 -84.00 11.37 25.60
-19.20 -69.15 -2.90 25.42
-19.05 -50.85 -5.81 25.49
-22.80 -32.10 -2.42 25.29
-19.80 -20.55 7.02 25.40
-22.65 -10.05 22.51 25.38
-19.65 -5.70 41.87 25.31
-17.25 -12.75 63.16 25.42
-16.65 -23.40 67.76 25.46
-17.25 -41.40 74.54 25.51
-17.70 -57.45 74.54 25.62
-13.95 -69.45 70.42 25.46
-9.15 -74.10 64.13 25.66
-13.95 -87.00 51.79 25.53
-15.00 -89.40 30.73 25.53
-13.95 -90.15 23.72 25.42
-12.30 -84.90 10.16 25.49
-12.75 -67.65 -2.42 25.38
-15.00 -56.25 -8.71 25.69
-16.65 -43.65 -7.26 25.53
-21.30 -33.75 -5.57 25.60
-19.20 -40.05 -7.02 25.40
-18.00 -35.25 0.24 25.33
-22.65 -18.15 5.81 25.49
-22.95 -9.00 31.70 25.46
-22.35 -6.30 39.45 25.40
-18.30 -9.90 48.64 25.42
-16.80 -21.75 67.76 25.42
-15.45 -24.45 74.29 25.66
-14.25 -53.40 75.99 25.62
-13.35 -78.00 65.58 25.62
-13.80 -84.45 40.90 25.44
-14.10 -90.60 30.01 25.49
-15.60 -75.60 1.45 25.46
-15.75 -70.20 -6.05 25.46
-16.80 -53.85 -7.26 25.44
-16.95 -55.80 -6.78 25.58
-19.50 -57.30 -5.57 25.55
-20.55 -43.95 -7.02 25.44
-19.20 -25.05 1.94 25.53
-23.70 -25.95 9.44 25.53
-25.65 -11.85 19.60 25.60
-22.95 -9.75 40.41 25.42
-22.65 -16.65 65.82 25.60
-21.75 -26.40 70.42 25.42
-19.95 -53.25 73.57 25.55
-18.45 -79.65 61.23 25.44
-20.40 -86.85 24.20 25.69
-19.50 -85.05 5.08 25.42
-19.95 -65.10 -1.94 25.38
-23.55 -66.15 0.73 25.42
-21.75 -61.65 -2.66 25.49
-25.50 -49.20 3.15 25.53
-30.75 -19.05 19.60 25.64
-29.70 -16.05 49.85 25.33
-29.70 -36.75 66.55 25.46
-28.35 -62.10 60.74 25.62
-28.50 -81.60 36.78 25.73
-28.65 -79.35 11.37 25.64
-30.75 -58.65 0.48 25.71
-33.60 -37.05 3.63 25.40
-33.75 -22.05 19.84 25.53
-35.10 -20.70 35.09 25.58
-35.25 -22.95 54.21 25.55
-36.00 -37.05 59.53 25.51
-34.95 -54.30 59.53 25.71
-34.35 -72.60 42.59 25.75
-35.40 -74.25 21.05 25.66
-36.75 -57.90 11.13 25.49
-39.75 -36.75 17.18 25.66
-39.30 -25.05 35.09 25.73
-39.30 -30.60 48.64 25.69
-39.00 -43.05 56.39 25.49
-39.00 -57.60 52.51 25.44
-38.55 -67.50 45.25 25.49
-38.25 -72.75 30.25 25.58
-38.70 -62.55 14.04 25.73
-39.75 -41.10 15.49 25.62
-40.65 -32.25 30.49 25.64
-39.30 -28.95 43.80 25.53
-37.35 -34.80 55.18 25.71
-35.25 -48.60 58.81 25.62
-35.55 -65.55 52.03 25.51
-35.85 -74.85 30.49 25.64
-37.50 -72.00 16.94 25.53
-37.05 -61.35 8.71 25.75
-36.45 -49.65 7.99 25.77
-38.55 -36.60 14.28 25.97
-36.90 -23.25 30.98 25.60
-33.60 -18.45 46.71 25.77
-31.05 -34.05 61.95 25.66
-29.25 -52.80 64.13 25.73
-28.95 -74.40 48.88 25.58
-29.55 -84.15 25.89 25.58
-30.30 -70.50 8.23 25.62
-28.65 -58.50 -1.21 25.69
-27.60 -41.55 -1.94 25.62
-23.10 -19.80 15.25 25.62
-24.75 -9.75 35.57 25.77
-24.15 -18.15 63.65 25.62
-23.10 -43.35 71.15 25.69
-22.35 -75.45 54.45 25.58
-22.35 -86.25 25.41 25.69
-22.50 -63.15 -4.11 25.62
-22.35 -38.85 0.97 25.77
-29.70 -21.60 10.65 25.71
-31.20 -18.30 23.96 25.93
-29.40 -14.85 48.40 25.80
-30.30 -35.25 65.58 25.86
-27.60 -58.05 64.61 25.69
-23.40 -76.80 45.01 25.75
-28.20 -81.75 22.99 25.95
-28.35 -65.10 2.42 25.82
-27.90 -35.55 0.73 25.73
-25.65 -19.50 14.76 25.91
-29.85 -12.90 35.82 25.64
-25.35 -18.15 63.65 25.73
-25.35 -40.20 68.49 26.02
-28.20 -66.90 63.65 25.75
-22.20 -84.75 40.41 25.66
-25.20 -83.55 26.14 25.77
-27.75 -78.60 14.76 25.77
-31.50 -64.05 5.08 25.91
-32.85 -49.05 1.94 25.77
-34.05 -30.45 8.71 25.80
-34.05 -21.30 23.72 25.64
-36.30 -22.05 36.06 25.71
-35.40 -18.45 38.48 25.77
-36.75 -33.75 53.48 25.82
-36.30 -49.80 59.29 25.75
-36.15 -50.85 55.42 25.82
-37.80 -61.05 47.19 25.82
-39.30 -69.30 35.33 25.77
-37.65 -68.40 29.28 25.75
-39.75 -67.65 26.62 25.80
-39.45 -68.40 28.56 25.86
-40.05 -68.25 20.57 25.82
-39.15 -55.35 10.41 25.93
-40.05 -42.90 14.76 25.82
-39.75 -35.40 28.56 25.82
-41.40 -29.25 33.15 25.71
-41.85 -42.30 49.13 25.91
-42.60 -53.25 44.77 25.82
-41.70 -55.05 42.59 25.84
-43.20 -57.45 39.45 25.97
-44.25 -57.45 30.25 25.75
-43.50 -50.10 24.68 25.73
-43.65 -50.25 27.35 25.88
-44.25 -42.30 26.86 25.84
-44.10 -40.05 37.75 25.86
-44.85 -46.65 41.62 25.91
-43.35 -41.70 43.08 25.80
-43.20 -45.30 44.53 25.80
-42.90 -54.45 46.95 25.97
-39.45 -67.50 43.80 25.77
-39.00 -68.10 31.94 25.88
-39.15 -59.40 10.65 26.04
-33.90 -50.25 4.11 25.97
-35.85 -30.15 13.55 25.86
-37.05 -21.45 34.85 25.62
-36.15 -27.30 53.00 26.00
-34.80 -42.75 61.71 25.91
-34.95 -50.55 61.95 25.93
-33.60 -71.85 48.16 25.93
-32.10 -77.70 26.86 25.84
-31.50 -70.80 9.20 25.80
-35.85 -40.05 10.65 25.97
-37.50 -22.20 39.93 25.93
-32.70 -35.40 65.10 25.84
-31.20 -64.65 51.06 25.95
-33.75 -75.90 24.93 26.00
-36.60 -59.25 11.62 25.86
-41.25 -39.90 16.21 26.00
-40.05 -28.80 29.28 26.00
-40.20 -29.40 42.35 25.91
-38.85 -40.35 60.50 25.97
-33.30 -65.40 56.63 25.80
-25.65 -84.90 25.17 26.00
-21.00 -73.80 0.24 25.95
-9.60 -66.00 -5.32 25.95
-11.40 -64.20 -7.99 25.97
-2.25 -57.90 -10.41 25.95
1.80 -53.10 -10.89 25.88
2.10 -48.75 -11.13 25.97
1.65 -46.80 -11.62 26.02
5.40 -46.95 -10.89 25.86
8.85 -43.05 -10.16 26.04
9.15 -38.85 -9.92 25.95
7.80 -34.95 -9.68 26.04
3.60 -33.00 -8.47 25.91
10.50 -31.20 -7.74 25.95
13.50 -32.85 -6.29 25.93
19.20 -34.35 -3.87 25.80
26.40 -39.00 -1.69 25.97
27.45 -44.70 -3.39 26.00
24.45 -48.15 -3.87 25.91
24.60 -49.05 -3.87 26.13
24.90 -48.30 -3.15 26.00
25.20 -48.90 -2.90 25.97
25.50 -49.50 -3.39 25.93
25.35 -50.40 -3.15 26.06
25.20 -49.65 -3.15 26.02
26.25 -49.50 -2.66 25.88
27.00 -49.20 -1.94 25.88
27.60 -49.05 -1.45 26.08
28.50 -48.90 -0.97 26.04
28.95 -48.45 -0.97 26.02
28.80 -49.05 -0.48 26.08
28.95 -48.75 -0.97 25.86
28.65 -48.60 -0.48 25.91
28.65 -48.45 -0.73 26.00
28.95 -48.60 -0.48 26.08
29.40 -48.75 -0.48 26.11
29.25 -48.75 -0.48 26.00
