19.20 1.20 -22.02 26.24
19.50 0.30 -22.51 26.37
19.05 -1.50 -22.51 26.31
18.15 -5.70 -25.89 26.24
18.30 -11.40 -25.89 26.42
22.95 -13.20 -25.65 26.59
26.25 -11.40 -23.47 26.19
27.90 -15.45 -24.93 26.42
26.70 -9.60 -22.99 26.39
25.20 6.00 -13.79 26.33
24.00 16.35 4.11 26.53
23.55 21.15 18.39 26.44
20.85 20.40 29.52 26.28
23.10 8.10 47.92 26.62
23.25 0.60 52.27 26.44
22.05 -6.60 57.11 26.17
23.55 -18.90 58.81 26.42
24.15 -23.70 60.02 26.53
23.40 -29.70 58.81 26.55
25.20 -45.90 48.64 26.28
25.80 -57.90 42.83 26.31
23.55 -61.05 37.27 26.35
25.95 -65.25 24.20 26.19
26.10 -64.35 2.18 26.37
26.25 -61.95 -4.84 26.55
24.75 -59.85 -7.26 26.33
26.10 -51.75 -18.39 26.31
25.80 -48.15 -19.12 26.22
19.05 -53.40 -15.97 26.08
17.25 -55.20 -15.73 26.08
16.80 -54.75 -16.46 26.28
20.70 -48.30 -19.60 26.57
28.35 -37.35 -22.75 26.33
27.90 -30.90 -24.20 26.28
30.60 -10.65 -22.51 26.22
28.35 -9.90 -22.99 26.39
29.40 0.90 -15.73 26.39
28.05 13.35 -6.05 26.42
28.95 13.95 -4.36 26.26
28.50 15.60 10.65 26.31
28.50 18.90 17.42 26.22
27.30 19.05 31.70 26.33
27.60 10.05 40.41 26.46
28.05 7.05 46.95 26.19
28.65 -17.40 55.66 26.37
29.40 -22.20 56.87 26.44
30.90 -54.00 42.35 26.19
32.10 -55.65 40.17 26.28
31.65 -62.25 5.81 26.22
32.85 -58.95 0.97 26.31
32.40 -57.45 -10.16 26.31
31.35 -37.05 -19.12 26.24
30.75 -36.90 -22.26 26.17
29.40 -7.65 -22.02 26.24
31.50 -6.90 -19.36 26.33
28.65 18.00 3.87 26.35
31.05 16.80 7.99 26.19
28.95 5.55 44.77 26.15
31.35 3.90 45.98 26.35
29.70 -30.90 56.87 26.33
29.25 -28.65 56.39 26.08
27.30 -53.85 48.16 26.44
28.05 -55.05 39.45 26.28
27.00 -64.65 7.26 26.22
28.80 -61.50 -4.84 26.35
26.85 -42.45 -21.54 26.37
26.85 -35.10 -25.41 26.26
26.10 -9.60 -23.23 26.28
27.75 3.90 -0.24 26.42
26.85 16.65 1.21 26.17
27.45 19.05 30.01 26.28
28.05 16.20 29.04 26.35
28.50 9.75 53.24 26.35
29.85 -5.55 52.51 26.46
29.85 -9.00 55.90 26.64
29.70 -42.15 52.27 26.35
29.40 -49.35 31.70 26.48
28.05 -64.65 13.07 26.37
28.80 -63.90 -11.62 26.59
26.85 -40.95 -20.81 26.48
27.90 -30.15 -24.68 26.53
23.70 -8.40 -24.93 26.55
22.95 14.85 -6.05 26.68
21.15 17.10 -3.87 26.50
19.50 16.50 39.69 26.57
18.90 13.05 43.56 26.19
18.45 -19.35 60.50 26.57
20.40 -22.35 60.74 26.35
18.75 -62.85 38.96 26.31
21.15 -65.10 25.89 26.35
20.25 -62.85 -4.36 26.35
20.55 -58.80 -18.39 26.28
20.25 -39.30 -24.68 26.33
21.00 -27.15 -24.20 26.59
19.05 0.60 -20.09 26.57
21.45 18.60 14.04 26.57
19.35 21.45 10.65 26.44
17.55 9.60 45.25 26.59
19.50 8.85 47.67 26.39
18.30 -38.85 59.05 26.64
20.10 -39.15 56.87 26.15
18.30 -67.95 26.62 26.55
20.25 -68.55 -6.53 26.35
19.65 -57.15 -13.79 26.35
19.35 -35.85 -28.80 26.35
16.65 -22.65 -28.31 26.39
13.20 12.00 -15.00 26.35
13.35 16.65 3.15 26.31
9.90 20.25 34.12 26.48
9.90 6.75 59.77 26.55
9.45 -13.65 60.50 26.44
10.05 -56.25 50.58 26.35
12.75 -62.25 30.73 26.46
12.75 -69.90 15.73 26.48
12.75 -63.00 -18.63 26.39
14.40 -52.05 -20.09 26.44
12.45 -18.15 -29.52 26.59
13.65 -13.95 -24.93 26.33
9.90 10.65 -12.58 26.17
11.40 19.05 17.18 26.35
10.95 22.05 24.93 26.33
10.80 -4.05 59.05 26.53
13.05 -13.05 60.26 26.31
9.60 -42.00 58.56 26.39
7.05 -49.95 44.77 26.57
5.55 -69.75 11.37 26.31
4.20 -65.85 -17.18 26.33
4.80 -46.95 -22.99 26.62
5.55 -12.90 -28.31 26.48
4.80 -5.85 -23.96 26.57
4.65 20.55 7.02 26.59
3.45 21.45 44.53 26.57
4.35 7.20 50.58 26.59
2.70 -31.05 57.35 26.53
5.40 -50.25 52.51 26.66
4.50 -70.05 15.49 26.39
5.70 -67.05 -15.73 26.55
4.35 -40.65 -26.38 26.62
3.90 -10.80 -28.07 26.64
6.60 -4.20 -24.20 26.53
0.15 21.30 10.16 26.59
0.90 21.75 43.08 26.66
-1.65 3.30 52.76 26.46
-1.95 -35.40 56.63 26.59
-1.65 -46.95 51.79 26.66
-5.10 -65.70 28.31 26.55
-1.80 -67.95 -1.94 26.55
-3.15 -64.80 -1.45 26.62
-3.45 -38.85 -24.44 26.53
-2.25 -32.25 -26.62 26.66
-3.60 -4.80 -23.47 26.42
-3.00 17.85 7.74 26.50
-4.20 19.80 11.37 26.66
-5.85 4.05 49.13 26.62
-4.95 -3.60 58.08 26.62
-2.70 -50.25 49.13 26.48
-5.70 -67.50 10.16 26.53
-0.90 -64.05 -19.84 26.42
-2.40 -28.80 -28.31 26.70
-6.90 10.95 -13.55 26.57
-7.80 15.00 12.34 26.64
-7.20 16.05 35.33 26.57
-10.05 -18.00 57.35 26.46
-9.60 -30.45 53.24 26.68
-8.25 -62.25 32.67 26.73
-7.20 -58.50 -8.47 26.42
-7.95 -50.85 -21.54 26.57
-6.90 -36.45 -25.41 26.53
-8.40 3.90 -18.15 26.53
-8.10 13.35 15.97 26.75
-8.70 17.55 27.35 26.53
-11.70 0.15 50.09 26.42
-7.20 -14.85 57.84 26.57
-5.70 -47.10 50.58 26.53
-9.15 -67.20 17.67 26.44
-7.05 -63.45 -16.70 26.64
-5.40 -43.35 -23.72 26.37
-7.35 -21.30 -26.14 26.48
-9.15 6.75 -15.97 26.59
-8.55 13.65 10.16 26.42
-8.10 19.35 19.12 26.53
-10.65 7.50 46.95 26.59
-10.05 -22.50 58.81 26.66
-8.10 -48.00 44.53 26.48
-7.80 -63.45 7.74 26.39
-6.60 -61.95 -10.89 26.50
-6.90 -33.60 -25.89 26.55
-7.95 -13.35 -25.17 26.55
-7.80 11.70 -1.94 26.37
-10.20 16.65 32.43 26.33
-7.65 -5.55 58.81 26.55
-4.65 -45.30 52.27 26.55
-4.50 -64.20 24.93 26.55
-5.40 -67.50 -0.73 26.53
-5.25 -55.20 -17.42 26.68
-3.45 -29.55 -25.65 26.55
-4.35 4.65 -16.21 26.46
-6.45 18.75 15.49 26.62
-8.70 14.85 48.88 26.75
-8.40 -19.50 58.81 26.57
-6.90 -49.50 48.88 26.66
-4.05 -66.60 15.25 26.50
-1.65 -56.70 -14.76 26.39
-4.05 -24.60 -27.35 26.37
-2.70 2.40 -11.13 26.50
-7.05 20.55 28.56 26.46
-9.60 -6.90 57.60 26.46
-2.10 -45.45 39.20 26.70
3.00 -69.75 14.52 26.55
2.55 -48.15 -25.65 26.55
1.20 1.05 -14.04 26.53
0.75 17.55 35.57 26.53
0.60 -0.75 60.26 26.57
3.45 -29.40 53.00 26.46
3.75 -64.50 33.15 26.55
3.00 -67.05 -10.65 26.44
2.85 -28.80 -29.28 26.46
2.40 4.95 -18.39 26.62
1.65 18.15 22.02 26.62
2.25 13.50 45.25 26.62
2.40 -13.50 61.23 26.81
2.25 -55.05 50.34 26.44
9.30 -68.85 -1.94 26.57
10.20 -58.05 -16.94 26.46
11.70 -29.70 -28.80 26.62
8.70 -5.25 -24.20 26.48
9.00 22.05 10.89 26.66
8.85 17.40 53.24 26.53
8.10 -10.35 60.98 26.42
8.55 -53.40 48.16 26.57
8.85 -69.60 0.48 26.46
7.05 -27.75 -29.04 26.57
10.35 15.00 -9.68 26.44
12.30 21.15 30.73 26.64
15.00 8.55 53.48 26.62
18.30 -34.65 56.63 26.44
20.25 -65.85 22.51 26.35
18.00 -57.45 -15.97 26.48
21.60 -29.55 -24.44 26.48
20.40 7.95 0.24 26.28
19.50 21.15 29.28 26.48
19.20 -19.35 58.56 26.57
18.30 -67.50 18.63 26.57
24.00 -55.20 -27.35 26.46
24.00 -12.75 -25.41 26.55
23.40 16.50 6.53 26.44
19.65 10.35 42.11 26.57
21.75 -16.05 58.56 26.55
23.10 -56.85 33.64 26.53
25.20 -64.05 -1.21 26.66
25.65 -44.25 -23.72 26.62
24.00 -6.30 -17.42 26.39
24.15 18.60 22.75 26.59
26.70 5.70 57.11 26.55
30.75 -26.25 54.45 26.55
31.80 -56.85 37.51 26.46
31.50 -56.85 -6.05 26.57
37.95 -47.85 -17.67 26.46
38.25 -25.50 -19.60 26.50
38.70 3.15 -7.02 26.62
39.90 10.80 12.83 26.39
40.05 11.85 27.59 26.44
40.80 2.10 37.51 26.59
40.80 -12.45 46.71 26.53
39.90 -34.50 43.32 26.62
40.95 -41.55 33.64 26.53
40.35 -55.20 24.68 26.50
40.95 -53.10 4.36 26.77
41.10 -34.95 -13.55 26.59
40.35 -15.75 -15.73 26.50
41.10 -12.75 -7.74 26.57
41.55 -0.30 -3.87 26.64
41.25 9.75 13.07 26.55
41.85 3.15 31.94 26.62
42.90 -8.70 42.59 26.59
42.90 -15.00 46.95 26.44
41.85 -30.75 42.59 26.42
43.20 -50.40 27.35 26.22
43.35 -53.85 11.62 26.24
43.05 -38.85 -8.71 26.59
43.65 -15.30 -13.55 26.57
42.15 -3.75 -2.18 26.73
42.00 4.20 10.65 26.53
41.10 10.20 12.58 26.44
40.50 4.65 33.40 26.59
40.80 -16.35 48.16 26.62
41.85 -36.75 46.46 26.59
41.25 -45.60 29.52 26.59
41.85 -53.40 14.28 26.59
42.00 -55.20 3.39 26.66
41.25 -52.50 -3.87 26.59
40.05 -44.10 -11.13 26.59
38.55 -22.65 -18.15 26.68
37.20 7.05 -7.74 26.42
34.95 13.20 15.25 26.50
34.20 14.40 36.30 26.57
34.20 9.60 40.90 26.57
34.80 0.75 44.29 26.73
35.55 -14.55 51.79 26.68
35.55 -43.20 49.85 26.66
35.85 -52.80 31.46 26.62
37.05 -58.35 11.62 26.50
36.75 -60.00 5.32 26.50
36.90 -57.60 1.45 26.57
36.45 -50.25 -8.71 26.66
35.85 -31.35 -18.88 26.62
35.55 -14.25 -20.33 26.66
33.75 -6.30 -22.02 26.46
29.40 11.10 -12.34 26.70
27.30 18.60 16.70 26.42
27.60 13.65 47.67 26.55
26.10 5.10 55.66 26.50
26.85 -13.20 57.11 26.55
26.85 -42.90 53.48 26.66
27.75 -63.90 28.56 26.48
29.25 -58.50 -0.97 26.70
28.35 -45.00 -18.15 26.57
28.50 -39.45 -24.93 26.59
28.05 -16.80 -19.12 26.64
25.95 12.15 -5.57 26.81
22.80 20.55 11.86 26.64
20.70 14.10 38.96 26.55
19.65 -19.05 59.29 26.50
16.50 -41.85 57.84 26.46
13.95 -54.45 42.11 26.37
16.80 -61.80 21.05 26.64
18.15 -68.55 0.97 26.53
18.00 -62.40 -12.10 26.62
16.20 -40.65 -28.56 26.62
18.00 -19.20 -21.05 26.48
19.65 4.35 -1.94 26.39
16.50 18.00 10.89 26.53
13.20 22.50 42.83 26.55
11.55 7.35 55.90 26.50
10.20 -22.65 61.71 26.55
10.05 -54.30 52.03 26.53
10.05 -69.75 23.47 26.50
9.15 -66.00 1.94 26.59
12.60 -49.05 -18.88 26.73
13.80 -39.00 -27.10 26.75
10.35 -38.40 -29.28 26.62
6.90 4.95 -13.79 26.50
4.50 22.05 8.23 26.62
8.40 13.50 43.80 26.66
7.95 -9.30 58.81 26.62
4.05 -29.25 60.74 26.66
4.50 -68.10 34.12 26.75
7.35 -69.00 7.02 26.44
5.85 -60.90 -15.97 26.68
3.60 -51.60 -27.83 26.55
4.50 -22.65 -22.26 26.50
4.05 7.65 -8.23 26.57
3.30 22.50 13.55 26.59
2.55 16.95 35.82 26.55
2.55 15.15 48.64 26.42
2.70 -15.30 61.23 26.35
4.95 -25.35 56.14 26.59
3.45 -50.25 38.72 26.39
9.15 -68.70 19.36 26.42
9.45 -66.60 -1.69 26.42
7.20 -36.90 -27.10 26.42
5.25 -3.15 -25.17 26.55
4.20 18.45 -5.32 26.64
4.35 21.75 35.09 26.37
1.65 18.00 51.30 26.57
4.35 -15.00 60.50 26.55
3.90 -46.05 55.18 26.33
2.70 -69.15 24.20 26.66
4.95 -60.30 -8.95 26.44
4.80 -37.95 -28.56 26.57
2.40 -37.35 -26.38 26.62
2.70 -38.10 -27.59 26.53
2.85 2.25 -19.84 26.53
1.95 18.30 -3.63 26.59
2.55 20.25 24.20 26.48
0.00 -1.80 56.87 26.62
0.75 -20.70 60.50 26.59
2.55 -30.60 54.21 26.53
4.05 -51.60 40.66 26.57
4.35 -66.45 23.23 26.75
0.75 -69.30 12.83 26.55
2.25 -67.20 1.69 26.64
1.65 -50.85 -15.97 26.64
4.20 -50.55 -27.35 26.59
2.25 -13.20 -17.18 26.73
1.35 4.95 -12.83 26.66
3.15 20.10 2.18 26.62
5.25 21.00 30.73 26.50
6.45 -3.90 55.42 26.75
3.45 -9.00 62.19 26.68
5.10 -30.60 49.61 26.55
6.15 -56.25 28.07 26.62
7.35 -68.70 27.10 26.66
6.45 -66.45 7.02 26.66
7.05 -65.85 -14.52 26.62
9.90 -51.30 -19.60 26.68
8.70 -13.35 -29.04 26.77
6.30 -6.75 -18.39 26.59
6.30 5.85 -14.28 26.39
6.60 22.65 8.47 26.59
6.00 18.90 34.12 26.68
5.70 -8.70 58.56 26.70
6.00 -17.40 60.50 26.75
7.50 -28.95 60.74 26.77
8.25 -37.35 56.63 26.66
12.75 -64.95 34.36 26.68
12.90 -66.15 41.38 26.64
9.00 -56.40 47.43 26.57
6.60 -61.80 43.08 26.73
10.65 -64.50 37.03 26.62
13.50 -69.45 11.37 26.57
14.70 -46.65 -23.96 26.57
15.30 -48.30 -20.09 26.55
15.60 -41.55 -26.38 26.64
16.65 -1.50 -17.67 26.62
14.40 8.10 -17.91 26.44
14.70 11.55 -11.62 26.59
15.45 18.60 4.60 26.79
15.00 22.65 22.26 26.57
16.65 12.15 42.83 26.59
14.10 -28.35 60.98 26.55
16.35 -29.70 57.60 26.57
19.65 -65.10 34.85 26.57
18.45 -57.60 -13.07 26.46
21.00 -56.10 -22.26 26.57
21.30 -16.05 -27.59 26.73
18.00 -11.55 -19.84 26.55
21.45 7.05 -17.42 26.55
18.75 7.20 -15.97 26.62
23.10 16.80 11.13 26.59
25.80 12.30 36.06 26.64
23.40 16.05 47.67 26.77
25.50 -28.50 57.84 26.66
26.40 -62.25 37.27 26.53
25.65 -63.15 31.70 26.57
30.60 -62.70 26.86 26.86
29.55 -64.35 8.23 26.57
28.80 -58.05 -18.88 26.64
26.85 -45.15 -20.81 26.62
27.15 -23.40 -24.93 26.53
25.80 -17.55 -26.38 26.79
25.05 -12.75 -23.47 26.59
26.85 11.40 -13.31 26.62
25.05 18.45 15.73 26.75
26.40 19.35 16.94 26.68
27.90 8.85 42.59 26.86
27.45 -10.80 54.21 26.66
25.80 -5.10 55.18 26.66
30.75 -23.85 56.63 26.57
28.50 -52.95 48.40 26.73
29.10 -62.40 16.70 26.68
29.85 -64.65 9.44 26.55
32.70 -47.85 -15.97 26.55
30.45 -33.60 -21.30 26.70
31.80 -36.30 -19.60 26.55
34.80 -23.55 -20.81 26.64
34.50 -21.15 -16.70 26.70
37.20 2.70 -11.13 26.55
36.00 3.60 -9.44 26.59
38.25 10.65 20.81 26.44
38.55 12.60 22.75 26.53
40.50 5.85 29.04 26.50
43.35 6.90 27.83 26.81
40.20 9.00 26.86 26.62
39.75 10.05 28.07 26.55
34.65 15.45 25.17 26.64
30.75 14.25 34.85 26.68
31.50 -4.80 50.09 26.73
33.45 -35.55 52.03 26.39
37.20 -41.85 29.77 26.57
40.50 -52.50 6.29 26.53
39.15 -51.00 -16.70 26.55
40.95 -20.55 -17.42 26.57
40.05 6.75 -2.42 26.55
39.45 10.65 31.70 26.48
40.05 8.85 29.77 26.64
38.70 -5.70 49.37 26.53
39.45 -27.60 48.16 26.59
39.00 -50.55 36.78 26.33
41.70 -52.80 9.92 26.84
42.90 -53.55 1.94 26.55
43.20 -28.95 -13.55 26.46
42.90 -6.00 -10.65 26.53
42.15 -6.30 -10.16 26.75
44.85 -2.55 -1.94 26.55
47.25 -6.30 -3.87 26.42
48.60 -8.85 0.48 26.57
51.90 -9.75 7.99 26.64
53.40 -11.70 6.53 26.75
51.60 -6.75 12.83 26.55
52.65 -10.35 16.21 26.55
54.15 -14.40 18.63 26.84
54.15 -13.80 18.63 26.64
52.50 -9.75 22.26 26.53
52.05 -10.35 30.73 26.50
51.90 -18.45 35.09 26.53
50.25 -30.15 32.67 26.55
52.05 -34.95 25.41 26.57
51.60 -38.25 24.44 26.48
50.85 -43.20 20.57 26.50
47.25 -48.75 12.34 26.46
48.00 -46.05 -3.15 26.33
48.75 -25.50 -7.02 26.42
46.95 -21.45 -11.13 26.53
46.80 -0.90 3.15 26.68
49.65 -2.40 19.36 26.59
48.90 0.75 19.12 26.55
48.30 -4.65 28.56 26.57
51.45 -11.25 30.73 26.57
50.70 -21.60 36.78 26.42
50.55 -27.00 27.83 26.44
52.50 -37.35 23.96 26.66
52.35 -40.50 14.76 26.68
49.50 -30.30 -0.97 26.68
49.80 -28.80 -5.57 26.55
50.55 -18.75 -4.84 26.64
49.80 -8.70 1.21 26.33
49.80 -7.80 0.48 26.70
51.15 -5.25 14.04 26.42
52.05 -5.85 13.55 26.44
51.30 -4.65 12.34 26.57
51.15 -4.65 9.92 26.57
51.00 -5.85 8.47 26.44
51.15 -6.30 7.74 26.59
53.40 -13.50 8.23 26.50
52.50 -10.80 2.18 26.46
50.70 -13.20 0.00 26.75
50.25 -10.80 -2.90 26.44
48.90 -6.00 0.00 26.73
48.15 -3.15 6.05 26.55
48.15 2.85 14.28 26.64
43.35 6.90 25.65 26.42
42.45 6.15 29.77 26.48
43.50 -4.20 41.62 26.66
42.30 -8.85 45.74 26.57
43.50 -29.25 45.25 26.22
44.55 -31.50 42.59 26.42
45.15 -43.20 35.57 26.68
45.15 -46.35 21.78 26.68
45.60 -50.25 11.62 26.35
45.15 -42.45 -4.11 26.53
46.05 -40.50 -5.08 26.64
46.20 -26.70 -10.65 26.48
45.75 -23.70 -12.58 26.59
42.75 -7.50 -8.47 26.50
44.70 1.80 5.32 26.48
42.30 9.15 6.78 26.62
40.35 10.05 23.96 26.59
40.35 7.80 35.57 26.46
39.75 -3.15 45.74 26.42
38.55 -21.15 50.34 26.48
40.05 -33.15 48.40 26.44
39.15 -47.25 42.83 26.59
42.60 -44.85 38.72 26.75
42.15 -46.50 37.27 26.44
42.15 -48.45 35.09 26.55
39.60 -54.60 31.46 26.73
38.25 -55.65 31.46 26.59
35.85 -59.55 25.65 26.66
36.45 -58.65 6.53 26.42
33.15 -49.05 -12.83 26.62
29.55 -32.55 -25.41 26.62
25.95 -18.90 -18.88 26.64
25.50 2.55 -0.24 26.73
27.30 17.55 13.07 26.42
29.85 11.85 47.92 26.55
32.85 -17.55 54.93 26.26
30.30 -44.25 43.56 26.66
29.25 -52.20 40.90 26.55
29.55 -62.70 24.68 26.53
29.25 -54.15 -15.49 26.37
32.70 -22.65 -21.78 26.59
32.55 -19.50 -24.20 26.39
29.10 5.10 -0.97 26.55
31.05 14.40 0.24 26.59
26.85 16.65 2.18 26.66
26.25 17.70 39.93 26.55
28.50 3.45 50.09 26.64
25.20 -4.20 54.45 26.42
27.45 -39.45 47.92 26.62
30.45 -52.05 44.53 26.42
28.95 -57.75 34.85 26.44
30.00 -61.65 1.45 26.55
31.20 -51.30 -14.04 26.53
30.75 -46.80 -16.21 26.42
30.15 -45.30 -18.63 26.66
31.35 -30.30 -19.60 26.33
31.95 -33.15 -23.47 26.57
28.35 -25.65 -24.68 26.37
27.75 -4.80 -19.36 26.57
28.20 8.40 -10.41 26.66
27.30 6.30 -13.31 26.81
27.15 16.05 12.10 26.22
26.70 19.80 17.18 26.59
25.50 19.05 30.01 26.44
22.95 7.05 53.00 26.57
24.45 -7.50 57.11 26.42
18.45 -14.25 60.26 26.42
15.60 -21.75 61.47 26.57
15.75 -55.95 48.88 26.66
14.10 -66.15 6.78 26.70
19.20 -68.55 9.20 26.35
20.25 -54.90 -13.31 26.28
21.15 -27.75 -27.35 26.44
19.95 -29.55 -27.59 26.73
21.15 6.15 -20.81 26.75
20.55 12.60 15.49 26.55
21.45 21.60 15.25 26.57
19.50 -5.70 54.93 26.24
17.40 -51.15 53.24 26.66
17.10 -59.40 21.05 26.59
17.55 -68.55 6.78 26.26
16.35 -55.95 -17.91 26.42
15.75 -23.85 -28.80 26.42
14.70 13.95 -13.79 26.46
17.55 18.30 15.49 26.55
19.95 21.90 19.84 26.44
19.20 17.25 35.33 26.57
20.70 -1.65 54.21 26.42
19.95 -28.95 60.50 26.70
20.25 -48.90 56.14 26.64
20.25 -51.45 46.95 26.55
19.80 -66.15 26.38 26.44
19.95 -66.30 31.70 26.59
16.35 -61.80 -4.36 26.64
17.40 -62.25 -15.25 26.66
18.45 -36.00 -26.86 26.57
17.55 -1.05 -25.89 26.44
14.70 4.80 -5.57 26.64
17.25 19.05 0.73 26.75
14.85 15.45 35.82 26.55
21.60 4.20 60.02 26.57
22.35 -18.90 60.02 26.68
23.10 -52.35 47.92 26.46
25.05 -65.85 16.70 26.55
28.95 -62.25 -14.76 26.64
34.05 -47.10 -17.18 26.55
33.30 -9.90 -20.33 26.68
33.00 6.45 7.02 26.70
34.95 14.10 10.65 26.62
34.95 7.65 33.40 26.44
39.60 -17.70 49.61 26.64
43.65 -23.40 43.08 26.73
47.10 -27.00 37.75 26.57
49.20 -36.60 29.77 26.55
51.15 -40.20 17.67 26.73
52.05 -36.45 6.29 26.77
52.20 -27.75 1.69 26.59
53.25 -20.55 6.05 26.64
54.00 -14.10 16.94 26.44
54.00 -13.50 25.65 26.59
53.10 -18.75 32.67 26.26
50.55 -24.90 35.33 26.55
49.50 -36.75 35.82 26.44
47.55 -47.10 25.65 26.33
45.75 -50.10 12.58 26.59
46.80 -49.80 14.52 26.55
44.55 -51.15 2.18 26.68
46.05 -42.00 -5.81 26.39
44.25 -27.15 -11.86 26.44
44.55 -23.10 -10.89 26.46
46.35 -10.80 -6.53 26.39
48.15 -3.30 6.53 26.55
51.45 -5.25 13.31 26.48
51.75 -7.35 24.44 26.59
51.75 -18.90 34.61 26.62
51.90 -30.30 28.56 26.55
53.25 -28.50 25.17 26.53
53.25 -33.45 18.15 26.53
53.25 -35.85 10.89 26.50
51.60 -25.20 -1.45 26.39
51.75 -9.30 12.10 26.79
50.70 -5.85 32.67 26.28
46.05 -25.35 40.90 26.46
46.35 -47.25 25.41 26.53
47.70 -45.60 -0.73 26.62
47.70 -32.10 -5.81 26.33
48.00 -14.40 -4.84 26.48
48.90 -19.05 -6.05 26.46
48.15 -32.10 -7.02 26.73
43.35 -40.95 -11.37 26.57
30.30 -49.50 -18.15 26.37
14.25 -51.90 -19.12 26.64
0.15 -51.45 -19.12 26.44
-8.55 -46.50 -19.12 26.59
-12.75 -46.35 -18.15 26.68
-10.65 -37.95 -24.44 26.39
-15.90 -17.40 -21.54 26.62
-17.10 -17.55 -20.57 26.55
-20.10 -6.00 -16.21 26.57
-20.70 6.60 4.11 26.50
-21.00 10.80 27.10 26.62
-22.35 4.50 42.35 26.59
-22.35 -13.35 48.40 26.73
-22.80 -28.80 48.88 26.53
-19.20 -51.45 38.96 26.59
-18.00 -57.90 22.75 26.42
-19.35 -61.65 12.58 26.33
-20.85 -50.25 -3.15 26.42
-22.05 -35.85 -15.73 26.62
-24.45 -24.45 -16.46 26.48
-25.35 -6.45 -12.58 26.44
-23.85 5.70 4.36 26.50
-23.10 8.70 20.09 26.44
-24.60 9.60 21.05 26.53
-25.95 -6.30 35.09 26.53
-24.15 -3.90 44.29 26.46
-25.95 -18.60 46.95 26.55
-25.65 -41.55 43.56 26.46
-23.25 -51.60 20.57 26.48
-23.55 -57.75 24.44 26.50
-22.50 -57.15 3.39 26.42
-22.05 -50.70 -11.62 26.57
-23.40 -42.45 -16.21 26.35
-20.85 -16.80 -21.30 26.53
-17.85 8.10 -8.23 26.62
-16.65 14.55 21.54 26.42
-14.10 13.35 44.29 26.50
-14.70 4.95 49.13 26.22
-14.40 -17.25 56.87 26.59
-11.25 -53.85 46.46 26.24
-7.20 -67.20 15.97 26.46
-3.30 -62.10 -15.73 26.33
-2.10 -60.15 -15.97 26.26
-3.15 -45.00 -24.20 26.44
0.15 -10.20 -28.80 26.33
-0.15 6.30 -17.67 26.31
-1.05 16.65 14.76 26.39
-1.95 21.75 33.15 26.68
1.65 4.05 54.69 26.31
6.90 -32.10 59.77 26.68
11.10 -65.25 38.72 26.44
13.50 -68.55 -1.69 26.46
12.90 -61.80 -19.12 26.57
9.30 -42.75 -24.93 26.62
11.55 -7.20 -27.35 26.37
11.85 16.65 -2.42 26.55
16.35 21.45 30.73 26.55
11.40 14.40 48.64 26.50
12.45 -7.80 58.08 26.53
8.40 -45.75 58.08 26.42
6.00 -67.35 30.25 26.55
7.50 -69.00 -8.71 26.55
9.15 -55.95 -22.99 26.26
6.00 -16.65 -28.80 26.64
5.10 13.50 -11.13 26.37
4.50 20.85 17.18 26.33
1.50 22.20 37.03 26.35
-3.60 3.15 56.39 26.53
-7.05 -34.35 58.08 26.11
0.15 -64.65 36.06 26.39
3.75 -65.25 31.94 26.55
1.05 -68.70 17.18 26.31
3.45 -62.85 -15.00 26.24
-1.80 -54.45 -21.54 26.48
-3.75 -19.95 -28.31 26.46
-2.40 11.25 -10.41 26.44
-5.25 15.90 12.83 26.66
-10.20 18.30 26.86 26.35
-14.40 3.00 40.90 26.22
-15.30 -22.50 52.51 26.39
-17.70 -34.05 43.56 26.24
-21.15 -52.95 36.06 26.28
-21.30 -55.80 5.08 26.33
-20.55 -36.15 -16.94 26.26
-18.75 -20.85 -14.52 26.24
-24.90 -7.80 -8.95 26.31
-23.25 8.70 10.16 26.24
-23.85 3.60 35.33 26.26
-23.25 -22.95 46.22 26.24
-20.70 -47.85 40.90 26.15
-16.80 -60.90 13.07 26.26
-17.10 -60.90 -7.02 26.24
-22.05 -43.80 -16.21 26.31
-22.80 -23.25 -18.88 26.37
-20.55 6.90 -1.21 26.57
-22.35 6.00 28.31 26.55
-24.60 1.05 43.56 26.50
-24.90 -27.30 48.16 26.55
-24.45 -54.75 31.46 26.53
-21.30 -56.40 5.57 26.31
-20.70 -49.35 -11.13 26.42
-20.70 -32.70 -17.18 26.50
-21.45 -12.90 -7.99 26.22
-19.05 7.35 4.84 26.44
-20.25 13.50 28.80 26.46
-17.55 4.50 46.46 26.46
-16.80 -18.15 56.87 26.28
-10.65 -35.40 56.14 26.28
-5.55 -65.25 29.28 26.28
-1.95 -64.05 -3.39 26.19
-0.30 -25.50 -28.56 26.26
1.95 10.65 -13.55 26.31
1.20 20.70 15.25 26.31
0.30 19.80 42.11 26.39
-0.30 -12.15 60.50 26.31
-1.20 -60.15 39.45 26.24
5.40 -65.55 -3.63 26.33
8.25 -32.70 -28.07 26.28
8.25 9.90 -2.42 26.39
6.75 21.30 33.15 26.17
5.10 7.05 56.39 26.35
3.45 -33.30 55.90 26.26
0.75 -69.60 14.04 26.37
5.55 -54.45 -20.57 26.42
6.60 -44.70 -23.96 26.26
3.75 -43.95 -23.72 26.22
-6.45 -40.80 -23.72 26.37
-6.60 -38.10 -27.59 26.42
-4.50 -13.95 -24.20 26.42
-6.75 10.35 -13.55 26.31
-6.45 18.75 20.57 26.26
-6.15 12.30 50.09 26.19
-6.60 -8.10 58.32 26.28
-12.60 -38.85 51.79 26.31
-14.70 -51.30 50.34 26.31
-8.70 -60.15 35.82 26.22
-16.95 -58.95 32.67 26.08
-14.40 -65.85 9.20 26.37
-9.90 -57.15 -14.52 26.26
-9.30 -21.75 -25.41 26.46
-10.50 1.50 -14.04 26.39
-9.75 13.05 10.89 26.37
-11.10 15.75 34.85 26.37
-12.90 -6.60 54.69 26.35
-10.65 -43.80 52.03 26.22
-14.85 -55.50 24.68 26.22
-11.10 -66.75 4.11 26.44
-14.55 -47.55 -18.88 26.33
-17.85 -26.25 -21.78 26.44
-18.90 1.05 -14.28 26.26
-19.35 10.05 12.58 26.26
-19.95 12.75 23.72 26.13
-23.25 7.95 26.62 26.22
-27.15 -1.50 35.82 26.39
-28.05 -17.40 44.77 26.28
-26.85 -31.50 44.29 26.55
-26.70 -45.45 39.20 26.22
-25.50 -55.05 28.56 26.22
-23.70 -56.10 11.62 26.15
-23.10 -47.70 -7.26 26.26
-23.25 -39.30 -14.52 26.33
-24.45 -30.75 -14.04 26.46
-25.95 -12.45 -11.37 26.42
-24.75 -0.60 -7.99 26.46
-21.30 12.75 17.91 26.50
-19.65 0.45 40.90 26.22
-17.25 -12.00 49.13 26.55
-15.90 -24.15 53.97 26.24
-16.95 -38.85 50.09 26.28
-12.45 -57.90 32.67 26.24
-9.30 -67.05 1.94 26.19
-1.05 -56.25 -20.33 26.33
-4.80 -26.40 -26.14 26.24
-4.05 8.85 -7.99 26.44
-1.80 19.80 34.12 26.26
-6.75 -6.75 58.81 26.22
-5.85 -48.60 43.08 26.31
-0.75 -69.00 -3.15 26.33
1.95 -58.95 -23.96 26.44
1.35 -49.20 -18.63 26.42
1.20 -6.75 -26.86 26.15
1.20 17.70 -3.87 26.46
-1.50 21.30 42.35 26.26
-0.30 9.90 57.35 26.19
2.70 -29.40 59.77 26.28
4.50 -63.30 39.20 26.33
5.70 -68.55 4.60 26.31
1.95 -35.25 -25.89 26.35
-2.25 -5.55 -12.58 26.37
-4.65 13.35 12.58 26.22
-3.30 15.90 36.78 26.37
-3.30 -12.45 55.42 26.59
-7.05 -51.60 49.13 26.35
-12.75 -66.00 15.73 26.28
-20.55 -61.35 -6.53 26.26
-15.00 -42.75 -14.76 26.17
-16.80 -0.45 -14.28 26.13
-22.35 11.85 13.79 26.24
-26.25 7.35 41.62 26.19
-24.30 -13.95 42.11 26.42
-21.00 -55.65 35.82 26.26
-25.20 -57.45 -8.23 26.39
-19.20 -50.70 -5.57 26.44
-25.20 -41.55 -13.55 26.24
-24.45 -18.60 -10.41 26.26
-24.60 6.00 8.23 26.22
-26.25 6.75 34.36 26.33
-28.50 -16.05 43.08 26.31
-28.20 -44.70 33.88 26.35
-25.20 -53.55 4.84 26.22
-28.80 -37.35 -7.99 26.31
-33.15 -7.20 3.39 26.35
-31.35 -4.05 26.86 26.26
-32.25 -18.90 35.82 26.35
-34.20 -38.70 24.44 26.37
-34.65 -40.50 7.99 26.22
-35.55 -32.40 4.60 26.28
-36.15 -19.95 9.20 26.37
-36.60 -14.10 18.63 26.24
-37.50 -20.85 19.84 26.19
-38.10 -27.15 15.00 26.46
-37.65 -27.75 12.34 26.15
-37.65 -26.70 10.16 26.24
-37.80 -24.30 17.18 26.28
-37.80 -25.95 18.15 26.31
-37.80 -28.50 17.42 26.35
-37.95 -28.20 18.63 26.28
-36.90 -30.30 18.88 26.28
-37.50 -31.35 8.23 26.22
-36.45 -22.05 2.90 26.31
-35.70 -17.55 7.99 26.33
-35.70 -14.25 13.07 26.19
-36.45 -10.20 20.33 26.46
-32.85 -16.35 33.88 26.31
-35.25 -23.40 33.40 26.37
-29.85 -46.35 37.03 26.17
-23.25 -52.20 28.07 26.31
-26.10 -57.30 14.52 26.15
-19.95 -59.70 3.39 26.31
-16.35 -52.80 -14.04 26.22
-11.85 -30.00 -26.38 26.26
-9.15 -12.60 -21.54 26.22
-5.10 15.00 -4.11 26.35
-14.70 13.35 21.54 26.28
-23.55 3.45 39.20 26.17
-19.95 -1.80 50.34 26.17
-13.95 -23.85 54.21 26.46
-15.00 -42.30 51.79 26.17
-15.90 -64.50 24.68 26.19
-8.85 -63.00 -12.10 26.33
-6.90 -46.80 -23.96 26.44
-8.85 -3.60 -15.00 26.46
-17.55 13.50 16.94 26.33
-24.60 -4.80 42.83 26.24
-26.55 -18.75 42.35 26.31
-29.25 -39.45 33.64 26.28
-30.90 -46.50 22.02 26.17
-27.45 -46.50 -9.44 26.26
-28.80 -15.75 -6.78 26.28
-31.95 -4.50 6.05 26.46
-30.00 3.60 17.91 26.28
-25.05 -8.10 41.14 26.24
-28.50 -24.75 39.93 26.22
-32.55 -38.10 23.96 26.33
-34.50 -42.00 17.67 26.39
-31.95 -49.65 5.08 26.46
-28.05 -47.25 -7.74 26.39
-26.70 -20.55 -10.16 26.24
-28.05 0.90 3.63 26.11
-27.60 6.30 17.67 26.08
-19.05 9.90 37.51 26.24
-12.75 3.75 50.82 26.26
7.20 -7.05 57.60 26.22
20.55 -37.05 49.13 26.22
17.70 -58.80 44.29 26.17
12.45 -66.45 22.75 26.39
14.70 -68.25 32.43 26.50
11.25 -64.65 40.90 26.19
15.00 -57.00 49.37 26.28
-4.50 -52.95 49.13 26.28
-6.45 -51.90 51.06 26.55
-0.90 -51.75 52.27 26.28
8.85 -51.15 53.97 26.15
9.75 -51.00 53.24 26.19
10.65 -50.55 53.48 26.11
7.95 -52.05 52.03 26.31
9.75 -52.05 52.76 26.28
11.10 -51.60 53.00 26.31
10.20 -52.05 52.76 26.39
9.90 -51.45 52.51 26.19
10.05 -51.45 53.24 26.17
10.20 -51.45 52.51 26.13
11.10 -51.75 53.48 26.31
9.60 -51.75 53.24 26.37
9.75 -52.05 53.24 26.19
9.75 -52.05 53.24 26.31
9.90 -51.60 53.00 26.26
10.20 -51.30 53.00 26.28
