-0.75 -37.05 -8.95 25.75
-1.20 -36.45 -8.71 25.82
-0.75 -37.20 -8.71 25.62
-1.35 -39.90 -7.99 25.71
-0.75 -39.45 -8.47 25.75
-2.55 -43.35 -7.02 25.62
-3.75 -46.65 -6.29 25.64
-0.15 -48.75 -2.66 25.66
5.85 -49.50 -1.94 25.71
6.75 -33.30 -6.78 25.71
7.05 -26.85 -6.29 25.71
6.00 -21.15 -7.50 25.62
4.95 -21.15 -7.74 25.53
-0.15 -16.95 -7.50 25.55
3.15 -14.55 -4.84 25.62
2.85 2.70 8.71 25.75
4.35 13.95 36.06 25.75
3.75 14.10 39.45 25.66
3.00 13.80 46.71 25.69
3.90 4.65 67.28 25.77
3.75 -2.85 70.91 25.75
1.95 -8.40 73.33 25.77
2.25 -19.35 77.92 25.73
3.30 -39.90 76.23 25.77
2.70 -45.15 75.26 25.80
2.85 -52.20 70.91 25.55
4.50 -66.30 50.58 25.73
5.10 -71.70 42.11 25.60
3.90 -72.60 30.98 25.73
5.55 -68.25 14.76 25.80
7.35 -52.95 0.73 25.77
5.25 -46.35 -4.36 25.49
4.80 -33.45 -6.29 25.66
7.50 -28.05 -6.78 25.73
7.95 -18.90 -4.11 25.75
8.40 -20.25 -5.32 25.80
6.75 -9.15 -1.94 25.84
5.70 -3.15 4.84 25.75
5.10 8.25 14.76 25.64
6.60 13.35 33.40 25.77
5.25 14.10 34.12 25.69
5.10 7.05 57.11 25.69
4.95 4.50 64.37 25.84
3.00 -17.70 76.96 25.66
2.40 -27.90 76.71 25.71
3.00 -56.40 68.24 25.77
3.45 -67.35 47.19 25.75
3.45 -71.85 44.53 25.51
3.45 -68.85 17.91 25.71
4.20 -67.20 9.68 25.84
1.80 -42.60 -4.60 25.55
0.90 -34.95 -8.95 25.60
0.45 -20.85 -7.99 25.71
0.00 -8.55 0.24 25.71
0.75 -2.70 -0.73 25.88
0.15 6.90 13.55 25.77
-0.90 10.65 14.28 25.82
-1.95 15.60 42.59 25.75
0.30 6.15 72.84 25.60
1.65 -17.70 76.47 25.71
0.75 -60.00 65.82 25.75
-0.60 -64.80 61.71 25.73
0.00 -73.80 33.15 25.60
1.20 -73.65 25.65 25.73
1.65 -60.75 3.39 25.84
1.05 -49.35 -9.20 25.91
1.20 -22.35 -8.71 25.69
0.90 2.70 8.47 25.77
0.30 8.25 10.41 25.58
-2.70 16.35 30.98 25.69
-5.70 16.50 44.53 25.77
-7.35 11.25 58.32 25.77
-10.65 -7.35 77.68 25.69
-7.95 -22.20 79.86 25.80
-7.35 -52.20 72.84 25.86
-8.10 -66.75 42.59 25.53
-7.05 -75.15 34.12 25.73
-7.05 -63.60 8.47 25.75
-6.15 -61.80 0.48 25.58
-6.45 -43.05 -7.26 26.00
-6.45 -13.95 -9.20 25.82
-7.35 -10.20 -5.57 25.75
-9.00 7.95 7.26 25.80
-6.45 11.25 25.17 25.64
-8.10 16.50 41.87 25.84
-8.55 11.85 72.36 25.91
-7.95 -17.55 78.65 25.64
-8.40 -50.40 76.71 25.73
-7.20 -51.15 69.45 25.58
-7.05 -73.05 44.53 25.88
-4.50 -74.25 12.58 25.77
-5.55 -68.70 8.71 25.69
-6.45 -53.85 -3.15 25.95
-6.90 -38.70 -9.92 25.51
-7.35 -41.10 -8.47 25.73
-7.50 -41.85 -8.71 25.84
-7.65 -27.75 -9.20 25.62
-13.35 -15.00 -8.47 25.73
-15.15 4.20 -0.24 25.69
-16.20 5.85 12.34 25.82
-17.85 16.50 37.99 25.75
-18.75 6.15 62.19 25.73
-19.05 3.30 68.00 25.86
-18.15 -11.55 77.44 25.64
-19.20 -36.45 77.44 25.71
-18.75 -44.25 75.50 25.84
-19.20 -64.05 62.19 25.77
-18.45 -75.00 39.20 25.69
-16.80 -75.00 27.59 25.86
-17.40 -73.05 19.84 25.75
-18.15 -60.00 2.90 25.91
-17.70 -50.40 -5.08 25.84
-15.60 -46.05 -10.16 25.82
-18.15 -22.20 -9.20 25.82
-19.35 -10.35 -6.53 25.84
-18.60 2.85 0.97 25.66
-18.00 13.80 19.12 25.88
-17.10 16.20 43.80 26.08
-17.25 15.15 53.97 25.91
-23.10 -4.95 72.12 25.97
-23.25 -33.60 78.65 25.71
-21.45 -46.35 66.79 25.88
-19.95 -63.15 63.89 25.93
-18.00 -75.15 39.93 25.93
-21.90 -72.60 12.10 25.84
-24.90 -62.85 3.87 25.84
-27.00 -41.70 -8.23 25.84
-27.00 -16.35 -5.81 25.64
-27.60 -4.65 1.45 25.91
-26.25 5.85 20.81 25.66
-28.20 13.50 31.94 25.77
-28.05 12.90 44.77 25.88
-30.30 3.45 61.95 25.71
-29.70 -7.65 68.24 25.77
-29.70 -25.35 75.99 25.73
-26.70 -36.75 71.15 25.91
-25.50 -52.80 65.58 25.88
-25.05 -68.40 52.27 25.97
-26.70 -71.40 19.60 25.84
-26.40 -53.70 0.48 25.80
-25.20 -41.40 -7.02 25.66
-24.30 -36.60 -7.99 25.80
-24.00 -14.70 -0.97 25.88
-26.25 5.10 11.13 25.82
-26.85 14.40 37.99 25.91
-27.15 -0.15 67.76 25.77
-29.25 -25.35 75.50 25.82
-32.70 -30.90 72.36 25.80
-32.10 -51.15 64.37 25.77
-31.20 -65.85 53.00 25.77
-31.65 -71.40 35.09 25.86
-31.95 -70.65 22.75 25.66
-31.95 -64.05 12.10 26.02
-30.60 -49.80 -1.45 25.80
-31.05 -37.05 -6.78 25.82
-29.70 -30.90 -7.50 25.80
-29.10 -23.85 -5.08 25.82
-29.25 -3.15 3.87 25.80
-30.30 8.70 18.88 25.93
-30.60 12.60 37.75 25.80
-31.20 9.90 47.92 25.84
-33.60 -14.85 70.18 25.86
-31.50 -41.25 73.81 25.77
-30.75 -58.95 63.40 25.69
-27.60 -69.30 44.29 25.80
-27.90 -72.30 22.02 25.82
-26.25 -69.75 12.10 25.77
-27.75 -64.50 5.57 25.62
-29.55 -52.05 -2.90 25.69
-31.80 -46.50 -5.32 25.69
-31.35 -19.65 -5.08 25.71
-30.30 -7.05 5.32 25.73
-29.40 4.65 11.62 25.80
-27.90 13.35 45.74 25.84
-27.60 0.60 69.94 25.71
-28.95 -38.55 75.02 25.84
-29.10 -57.45 64.86 25.77
-29.70 -68.40 42.83 25.73
-28.80 -71.55 22.51 25.95
-28.50 -64.65 4.84 25.84
-28.35 -51.45 -2.66 25.82
-28.50 -26.10 -7.99 25.91
-27.90 -6.30 0.00 25.95
-28.95 7.20 14.76 26.00
-29.85 13.20 39.20 25.62
-30.30 -3.30 64.13 25.82
-29.55 -20.10 75.02 25.77
-26.40 -47.40 65.34 25.95
-24.15 -67.20 44.77 25.75
-22.05 -73.80 23.23 25.93
-23.25 -54.75 -4.84 25.73
-22.35 -29.10 -9.44 25.77
-24.60 -6.75 -1.94 25.69
-24.75 11.55 17.18 25.84
-23.40 12.00 46.71 25.91
-24.60 -0.60 72.12 25.80
-25.05 -23.25 76.23 25.91
-24.60 -50.40 72.84 25.95
-24.45 -59.85 54.93 25.82
-21.15 -74.40 31.94 25.77
-23.25 -63.00 1.94 25.97
-23.40 -16.50 -5.32 25.88
-20.70 9.00 14.04 25.88
-16.65 11.40 55.90 25.91
-14.10 -16.80 78.65 25.75
-16.35 -58.50 56.39 25.82
-15.00 -74.85 27.83 25.84
-14.40 -57.60 -5.81 25.86
-13.65 -26.10 -9.44 25.93
-15.90 3.90 11.13 25.71
-16.50 15.75 50.09 25.80
-18.00 -5.10 76.23 25.88
-16.80 -43.50 71.63 25.77
-13.80 -72.60 38.96 25.88
-7.65 -64.65 4.11 25.91
-1.50 -28.50 -9.44 25.88
-2.85 -3.90 6.78 25.69
-5.25 14.85 27.83 25.73
-3.45 9.45 66.55 25.75
-3.15 -21.75 79.62 25.93
-3.45 -57.75 70.66 25.73
-3.75 -72.75 36.54 25.82
-5.40 -71.25 2.66 25.77
-4.50 -42.45 -9.68 25.93
-5.40 -7.20 1.21 25.80
-4.80 16.05 32.67 25.82
-5.25 2.40 69.94 25.82
-6.60 -30.75 79.13 25.95
-4.80 -55.80 64.61 25.66
-5.25 -74.85 27.10 25.88
-5.10 -64.35 1.45 25.73
-2.85 -35.25 -9.68 25.97
-5.10 -0.15 8.23 25.82
-6.00 16.05 46.22 25.93
-1.65 -7.50 71.87 25.82
1.20 -43.50 73.33 25.77
2.70 -66.60 40.17 25.75
2.85 -68.55 9.92 25.71
3.30 -42.45 -8.23 25.77
3.75 -15.60 -2.42 25.93
3.15 2.25 7.02 25.71
5.70 10.20 21.78 25.86
5.70 13.20 39.45 25.75
7.80 11.85 51.79 25.80
10.05 2.40 59.29 25.73
12.00 -7.35 66.79 25.86
12.30 -28.50 73.33 25.84
11.85 -36.75 69.70 25.69
13.05 -48.90 62.68 25.69
13.95 -56.25 62.68 25.64
13.50 -66.90 41.14 25.60
15.45 -59.40 17.42 25.62
17.10 -39.30 1.94 25.80
17.70 -29.70 4.84 25.86
19.05 -9.30 14.52 25.91
18.30 6.45 37.51 25.73
17.70 2.40 52.76 25.69
17.55 -21.60 69.45 25.82
17.70 -47.25 66.79 25.84
17.85 -61.50 49.13 25.73
19.65 -61.65 19.84 25.77
18.45 -58.65 10.16 25.77
19.20 -49.20 1.69 25.80
19.05 -32.40 1.21 25.58
19.95 -7.80 11.37 25.71
20.10 4.80 30.73 25.88
18.30 -0.45 51.79 25.73
19.35 -9.45 68.49 25.82
19.05 -27.30 63.89 25.82
19.20 -51.45 48.16 26.00
19.20 -62.70 30.49 25.88
19.95 -56.40 11.13 25.86
18.45 -51.60 6.53 25.80
17.55 -32.70 0.48 25.80
17.85 -11.70 5.32 25.75
16.35 2.55 15.49 25.73
15.15 8.55 37.27 25.86
18.30 5.25 52.27 25.71
18.75 -0.60 62.92 25.80
18.90 -8.40 67.28 26.00
18.15 -33.30 69.70 25.88
17.85 -53.85 60.74 25.93
18.30 -62.25 28.80 25.84
19.95 -53.25 10.89 25.82
19.05 -48.15 1.69 25.69
19.80 -32.10 2.66 25.84
18.45 -8.10 14.28 25.64
16.65 7.50 33.15 25.80
13.65 8.85 44.53 25.69
10.80 1.50 58.81 25.73
11.10 -19.35 73.08 26.04
10.50 -50.55 69.45 25.91
11.55 -63.75 47.43 25.86
11.40 -68.40 21.30 25.84
11.70 -66.00 9.44 25.86
11.55 -53.10 0.24 25.82
13.35 -24.60 -2.42 25.91
13.05 -9.45 2.18 25.84
13.20 7.65 22.99 25.91
13.05 8.40 44.53 25.75
10.80 -8.10 73.57 25.95
7.65 -26.40 74.78 25.66
4.35 -42.15 70.91 25.84
2.85 -62.85 64.13 26.04
0.45 -72.30 28.07 25.86
3.75 -55.65 -5.81 25.80
1.80 -36.90 -7.50 25.84
4.05 -13.80 -2.42 25.91
1.80 6.45 8.47 25.75
0.45 15.15 32.19 26.02
1.65 1.95 61.95 25.95
1.05 -22.65 78.17 25.75
2.40 -45.00 63.40 25.73
3.60 -63.15 46.46 25.71
2.85 -72.45 37.99 25.88
3.30 -63.15 7.26 25.75
4.50 -44.70 -5.32 25.77
3.30 -7.65 -4.36 25.71
2.10 15.15 24.93 25.62
-0.45 13.50 70.42 25.69
-4.95 -5.70 77.44 25.80
-6.00 -25.95 79.13 25.62
-7.95 -55.35 71.63 25.84
-8.25 -75.00 39.45 25.88
-7.50 -61.35 6.53 25.80
-7.35 -30.30 -10.65 25.80
-7.20 -15.60 -0.48 25.82
-7.05 0.75 10.16 25.88
-8.25 16.65 30.98 25.84
-8.55 12.00 54.93 25.88
-8.70 -11.55 76.23 25.75
-8.40 -34.50 79.86 25.86
-8.10 -46.50 60.50 25.88
-6.45 -72.45 16.21 25.73
-5.25 -70.50 0.73 25.91
-5.55 -42.00 -9.68 25.91
-6.00 0.00 0.24 25.91
-6.15 13.80 15.97 25.71
-7.65 16.35 55.42 25.88
-7.20 12.45 64.61 25.77
-6.90 -14.25 77.20 25.86
-7.50 -48.75 75.50 25.71
-5.10 -74.70 45.98 25.77
-4.95 -70.05 5.08 25.84
-6.15 -66.00 -0.97 25.77
-7.50 -29.25 -10.65 25.88
-9.90 2.55 -2.90 25.75
-12.30 -0.15 15.25 25.71
-13.50 15.30 52.51 25.73
-10.20 -2.55 73.08 25.66
-12.60 -40.95 79.13 25.84
-12.00 -65.70 59.29 25.77
-10.95 -73.95 25.65 25.95
-9.60 -72.30 2.42 25.80
-8.85 -59.70 -7.50 25.75
-8.70 -26.70 -10.16 25.84
-9.00 6.60 6.29 25.77
-9.30 12.30 49.13 25.73
-8.85 -20.25 80.10 25.71
-8.40 -49.05 64.13 25.86
-9.90 -62.85 68.00 25.91
-11.55 -70.65 31.46 25.73
-8.10 -75.30 18.39 25.66
-7.65 -54.60 -2.66 25.86
-9.15 -51.00 -9.44 25.71
-5.55 -0.15 -1.21 25.73
-7.80 16.50 32.43 25.82
-9.30 12.75 62.68 25.80
-9.30 1.20 77.44 26.02
-8.70 -37.80 78.65 25.88
-8.85 -73.35 42.83 25.93
-8.85 -61.05 5.81 25.75
-6.75 -32.85 -9.92 25.77
-3.75 -13.35 -0.48 25.80
-4.80 1.80 11.13 25.84
-6.15 10.20 23.96 25.73
-6.60 15.30 48.64 25.77
-6.00 -6.90 74.29 25.80
-5.25 -53.10 74.78 25.84
-4.35 -69.90 44.77 25.66
-4.65 -74.40 22.26 25.75
-3.60 -71.85 9.92 25.93
-5.25 -45.15 -9.68 25.82
-5.10 -19.80 -8.71 25.75
-2.85 10.05 12.83 25.69
-3.90 16.50 27.10 25.84
-8.40 16.80 56.39 25.75
-8.40 11.85 64.86 25.73
-10.95 -9.30 76.71 25.84
-8.85 -48.90 76.23 25.71
-9.45 -74.10 40.41 25.77
-9.00 -75.30 19.12 25.91
-7.05 -65.10 4.60 25.97
-6.90 -34.65 -9.44 25.73
-3.75 -16.05 -8.71 25.82
-3.45 9.60 10.89 25.86
-0.30 15.45 40.66 25.82
-2.25 15.30 57.11 25.77
-1.80 4.95 67.52 25.84
-1.20 -24.00 78.89 25.73
-0.45 -55.20 72.36 25.84
-1.20 -72.90 43.08 25.69
0.15 -70.80 2.90 25.77
2.55 -55.95 -7.02 25.88
0.75 -31.80 -9.44 25.71
0.90 1.80 4.36 25.80
1.65 14.85 28.56 25.86
0.90 2.40 60.26 25.77
2.55 -2.55 73.33 25.75
3.75 -12.30 76.96 25.69
6.45 -28.95 74.78 25.62
9.00 -57.00 62.19 25.69
11.85 -68.25 37.99 25.77
16.20 -62.25 21.30 25.69
17.10 -51.30 9.68 25.82
18.15 -33.60 1.45 25.75
19.50 -26.10 3.15 25.80
19.20 -19.95 5.57 25.82
19.65 -5.25 15.00 25.93
19.20 5.55 34.85 25.66
19.65 -2.70 56.14 25.75
20.55 -19.20 65.34 25.84
20.40 -33.60 66.55 25.86
21.30 -45.15 59.05 25.82
19.50 -51.15 54.45 25.82
20.25 -61.35 42.83 25.77
19.05 -62.40 23.96 25.73
18.15 -41.10 6.05 25.80
22.50 -27.30 10.65 25.86
23.40 -8.85 13.79 25.95
20.25 3.90 29.77 25.77
21.30 -0.90 48.64 25.75
21.90 -15.60 65.10 25.97
25.80 -29.55 61.47 25.64
27.30 -50.25 47.92 25.84
27.45 -51.90 30.98 25.82
27.30 -38.40 13.79 25.82
27.45 -32.70 11.13 25.82
26.85 -30.30 11.86 25.80
27.30 -18.30 16.21 25.75
26.85 -6.75 21.54 25.73
25.65 -4.05 34.85 25.80
26.10 -3.00 34.12 25.82
25.50 -2.55 44.77 25.73
23.70 -12.60 58.08 25.84
23.70 -31.05 64.13 25.80
23.85 -30.90 60.26 25.66
23.55 -40.20 62.92 25.82
23.85 -53.55 53.24 25.51
24.45 -54.45 28.07 26.02
25.35 -45.30 15.00 25.80
25.20 -36.30 7.50 25.91
24.30 -26.25 8.47 25.60
24.00 -20.55 10.16 25.71
25.95 -4.65 21.78 25.69
24.00 1.35 38.24 25.75
22.65 -3.60 50.82 25.71
22.35 -12.00 64.86 25.86
21.75 -20.10 65.82 25.73
22.95 -35.25 59.05 25.66
22.35 -50.25 51.06 25.77
23.40 -58.20 36.30 25.84
24.60 -53.40 19.12 25.73
23.25 -49.05 12.10 25.64
21.00 -26.25 2.90 25.66
19.35 -26.85 6.78 25.95
19.50 -6.15 12.34 25.77
17.25 5.85 22.51 25.62
16.80 4.80 43.08 25.80
18.00 -8.55 61.71 25.71
18.60 -19.20 69.70 25.95
18.60 -31.80 62.44 25.77
19.20 -52.65 51.79 25.80
20.85 -62.10 33.15 25.77
20.40 -58.05 19.36 25.73
20.55 -42.75 5.81 25.64
19.95 -18.60 3.39 25.60
19.80 -1.20 12.10 25.71
18.60 3.90 23.23 25.64
16.35 7.50 45.25 25.80
14.25 4.65 67.28 25.71
14.10 -7.95 67.76 25.91
11.85 -30.75 68.49 25.75
11.70 -55.35 67.76 25.73
9.45 -69.15 32.19 25.66
8.85 -68.10 4.84 25.69
9.75 -58.35 2.66 25.71
9.30 -29.70 -4.84 26.00
9.90 4.35 9.68 25.66
8.85 11.10 41.87 25.77
6.75 -2.85 72.60 25.97
7.95 -21.75 73.57 25.84
8.40 -44.85 70.42 25.75
7.80 -69.30 36.78 25.84
9.00 -70.50 13.07 25.71
8.85 -46.95 -2.42 25.73
6.60 -43.35 -4.36 25.77
4.65 -1.50 4.36 25.93
5.70 12.15 33.15 25.77
0.90 15.60 45.25 25.64
-1.35 4.35 65.58 25.82
-0.45 -20.85 77.68 25.80
-0.60 -61.05 68.24 25.66
-1.20 -72.45 31.94 25.66
1.35 -72.15 8.23 25.82
2.70 -60.75 -2.18 25.80
2.70 -39.15 -7.50 25.75
2.10 -9.90 -3.63 25.80
3.00 11.10 15.73 25.60
2.85 13.95 37.75 25.75
2.25 7.80 60.26 25.71
2.25 -1.20 77.92 25.91
0.15 -27.30 76.47 25.71
-1.80 -55.95 67.03 25.77
-3.45 -68.55 40.17 25.75
-2.70 -74.10 30.49 25.82
-4.20 -68.40 10.89 25.64
-6.00 -38.55 -8.47 25.62
-3.30 -3.90 -3.87 25.77
-3.30 -0.45 15.00 25.80
-4.20 13.95 35.33 25.97
-3.30 12.15 57.60 25.80
-4.05 -3.15 72.60 25.84
-3.75 -26.70 79.38 25.73
-3.60 -64.35 68.24 25.69
-3.00 -68.40 62.44 25.71
-3.75 -73.95 30.49 25.62
-3.90 -74.25 26.14 25.80
-3.15 -72.60 12.10 25.66
-2.25 -51.60 -4.36 25.73
-0.75 -10.20 -7.02 25.73
-6.30 -0.30 19.12 25.82
-5.55 15.90 33.64 25.86
-4.20 9.75 71.87 25.77
-2.40 -6.45 73.08 25.93
-4.80 -36.60 79.62 25.93
-5.25 -66.75 64.86 25.77
-6.00 -72.90 26.62 25.86
-6.00 -57.90 -4.11 25.82
-5.70 -43.05 -9.44 25.77
-6.15 -13.65 -6.29 25.66
-6.75 14.85 25.65 25.86
-5.40 15.75 29.04 25.84
-6.15 4.20 67.76 25.97
-7.65 -35.85 79.86 25.71
-5.85 -67.80 57.84 25.69
-6.75 -74.40 16.21 25.75
-4.05 -67.20 -4.60 25.84
-3.75 -39.60 -9.20 25.64
-4.50 -3.60 -1.21 25.93
-5.40 15.30 24.20 25.82
-5.40 9.60 56.39 26.00
-6.60 -19.65 77.68 25.91
-6.00 -53.10 72.12 25.80
-5.55 -67.95 41.14 25.97
-4.95 -75.00 14.52 26.00
-3.45 -68.40 -1.94 25.73
-1.35 -46.35 -8.47 25.84
-3.45 -23.25 -9.92 25.77
-4.50 11.55 9.68 25.80
-3.00 16.05 37.99 25.88
-5.25 10.65 65.58 25.77
-2.55 0.90 76.23 25.75
-2.70 -19.80 79.62 25.75
-1.95 -55.80 70.91 25.93
-2.40 -73.95 41.87 25.86
0.00 -60.30 7.99 25.66
3.90 -57.30 4.60 25.66
2.10 -30.60 -8.47 25.58
2.85 -15.30 2.90 25.97
2.25 -1.05 6.05 25.51
2.10 3.30 4.84 25.69
2.25 14.25 37.75 25.71
2.70 1.05 64.37 25.69
4.50 -29.25 76.71 25.86
6.90 -46.80 71.15 25.69
7.65 -53.70 67.28 25.62
7.20 -70.95 40.90 25.84
9.90 -66.15 2.90 25.82
11.55 -51.15 -2.18 25.84
13.35 -35.10 -2.90 25.75
10.95 7.80 22.51 25.75
7.65 13.05 64.37 25.91
6.15 -4.80 72.60 25.95
2.85 -43.95 76.71 25.80
1.65 -72.75 34.12 25.77
7.20 -59.25 11.13 25.80
3.90 -52.95 -6.78 25.86
7.35 -29.25 -3.15 25.73
10.80 -5.25 8.47 26.04
12.15 6.45 21.05 25.93
15.75 5.10 44.04 25.80
19.05 -6.90 61.47 25.69
18.00 -24.60 69.21 25.75
19.50 -33.00 64.13 25.82
23.85 -40.05 56.39 25.91
24.45 -56.85 39.69 25.84
25.65 -52.50 24.20 25.82
26.25 -43.05 16.70 25.86
26.70 -35.70 10.41 25.86
25.05 -30.75 9.20 25.77
25.20 -22.80 11.37 25.75
26.25 -6.75 21.30 25.77
25.05 -1.05 31.22 25.73
25.65 -4.80 46.46 25.71
25.65 -18.75 58.56 25.75
26.25 -32.10 59.29 25.58
27.60 -38.10 52.76 25.86
28.80 -44.55 44.53 25.77
29.40 -50.25 36.78 25.75
29.10 -51.60 40.17 25.73
27.60 -51.45 23.96 25.80
29.10 -34.95 16.21 25.73
29.70 -34.05 15.00 25.82
29.40 -21.75 15.73 25.73
29.10 -11.40 23.47 25.80
28.80 -7.65 29.77 25.62
30.30 -9.60 34.85 25.75
29.85 -10.65 40.66 25.64
30.60 -14.10 45.74 25.53
31.95 -18.00 48.64 25.71
31.95 -25.95 50.58 25.71
31.05 -40.80 48.88 25.71
31.95 -41.25 43.80 25.71
31.80 -44.25 33.88 25.77
32.10 -44.55 32.19 25.82
31.50 -42.00 25.17 25.82
29.85 -29.85 18.39 25.71
30.75 -23.55 19.60 25.75
31.65 -22.50 23.47 25.77
31.80 -15.75 33.15 25.95
30.60 -9.30 42.35 25.84
29.40 -11.70 47.92 25.73
29.85 -22.50 53.97 25.71
30.75 -35.40 49.61 25.73
31.95 -42.00 41.38 25.75
32.70 -40.20 35.33 25.88
33.00 -38.70 28.56 25.60
33.75 -32.55 26.38 25.66
33.60 -23.25 28.31 25.66
33.15 -17.55 31.70 25.66
32.55 -18.75 39.69 25.91
32.85 -22.35 45.50 25.64
32.40 -28.05 46.71 25.71
33.00 -29.10 47.92 25.84
33.15 -32.70 45.25 25.88
32.70 -38.40 41.62 25.77
32.85 -41.10 29.77 25.64
33.00 -34.35 29.04 25.75
33.15 -26.10 24.20 25.71
33.00 -19.50 32.67 25.69
32.10 -15.45 37.27 25.62
31.50 -18.45 47.43 25.77
31.80 -30.30 52.76 25.82
31.95 -37.95 45.25 25.71
30.30 -45.75 35.82 25.73
31.35 -41.40 23.23 25.71
31.95 -29.55 19.36 25.80
30.45 -16.35 26.38 25.82
29.85 -8.25 42.59 25.88
30.45 -18.45 53.97 25.86
28.20 -28.80 56.63 25.84
29.70 -44.40 49.61 25.73
30.45 -44.55 39.45 25.73
31.05 -46.80 34.12 25.71
30.15 -45.30 23.72 25.93
31.35 -37.05 19.84 25.73
31.35 -33.60 21.78 25.66
31.65 -22.20 24.20 25.53
32.40 -16.50 27.83 25.75
31.65 -16.05 30.73 25.82
32.25 -13.65 32.43 25.84
31.80 -12.90 35.57 25.80
30.90 -8.55 34.12 25.80
29.40 -6.45 39.93 25.80
27.15 -12.00 52.27 25.77
20.40 -7.80 65.82 25.69
20.25 -26.55 66.55 25.69
16.80 -44.25 64.37 25.82
13.35 -54.75 48.40 25.75
16.05 -66.45 33.40 25.60
11.40 -60.75 9.20 25.66
9.60 -39.30 -0.48 25.60
11.40 -30.30 -2.18 25.71
10.20 -1.65 6.78 25.82
10.05 7.80 14.28 25.84
9.45 4.50 10.16 25.71
11.25 -2.10 4.11 25.84
13.20 -9.60 3.39 25.80
13.20 7.05 22.51 25.73
12.45 3.45 12.58 25.88
14.25 8.85 38.96 25.71
12.60 -6.75 63.89 25.71
17.10 -21.15 69.21 25.75
20.70 -36.15 63.89 25.58
21.15 -54.75 53.72 25.66
21.60 -59.70 33.40 25.91
22.50 -50.25 17.18 25.73
24.00 -29.40 7.50 25.73
24.30 -16.80 14.76 25.58
27.30 -10.80 31.94 25.75
28.35 -4.95 43.08 25.73
27.30 -7.20 50.58 25.75
27.15 -19.95 59.29 25.88
26.40 -39.15 57.84 25.80
28.05 -50.40 45.50 25.64
28.80 -48.30 28.31 25.66
29.85 -37.35 18.15 25.82
30.15 -33.00 17.67 25.75
31.50 -23.25 22.51 25.73
30.75 -16.20 24.44 25.66
31.50 -13.95 29.04 25.64
32.55 -18.60 35.57 25.75
33.60 -16.80 38.48 25.77
32.40 -15.60 44.77 25.82
31.80 -21.00 48.40 25.69
31.50 -35.40 50.34 25.82
31.50 -43.95 42.59 25.69
32.25 -43.35 34.12 25.75
31.80 -41.10 27.59 25.77
31.95 -36.30 24.20 25.71
32.70 -32.55 22.99 25.51
32.25 -24.60 24.20 25.60
33.00 -19.80 28.80 25.58
32.85 -16.80 31.94 25.88
33.30 -18.00 37.51 25.86
33.00 -21.15 43.80 25.91
33.00 -31.35 46.95 26.13
33.60 -36.45 41.62 25.95
31.95 -43.20 35.57 25.84
32.10 -41.85 30.01 25.95
33.00 -39.75 27.59 25.84
32.70 -38.25 25.65 26.13
32.10 -33.60 22.26 25.80
32.85 -24.30 28.31 25.97
33.30 -22.05 26.38 25.91
33.00 -19.95 29.28 25.88
33.15 -18.45 32.67 26.04
33.75 -20.10 38.72 26.06
33.75 -21.90 37.99 26.02
33.90 -25.50 40.17 25.62
34.20 -23.40 41.62 25.71
33.75 -29.55 44.53 25.75
33.90 -34.95 42.35 25.75
32.70 -38.55 42.59 25.77
32.85 -42.90 34.12 25.51
33.15 -40.35 31.46 25.53
33.60 -35.40 25.65 25.64
33.15 -27.00 22.75 25.55
32.85 -19.80 28.80 25.55
32.10 -13.65 38.48 25.80
31.20 -16.95 49.85 25.75
31.50 -24.45 51.30 25.60
32.40 -35.40 46.95 25.60
33.75 -37.65 37.51 25.66
34.35 -33.15 31.94 25.64
34.20 -28.80 30.73 25.62
33.90 -20.25 36.30 25.60
30.00 -15.15 52.03 25.71
24.60 -21.90 67.52 25.80
17.10 -26.55 73.81 25.66
12.90 -22.35 72.36 25.75
15.00 -22.80 71.15 25.64
14.10 -24.75 73.08 25.51
12.75 -25.05 72.60 25.69
17.70 -44.85 68.24 25.71
14.10 -65.70 49.61 25.55
12.30 -66.60 28.31 25.77
14.55 -53.70 10.65 25.62
16.50 -39.15 1.94 25.73
18.00 -27.75 4.84 25.66
21.45 -13.50 17.18 25.75
22.05 -0.75 25.17 25.75
21.75 3.30 40.17 25.73
21.75 -10.35 59.05 25.66
22.35 -35.10 66.31 25.55
21.75 -55.05 50.58 25.62
23.70 -58.20 27.10 25.69
23.85 -54.90 11.37 25.71
27.00 -40.65 9.68 25.64
26.25 -21.15 9.68 25.62
24.90 -13.05 11.13 25.60
24.75 -7.20 17.67 25.58
24.90 -0.60 30.73 25.55
24.45 -3.75 50.82 25.73
25.20 -14.25 61.95 25.73
25.65 -25.50 60.02 25.75
25.20 -46.20 45.50 25.62
27.15 -54.45 30.73 25.44
27.00 -46.20 15.25 25.66
27.45 -25.80 11.86 25.71
27.45 -12.00 17.67 25.60
27.15 -5.55 33.64 25.38
28.80 -7.20 36.06 25.73
29.70 -12.00 38.48 25.58
32.40 -18.15 46.71 25.60
32.10 -23.55 50.82 25.60
31.50 -31.50 48.16 25.64
31.80 -37.35 50.34 25.55
31.95 -41.10 43.32 25.80
32.25 -41.85 33.64 25.58
32.55 -37.05 27.35 25.80
31.95 -33.15 22.99 25.66
32.70 -26.70 22.51 25.66
32.55 -19.95 24.20 25.55
32.85 -17.85 28.56 25.69
32.40 -15.45 35.09 25.77
31.50 -14.10 40.41 25.69
30.45 -18.00 49.85 25.53
31.35 -28.20 53.48 25.44
31.35 -34.80 53.00 25.73
30.30 -42.90 45.98 25.69
29.85 -46.65 33.15 25.46
30.75 -38.40 21.30 25.66
30.90 -23.25 22.51 25.86
32.10 -12.45 32.91 25.53
31.80 -11.70 44.53 25.42
30.75 -20.70 53.97 25.60
31.35 -40.05 45.74 25.44
30.90 -45.00 31.46 25.38
31.65 -36.75 18.39 25.73
28.20 -19.80 14.76 25.53
26.25 -6.00 25.41 25.64
17.70 6.75 40.66 25.75
4.95 7.50 59.05 25.51
0.90 8.25 57.35 25.69
0.00 7.50 59.53 25.71
-1.80 7.80 57.11 25.71
-2.40 2.10 75.02 25.60
-0.30 -40.80 68.97 25.53
-2.40 -69.60 45.98 25.75
0.75 -71.85 21.05 25.69
2.85 -56.25 -0.24 25.53
2.70 -30.75 -7.99 25.64
1.80 -9.00 -1.45 25.64
3.00 14.25 28.07 25.60
3.30 -1.80 65.58 25.80
3.15 -23.40 77.92 25.58
2.55 -42.90 61.95 25.60
5.85 -69.15 40.66 25.60
4.05 -69.60 17.18 25.73
5.25 -45.15 -4.60 25.64
4.50 -9.75 -4.11 25.55
6.00 8.10 11.62 25.62
6.45 13.20 36.54 25.69
7.50 0.15 64.13 25.64
9.00 -17.55 75.75 25.55
8.25 -31.05 68.49 25.71
11.70 -54.75 53.72 25.71
12.15 -69.30 32.43 25.58
13.35 -56.70 9.44 25.69
14.70 -29.25 -1.45 25.51
16.20 -16.05 4.60 25.60
19.50 -8.55 8.71 25.71
17.25 3.75 21.05 25.69
17.55 -4.80 59.77 25.66
15.75 -24.45 70.18 25.38
16.35 -43.20 51.79 25.51
19.05 -62.25 32.67 25.58
18.75 -55.65 12.83 25.49
18.15 -34.35 1.45 25.58
19.05 -8.40 8.47 25.71
21.00 3.45 30.98 25.53
23.25 -0.30 56.14 25.73
22.35 -5.40 62.92 25.60
21.30 -26.25 68.00 25.58
21.75 -51.90 57.11 25.55
23.55 -56.40 26.62 25.69
25.80 -55.20 16.70 25.80
24.60 -48.15 12.83 25.42
25.05 -30.60 7.50 25.60
24.60 -12.75 11.37 25.66
25.05 -7.35 27.83 25.75
25.05 -1.50 32.43 25.62
25.35 -1.65 41.14 25.71
25.65 -16.65 58.81 25.58
26.55 -20.40 55.90 25.62
29.10 -46.35 46.22 25.44
29.70 -44.85 25.65 25.51
29.85 -35.85 16.46 25.53
30.00 -26.25 21.30 25.66
31.05 -16.95 27.83 25.64
30.75 -11.70 37.27 25.51
30.30 -20.85 52.27 25.80
30.00 -30.45 52.27 25.60
31.20 -43.50 42.83 25.60
30.90 -42.00 22.75 25.55
28.20 -40.20 13.55 25.62
28.35 -14.55 15.49 25.69
20.70 0.45 12.10 25.55
2.25 3.30 1.21 25.58
-7.80 -19.35 -10.16 25.71
-15.90 -43.80 -7.74 25.40
-13.65 -35.85 -10.65 25.60
-16.80 0.30 3.39 25.86
-13.80 16.20 42.59 25.60
-9.00 10.50 56.39 25.60
-6.75 -7.65 78.89 25.60
-3.30 -45.45 71.63 25.60
-2.85 -70.50 49.61 25.64
-1.95 -72.90 27.59 25.55
-1.65 -64.95 3.87 25.46
3.00 -45.90 -8.23 25.60
4.50 -26.40 -1.69 25.60
7.65 -2.25 11.62 25.51
9.45 11.40 37.27 25.58
9.45 -8.40 69.21 25.58
12.90 -39.30 72.12 25.58
15.75 -63.15 48.16 25.71
18.45 -63.00 30.49 25.44
19.05 -58.80 15.73 25.58
21.90 -46.20 8.71 25.44
22.80 -28.20 3.63 25.60
21.60 -1.95 19.12 25.64
20.25 -0.60 56.87 25.69
18.45 -11.25 68.73 25.49
22.35 -49.05 58.56 25.71
27.00 -54.30 33.40 25.44
24.15 -52.65 22.51 25.66
27.30 -38.55 13.07 25.60
29.40 -17.70 21.30 25.64
28.35 -7.20 24.44 25.73
28.65 -6.75 45.01 25.58
27.00 -14.40 59.05 25.66
26.25 -26.10 64.37 25.75
18.45 -31.65 74.78 25.58
5.85 -33.90 78.41 25.71
-11.40 -59.70 68.73 25.71
-17.25 -69.15 44.53 25.51
-22.50 -73.20 24.20 25.44
-25.65 -71.55 21.05 25.55
-23.70 -66.90 6.05 25.62
-21.60 -31.35 -10.16 25.53
-22.05 -15.75 -2.90 25.51
-19.65 14.55 25.41 25.58
-16.50 3.00 67.28 25.62
-11.85 -54.30 72.60 25.58
-6.15 -75.15 37.51 25.53
0.75 -62.70 9.44 25.62
3.00 -38.40 -6.29 25.66
1.20 -1.20 -1.69 25.49
-0.30 11.10 26.86 25.40
3.90 11.85 64.13 25.64
5.85 -1.95 75.50 25.51
8.70 -33.75 71.63 25.66
9.75 -61.20 57.35 25.71
11.25 -69.60 31.46 25.51
12.00 -59.70 7.99 25.44
10.80 -37.65 -3.87 25.44
10.35 -19.50 -3.87 25.77
9.30 4.35 12.83 25.69
7.50 12.75 36.30 25.73
8.70 4.35 57.84 25.55
13.05 -14.55 69.94 25.62
16.50 -31.50 71.39 25.71
16.80 -37.35 69.94 25.62
17.10 -45.90 66.79 25.53
16.20 -58.20 45.50 25.73
20.25 -61.80 34.12 25.55
21.00 -56.85 16.94 25.66
21.00 -33.15 3.15 25.55
20.10 -3.00 15.25 25.55
19.50 2.85 44.04 25.51
19.50 -6.30 66.07 25.60
20.40 -22.35 66.79 25.66
21.45 -43.35 53.72 25.51
22.65 -59.25 42.11 25.46
22.80 -59.40 30.73 25.51
24.15 -43.35 12.58 25.58
24.15 -38.70 8.23 25.62
25.20 -9.30 15.97 25.42
23.85 -2.10 50.34 25.62
25.65 -14.70 59.77 25.51
24.00 -32.10 63.16 25.51
27.15 -42.75 51.06 25.80
27.30 -53.10 34.12 25.64
27.90 -44.40 16.21 25.53
27.15 -21.60 12.34 25.69
25.35 -3.30 30.01 25.58
23.85 0.75 44.29 25.46
19.80 -5.85 59.77 25.58
11.70 -1.65 66.07 25.69
-1.05 5.25 62.19 25.62
-9.15 9.15 56.63 25.44
-19.05 12.45 49.13 25.62
-19.95 13.50 49.13 25.66
-15.15 14.25 48.40 25.58
-14.70 14.55 46.71 25.55
-13.50 14.85 46.71 25.51
-10.95 13.50 54.93 25.64
-12.75 -8.55 76.23 25.66
-4.50 -45.60 60.02 25.60
4.95 -73.05 30.49 25.51
1.50 -61.05 3.39 25.71
1.35 -26.55 -8.23 25.51
6.60 5.25 14.76 25.69
13.05 8.10 41.14 25.62
17.40 -19.50 69.21 25.62
19.20 -46.20 64.86 25.53
22.50 -57.30 45.98 25.44
24.90 -53.85 17.18 25.60
26.25 -41.10 12.83 25.38
27.15 -27.60 10.16 25.60
25.65 -17.10 10.65 25.58
25.05 -7.50 20.09 25.69
23.10 1.05 33.15 25.49
20.70 1.05 51.30 25.42
20.85 -16.20 63.89 25.58
24.15 -39.90 56.63 25.73
26.10 -54.60 34.61 25.49
27.90 -43.05 15.49 25.58
29.55 -20.85 21.05 25.44
29.85 -7.50 39.20 25.53
29.70 -17.70 56.14 25.51
29.25 -40.50 54.93 25.55
29.40 -51.30 35.09 25.62
29.70 -45.45 20.81 25.58
29.70 -39.90 15.00 25.58
24.90 -43.50 7.02 25.60
16.35 -51.15 5.32 25.55
8.85 -19.50 -2.18 25.64
6.15 6.60 21.05 25.38
9.00 13.35 38.96 25.66
6.60 9.75 62.68 25.40
13.20 -18.30 74.78 25.51
15.00 -55.35 56.39 25.55
16.80 -65.40 22.02 25.58
20.10 -49.65 4.60 25.55
21.30 -36.60 2.18 25.71
21.75 -10.20 24.20 25.53
23.55 1.35 38.24 25.73
21.60 -4.80 55.42 25.60
24.15 -27.45 58.08 25.55
27.45 -44.40 53.24 25.64
28.65 -50.85 33.40 25.64
30.00 -42.15 22.99 25.60
29.25 -33.75 12.58 25.55
26.70 -26.25 7.02 25.60
21.90 -6.45 12.10 25.77
23.55 0.30 30.49 25.77
25.80 -7.35 55.90 25.64
28.95 -28.95 51.55 25.60
30.15 -48.90 28.56 25.60
30.30 -32.40 13.31 25.60
28.35 -11.40 23.23 25.71
28.35 -6.30 41.87 25.55
29.70 -9.75 41.62 25.69
29.70 -8.55 32.91 25.51
29.25 -9.15 19.60 25.55
19.05 -8.55 -0.48 25.49
-0.90 -11.85 -7.99 25.64
-17.85 -9.75 -7.26 25.64
-22.65 -14.40 -7.99 25.69
-19.65 -11.10 -2.66 25.75
-31.95 5.85 19.12 25.75
-42.00 3.90 26.86 25.73
-41.55 5.25 38.48 25.42
-41.55 1.65 54.21 25.49
-40.05 -6.90 65.82 25.49
-37.20 -29.40 71.15 25.51
-38.25 -57.15 60.50 25.73
-41.40 -60.15 33.64 25.60
-40.95 -63.00 24.93 25.44
-43.50 -57.30 16.94 25.58
-44.25 -40.05 1.21 25.62
-43.80 -23.55 9.20 25.62
-44.85 -5.85 19.12 25.62
-47.25 -3.60 44.29 25.80
-51.75 -24.15 58.08 25.55
-51.00 -34.50 50.09 25.60
-50.85 -51.60 37.27 25.42
-49.05 -49.65 8.47 25.42
-48.45 -27.90 7.99 25.44
-49.20 -13.80 18.88 25.77
-48.60 -4.65 29.52 25.44
-51.00 -13.35 58.08 25.51
-49.20 -34.50 54.93 25.69
-48.15 -54.30 47.19 25.49
-47.25 -60.15 33.64 25.35
-47.10 -55.05 18.15 25.64
-48.00 -35.40 5.81 25.66
-47.25 -22.80 9.44 25.60
-47.10 -11.40 16.70 25.73
-49.50 -4.95 40.41 25.62
-50.85 -24.15 56.87 25.60
-51.00 -38.70 57.84 25.49
-47.85 -47.55 46.46 25.44
-44.85 -61.05 30.01 25.60
-42.45 -50.70 2.90 25.60
-41.55 -15.00 1.21 25.58
-40.20 0.30 24.20 25.58
-42.15 4.50 36.78 25.62
-39.90 -1.50 53.24 25.55
-43.50 -33.30 66.07 25.46
-43.65 -54.45 52.76 25.53
-41.55 -62.85 28.07 25.46
-40.05 -60.45 15.00 25.51
-35.55 -28.05 -4.36 25.55
-36.00 -0.15 9.44 25.53
-35.25 8.55 32.43 25.38
-34.20 8.70 57.11 25.44
-35.40 -4.05 63.40 25.66
-34.65 -34.65 72.36 25.58
-37.20 -57.45 56.14 25.66
-36.00 -64.20 46.22 25.66
-32.10 -70.20 27.83 25.64
-35.55 -49.50 0.48 25.38
-34.80 -32.10 -4.84 25.60
-31.05 -13.50 -1.45 25.44
-30.30 4.05 10.41 25.60
-30.00 11.25 46.95 25.51
-30.00 -10.95 73.81 25.60
-28.35 -34.65 73.57 25.58
-26.10 -60.00 62.44 25.49
-27.45 -72.75 23.96 25.58
-27.45 -48.75 -5.57 25.49
-25.65 -25.50 -2.90 25.62
-23.85 5.10 11.37 25.58
-22.35 14.10 49.85 25.62
-20.70 -16.05 78.89 25.64
-18.75 -47.25 75.02 25.69
-19.95 -73.50 39.93 25.53
-14.85 -70.95 2.18 25.55
-15.00 -44.25 -9.92 25.69
-9.45 3.30 5.32 25.60
-13.80 16.65 36.06 25.58
-13.20 -2.85 75.50 25.40
-11.25 -43.95 75.75 25.71
-13.50 -68.10 52.51 25.60
-12.30 -75.60 24.68 25.58
-9.00 -54.60 -7.02 25.69
-7.80 -30.60 -8.71 25.64
-8.55 14.40 27.35 25.51
-9.60 3.45 72.12 25.69
-14.10 -30.45 76.71 25.55
-7.20 -69.75 50.58 25.66
-10.80 -70.65 2.90 25.55
-5.25 -31.05 -8.95 25.46
-5.40 8.55 14.28 25.46
-9.90 15.75 58.81 25.49
-5.70 -22.95 80.59 25.60
-9.00 -61.05 58.32 25.35
-8.70 -75.30 16.46 25.53
-7.95 -43.50 -9.20 25.44
-8.85 -12.90 -5.08 25.46
-7.05 15.45 32.91 25.71
-9.60 10.50 69.70 25.46
-9.90 -23.40 79.62 25.66
-10.20 -64.65 57.35 25.55
-9.90 -71.70 16.21 25.58
-9.30 -54.60 -10.16 25.60
-12.75 -20.85 -7.26 25.60
-11.40 12.30 18.63 25.55
-7.95 11.10 55.66 25.51
-12.45 1.80 76.96 25.58
-12.30 -35.70 80.10 25.60
-9.30 -67.80 55.66 25.38
-10.35 -75.30 19.12 25.49
-10.95 -67.20 1.94 25.62
-12.45 -24.30 -8.47 25.51
-12.90 14.70 23.72 25.64
-16.05 14.85 62.92 25.40
-14.10 -2.25 75.50 25.38
-11.55 -43.50 74.78 25.58
-11.55 -75.45 36.30 25.51
-9.75 -62.25 -7.02 25.55
-10.50 -36.60 -9.44 25.49
-11.25 1.80 1.21 25.38
-14.40 13.65 53.24 25.69
-18.30 -6.15 78.41 25.51
-22.35 -44.70 74.29 25.55
-19.80 -74.10 37.03 25.35
-20.55 -59.85 0.97 25.53
-18.30 -39.30 -9.68 25.69
-15.30 -4.50 -2.18 25.42
-16.65 15.30 41.87 25.49
-19.05 -11.70 75.26 25.60
-21.15 -28.50 72.12 25.40
-22.95 -72.15 46.95 25.44
-22.05 -61.20 -1.45 25.46
-18.00 -23.70 -9.44 25.60
-11.40 -4.50 10.16 25.51
-18.60 14.55 30.49 25.24
-23.55 8.40 59.53 25.62
-31.05 -33.90 73.81 25.64
-32.70 -55.50 53.72 25.38
-28.80 -73.05 23.96 25.42
-28.35 -57.90 0.00 25.38
-25.20 -27.90 -9.20 25.64
-25.20 -8.40 1.21 25.60
-28.65 1.20 15.25 25.53
-31.05 11.55 36.06 25.55
-33.45 -6.15 66.07 25.51
-36.60 -42.45 68.00 25.66
-33.00 -63.30 42.11 25.62
-39.00 -62.70 12.58 25.58
-35.10 -42.45 -6.05 25.35
-31.65 -9.45 -2.18 25.58
-31.80 5.70 22.75 25.55
-37.35 7.80 42.83 25.38
-39.45 -3.90 62.44 25.55
-39.90 -38.55 67.76 25.58
-39.90 -62.70 38.72 25.64
-38.85 -66.15 12.58 25.46
-38.25 -42.60 -1.21 25.62
-36.30 -17.25 0.97 25.64
-36.30 6.30 22.51 25.55
-38.85 6.75 45.98 25.55
-44.25 -2.55 57.11 25.46
-44.10 -28.35 66.07 25.44
-44.25 -51.00 56.39 25.53
-41.40 -65.70 27.10 25.35
-35.40 -64.80 8.47 25.46
-40.35 -48.30 2.18 25.60
-40.50 -21.60 0.48 25.42
-42.45 0.90 22.75 25.44
-45.60 -1.80 54.45 25.55
-41.40 -12.15 68.24 25.31
-39.60 -48.30 64.86 25.46
-36.00 -68.10 31.22 25.38
-34.65 -55.05 2.90 25.55
-36.75 -47.70 -3.87 25.55
-36.90 -19.35 -1.21 25.62
-38.10 -6.75 4.84 25.66
-38.25 -5.85 5.81 25.66
-39.30 -5.85 5.57 25.38
-39.15 -6.00 5.81 25.53
-39.15 -4.65 6.53 25.53
-39.60 -0.90 14.28 25.62
-40.65 4.05 23.47 25.49
-40.80 4.20 25.89 25.42
-41.40 6.45 32.91 25.55
-28.95 15.75 34.36 25.66
-10.50 16.80 38.48 25.38
-3.90 7.35 76.23 25.40
3.00 -26.40 76.47 25.49
4.20 -61.65 62.92 25.58
3.45 -66.30 40.41 25.38
4.50 -73.05 30.01 25.38
0.75 -57.15 2.42 25.55
-2.55 -30.60 -8.23 25.42
-3.75 -12.75 5.81 25.58
-5.55 11.70 23.23 25.51
-7.65 13.05 54.45 25.55
-8.55 -12.15 76.96 25.51
-8.55 -49.50 76.47 25.55
-9.00 -74.25 49.61 25.58
-9.00 -65.40 -1.21 25.69
-8.25 -51.00 -10.65 25.55
-9.15 -24.30 0.24 25.60
-9.00 9.00 25.65 25.58
-6.00 13.65 57.11 25.55
-5.40 -9.30 76.71 25.55
-1.65 -49.50 74.78 25.64
1.50 -72.75 43.32 25.38
2.85 -66.00 13.79 25.53
4.65 -30.60 -6.53 25.42
7.35 -3.00 0.48 25.51
8.10 12.30 32.43 25.58
11.25 6.00 58.56 25.71
16.50 -7.05 71.15 25.64
17.40 -23.25 69.45 25.53
19.80 -44.85 63.65 25.51
20.85 -60.75 44.53 25.55
21.75 -58.35 22.75 25.49
21.30 -39.45 6.05 25.60
22.80 -19.20 6.78 25.51
23.10 1.05 27.10 25.46
22.50 -0.60 45.01 25.38
24.60 -10.50 59.05 25.62
23.85 -22.95 63.65 25.53
24.15 -40.05 53.97 25.55
24.30 -54.45 31.70 25.53
25.20 -55.95 14.28 25.62
24.15 -49.20 9.68 25.49
23.55 -41.70 6.29 25.51
22.35 -23.70 8.23 25.60
21.75 -8.55 20.81 25.58
21.15 3.15 36.54 25.44
18.90 3.45 49.85 25.60
18.60 -9.00 64.13 25.42
19.05 -33.90 70.66 25.51
14.10 -37.95 72.84 25.42
11.40 -57.45 65.34 25.38
11.70 -66.75 45.74 25.38
12.15 -65.10 10.41 25.58
9.30 -55.50 1.45 25.51
7.20 -38.40 -5.32 25.71
7.35 -6.60 -1.69 25.55
3.60 12.75 20.57 25.55
0.00 9.15 59.53 25.53
1.05 -22.65 78.65 25.38
-0.30 -47.55 74.78 25.62
-0.90 -73.05 46.95 25.49
-1.20 -70.80 18.15 25.55
-2.40 -42.30 -7.26 25.44
-3.45 -6.90 -6.29 25.46
-6.15 14.55 38.48 25.55
-11.25 16.65 34.85 25.58
-9.15 -8.25 79.13 25.51
-0.90 -30.75 77.20 25.60
-3.30 -72.45 50.09 25.55
0.30 -68.55 18.63 25.62
1.80 -43.05 -3.15 25.51
1.35 -27.90 -1.21 25.46
1.20 -1.80 24.20 25.49
2.10 14.70 47.92 25.42
3.45 0.00 68.24 25.44
3.75 -34.05 76.71 25.42
2.40 -61.05 60.02 25.60
2.70 -70.50 24.20 25.42
4.95 -63.15 0.97 25.44
4.20 -22.05 -6.78 25.58
4.65 4.65 15.00 25.69
7.20 12.00 45.98 25.69
9.75 -9.45 69.94 25.44
12.30 -31.80 69.94 25.44
13.50 -50.40 57.35 25.64
17.25 -61.80 44.29 25.38
18.45 -61.05 19.36 25.53
19.05 -44.25 4.84 25.53
19.35 -23.10 0.97 25.53
18.15 -6.75 6.53 25.55
18.90 -2.85 24.20 25.51
19.35 4.05 41.38 25.55
21.30 -0.15 52.51 25.46
22.50 -8.25 57.60 25.62
24.60 -24.60 61.47 25.49
24.75 -46.20 58.56 25.42
26.25 -53.55 38.72 25.38
27.30 -52.65 23.47 25.53
26.40 -52.35 16.46 25.46
26.70 -41.40 13.07 25.53
27.60 -24.30 10.89 25.58
28.65 -9.00 22.99 25.58
28.20 -6.15 39.93 25.58
27.15 -3.75 44.29 25.64
23.10 -18.90 63.89 25.60
24.75 -42.90 58.08 25.66
24.30 -46.65 58.56 25.60
25.20 -53.85 18.39 25.64
28.05 -32.40 12.58 25.53
26.70 -35.70 11.13 25.60
27.45 -17.25 16.70 25.66
27.60 -4.95 33.15 25.58
25.95 -5.70 43.80 25.38
24.60 0.15 44.29 25.49
24.15 -13.50 60.74 25.62
24.00 -34.95 64.61 25.44
22.35 -32.70 68.73 25.55
19.80 -54.00 52.27 25.66
20.40 -61.95 31.94 25.46
15.45 -67.35 30.25 25.46
14.85 -64.65 22.26 25.53
17.40 -44.25 0.00 25.58
16.20 -29.55 -0.97 25.44
15.90 -30.15 0.48 25.42
18.30 -18.90 4.36 25.55
15.15 7.50 37.27 25.49
11.55 9.30 41.62 25.49
10.95 10.50 44.29 25.55
7.05 -15.75 77.68 25.60
6.60 -54.15 68.97 25.53
5.70 -56.10 68.24 25.58
2.70 -61.80 51.79 25.69
6.15 -67.20 13.55 25.53
3.15 -68.70 15.97 25.69
0.45 -59.10 -5.57 25.40
0.00 -15.15 -2.42 25.55
2.25 -0.15 2.42 25.44
0.45 7.80 20.09 25.51
1.35 6.30 67.28 25.35
3.75 -3.90 69.45 25.53
4.95 -13.05 75.26 25.71
6.15 -45.00 72.84 25.64
6.30 -50.10 72.84 25.58
3.45 -51.45 70.66 25.55
6.15 -70.50 45.01 25.55
6.15 -71.10 42.35 25.64
7.05 -59.40 8.95 25.42
4.50 -59.25 1.21 25.60
6.60 -29.40 -6.29 25.46
6.45 -21.00 -2.90 25.38
7.65 1.80 6.78 25.49
10.80 1.95 9.92 25.31
9.45 3.75 12.83 25.42
7.95 8.25 49.13 25.46
11.25 6.90 50.34 25.44
12.30 -15.15 74.29 25.51
11.10 -25.05 75.26 25.38
12.00 -63.90 35.09 25.58
12.60 -68.85 35.57 25.44
11.40 -52.20 -2.18 25.53
7.20 -44.70 -5.08 25.64
9.45 -2.70 4.60 25.49
13.80 6.90 56.87 25.46
15.90 2.55 62.19 25.44
15.60 -40.65 69.21 25.53
19.20 -61.65 19.36 25.55
19.50 -59.85 18.63 25.53
21.90 -25.05 4.60 25.66
23.55 -4.95 29.04 25.46
23.55 -1.20 33.40 25.40
25.50 -8.10 52.03 25.60
27.90 -30.75 58.81 25.62
28.50 -36.90 48.40 25.55
29.55 -44.55 47.19 25.42
29.10 -49.80 35.09 25.46
30.15 -47.25 23.72 25.58
31.80 -41.85 24.44 25.55
32.25 -33.60 21.78 25.46
31.95 -22.80 21.30 25.55
32.25 -21.30 28.80 25.51
32.40 -17.40 31.46 25.44
31.80 -14.10 30.73 25.42
31.95 -13.05 38.24 25.62
31.20 -17.70 49.13 25.49
30.15 -18.15 53.97 25.60
31.05 -27.60 52.51 25.49
30.90 -40.05 53.00 25.51
29.55 -49.95 41.38 25.35
28.20 -49.35 23.47 25.35
26.40 -53.85 26.14 25.44
25.35 -36.00 10.41 25.58
24.30 -34.80 8.47 25.58
25.35 -23.10 7.99 25.40
23.10 -4.80 15.25 25.55
20.70 3.75 35.09 25.58
20.10 -3.90 60.98 25.38
16.95 -7.20 70.66 25.46
16.35 -27.00 72.60 25.60
15.30 -49.95 66.55 25.42
15.30 -61.65 34.12 25.55
15.15 -68.10 31.22 25.44
13.95 -47.10 5.57 25.33
13.65 -44.70 -1.94 25.55
13.50 -33.15 -3.63 25.55
9.30 -1.35 3.63 25.40
6.90 12.45 33.64 25.33
4.95 14.10 42.11 25.51
4.35 5.40 60.26 25.55
5.70 -37.95 76.23 25.40
3.45 -42.60 71.15 25.33
5.25 -70.35 49.13 25.40
7.05 -71.25 34.61 25.51
6.45 -67.20 10.16 25.42
10.65 -56.85 6.05 25.64
11.40 -47.85 -0.24 25.49
17.55 -38.40 7.02 25.46
25.35 -30.60 8.47 25.55
26.10 -23.85 11.86 25.42
26.70 -8.70 18.63 25.38
27.60 -5.10 33.88 25.51
26.85 -3.60 41.38 25.55
27.00 -6.75 47.92 25.51
28.20 -21.90 57.35 25.49
28.05 -31.05 55.66 25.58
30.00 -39.45 49.37 25.49
30.60 -46.50 37.27 25.51
30.30 -44.85 28.56 25.46
31.20 -40.50 23.23 25.62
31.50 -30.00 18.15 25.58
30.75 -19.35 25.17 25.44
31.95 -16.65 31.94 25.46
32.55 -18.15 45.74 25.51
32.25 -33.00 48.16 25.58
31.80 -45.60 37.75 25.53
31.80 -44.70 24.44 25.38
28.50 -41.70 15.73 25.62
26.85 -34.35 8.95 25.31
24.60 -18.90 11.13 25.49
26.25 -9.60 22.99 25.55
27.90 -6.75 38.24 25.58
28.20 -15.60 54.69 25.55
28.65 -34.20 56.14 25.51
30.00 -44.10 43.80 25.58
30.15 -49.20 27.59 25.46
29.10 -35.55 15.97 25.53
28.80 -20.70 18.63 25.62
29.10 -10.80 28.07 25.51
28.95 -7.80 43.56 25.44
27.90 -17.40 58.56 25.49
27.60 -30.60 60.50 25.60
27.30 -38.25 58.08 25.38
25.95 -54.00 45.01 25.44
22.95 -61.05 39.45 25.35
13.35 -69.45 45.50 25.53
-3.75 -72.60 53.48 25.40
-20.85 -66.90 60.98 25.49
-24.00 -64.20 63.40 25.35
-24.15 -66.75 59.29 25.58
-19.35 -65.85 63.40 25.55
-13.65 -63.75 67.03 25.38
0.60 -61.65 63.89 25.46
5.85 -63.30 61.47 25.55
-1.35 -63.45 67.03 25.51
-14.10 -61.95 67.52 25.55
-17.25 -61.35 68.24 25.35
-18.00 -60.75 68.97 25.55
-13.50 -61.20 69.21 25.51
-5.85 -61.50 68.24 25.42
-4.95 -61.50 67.28 25.49
-3.60 -61.95 66.31 25.53
4.05 -60.75 65.10 25.42
5.40 -60.60 64.86 25.58
4.65 -61.50 65.10 25.58
4.65 -61.50 64.61 25.49
4.65 -62.10 63.40 25.49
3.45 -63.15 63.65 25.44
4.50 -62.25 64.37 25.53
5.70 -61.65 63.65 25.46
4.95 -61.80 64.37 25.53
5.85 -61.35 63.89 25.53
6.00 -61.80 63.40 25.42
6.00 -61.35 63.40 25.49
6.75 -61.65 63.16 25.49
6.75 -61.65 62.68 25.62
