08:06:33 7.86 -8.76 -45.56 24.36
08:06:33 8.19 -9.71 -45.27 24.31
08:06:34 7.06 -9.54 -45.52 24.42
08:06:34 9.49 -11.75 -45.18 24.45
08:06:34 8.82 -9.92 -44.24 24.27
08:06:34 17.37 -10.22 -42.26 24.36
08:06:35 16.73 -7.43 -45.20 24.27
08:06:35 15.37 3.69 -45.96 24.54
08:06:35 16.40 16.06 -43.74 24.40
08:06:35 13.78 20.28 -43.65 24.38
08:06:36 14.42 20.74 -43.42 24.60
08:06:36 13.65 16.89 -44.52 24.69
08:06:36 20.11 13.93 -42.14 24.29
08:06:37 20.95 10.85 -43.02 24.49
08:06:37 19.06 5.64 -44.81 24.40
08:06:37 15.04 3.98 -45.46 24.69
08:06:37 17.11 7.53 -44.88 24.42
08:06:38 17.48 18.41 -40.79 24.47
08:06:38 17.38 29.01 -37.19 24.40
08:06:38 17.39 36.48 -26.54 24.40
08:06:38 18.05 42.69 -15.83 24.47
08:06:39 17.47 44.79 -7.22 24.60
08:06:39 17.70 44.00 3.04 24.38
08:06:39 16.96 41.96 13.64 24.47
08:06:40 17.38 31.43 28.71 24.27
08:06:40 18.51 29.32 30.33 24.36
08:06:40 18.14 24.62 37.72 24.38
08:06:40 17.87 8.88 44.09 24.49
08:06:41 18.62 -5.94 44.01 24.36
08:06:41 18.97 -25.17 38.00 24.47
08:06:41 19.12 -35.56 30.04 24.54
08:06:41 19.16 -37.94 27.34 24.31
08:06:42 19.58 -40.04 18.73 24.40
08:06:42 20.73 -43.64 2.00 24.45
08:06:42 21.52 -41.20 -13.98 24.45
08:06:43 21.58 -36.98 -24.16 24.29
08:06:43 21.43 -25.50 -32.88 24.51
08:06:43 21.10 -13.59 -40.86 24.27
08:06:43 20.09 -3.63 -43.62 24.38
08:06:44 20.19 5.13 -44.03 24.36
08:06:44 19.71 4.49 -43.74 24.34
08:06:44 19.84 9.33 -43.71 24.34
08:06:44 19.84 9.18 -43.96 24.31
08:06:45 20.35 5.76 -44.31 24.34
08:06:45 20.19 4.96 -43.76 24.42
08:06:45 19.09 -0.67 -43.23 24.51
08:06:45 20.57 -3.29 -44.15 24.25
08:06:46 18.30 -1.39 -44.47 24.38
08:06:46 18.63 -2.98 -43.89 24.40
08:06:46 16.69 -2.48 -44.41 24.36
08:06:47 18.79 -4.93 -42.26 24.40
08:06:47 20.40 -2.86 -43.40 24.34
08:06:47 19.84 9.01 -43.69 24.38
08:06:47 19.23 21.13 -39.14 24.40
08:06:48 18.65 30.51 -35.99 24.31
08:06:48 18.78 30.86 -33.45 24.34
08:06:48 18.79 38.82 -23.33 24.14
08:06:48 18.96 43.20 -10.23 24.62
08:06:49 18.82 43.49 3.83 24.25
08:06:49 20.04 39.40 14.50 24.51
08:06:49 19.36 37.75 19.95 24.45
08:06:50 18.79 27.21 35.55 24.38
08:06:50 17.38 11.27 43.22 24.20
08:06:50 17.45 -1.28 44.57 24.49
08:06:50 18.99 -11.37 43.24 24.60
08:06:51 18.55 -16.28 41.68 24.34
08:06:51 19.96 -35.42 26.70 24.40
08:06:51 19.65 -42.89 12.98 24.47
08:06:51 20.28 -43.63 -1.57 24.58
08:06:52 22.67 -38.01 -19.00 24.31
08:06:52 22.57 -26.11 -33.37 24.20
08:06:52 22.06 -14.58 -39.79 24.42
08:06:53 21.70 -5.57 -42.26 24.51
08:06:53 19.46 -7.42 -42.41 24.45
08:06:53 19.47 -11.04 -41.73 24.56
08:06:53 18.35 -11.18 -41.97 24.54
08:06:54 16.91 -14.61 -41.79 24.40
08:06:54 13.85 -17.30 -40.61 24.47
08:06:54 12.72 -16.62 -41.66 24.36
08:06:54 12.87 -14.25 -42.28 24.27
08:06:55 10.47 -16.89 -42.14 24.36
08:06:55 11.74 -8.61 -46.12 24.58
08:06:55 10.98 9.21 -46.69 24.65
08:06:56 10.01 24.74 -41.52 24.42
08:06:56 10.04 32.48 -33.44 24.38
08:06:56 9.40 34.58 -35.07 24.45
08:06:56 10.16 36.43 -31.33 24.36
08:06:57 10.03 45.65 -7.96 24.40
08:06:57 8.45 46.30 5.33 24.58
08:06:57 9.13 39.68 23.54 24.45
08:06:57 9.47 38.84 21.53 24.34
08:06:58 9.28 36.88 26.74 24.38
08:06:58 8.75 22.62 41.74 24.40
08:06:58 9.16 1.94 47.06 24.38
08:06:58 10.29 -18.25 44.92 24.40
08:06:59 9.97 -18.89 45.21 24.54
08:06:59 9.52 -21.77 43.56 24.42
08:06:59 9.97 -39.06 25.94 24.47
08:07:00 11.00 -47.15 8.40 24.42
08:07:00 12.42 -45.88 -5.74 24.40
08:07:00 13.06 -45.74 -5.50 24.31
08:07:00 13.31 -43.68 -16.35 24.42
08:07:01 12.74 -28.61 -35.21 24.40
08:07:01 12.08 -16.43 -42.17 24.38
08:07:01 11.27 -13.20 -44.62 24.36
08:07:01 11.58 -9.90 -45.03 24.45
08:07:02 11.42 -13.58 -43.07 24.38
08:07:02 11.75 -14.71 -42.25 24.51
08:07:02 10.79 -16.11 -42.18 24.29
08:07:03 9.18 -16.54 -42.91 24.36
08:07:03 8.70 -17.48 -42.60 24.56
08:07:03 6.11 -18.10 -42.29 24.25
08:07:03 5.79 -17.46 -42.58 24.40
08:07:04 4.18 -18.69 -42.76 24.36
08:07:04 1.76 -16.90 -44.10 24.36
08:07:04 2.55 -14.88 -43.95 24.40
08:07:04 3.18 -9.00 -46.53 24.47
08:07:05 3.23 8.52 -47.61 24.36
08:07:05 2.64 32.99 -36.72 24.38
08:07:05 1.42 39.04 -32.39 24.29
08:07:06 2.53 40.38 -31.18 24.25
08:07:06 2.28 42.66 -23.10 24.40
08:07:06 1.86 47.80 0.71 24.54
08:07:06 1.35 41.42 24.30 24.38
08:07:07 0.06 32.87 30.60 24.29
08:07:07 1.48 32.08 33.95 24.38
08:07:07 1.33 15.01 45.49 24.38
08:07:07 1.16 -9.87 47.17 24.49
08:07:08 0.78 -32.73 35.45 24.29
08:07:08 1.05 -45.63 17.38 24.42
08:07:08 2.84 -47.32 16.67 24.47
08:07:09 2.64 -48.01 4.68 24.34
08:07:09 3.28 -46.09 -13.58 24.40
08:07:09 2.40 -36.13 -29.65 24.34
08:07:09 0.97 -28.72 -37.91 24.12
08:07:10 0.50 -22.04 -44.10 24.31
08:07:10 0.13 -15.34 -43.90 24.34
08:07:10 0.79 -18.19 -43.01 24.47
08:07:10 0.46 -18.51 -42.73 24.45
08:07:11 -2.12 -18.35 -42.46 24.36
08:07:11 -5.03 -17.37 -42.99 24.38
08:07:11 -5.69 -13.71 -44.44 24.40
08:07:11 -7.63 -13.22 -44.70 24.36
08:07:12 -9.08 -15.91 -43.79 24.47
08:07:12 -7.78 -16.86 -43.50 24.47
08:07:12 -8.28 -10.48 -46.61 24.34
08:07:13 -7.68 16.05 -43.51 24.34
08:07:13 -8.91 38.16 -32.25 24.29
08:07:13 -8.30 39.59 -29.51 24.34
08:07:13 -8.11 47.01 -4.27 24.40
08:07:14 -10.94 40.47 26.25 24.29
08:07:14 -9.81 29.84 33.39 24.36
08:07:14 -10.00 27.58 38.36 24.47
08:07:14 -9.57 -0.45 47.34 24.38
08:07:15 -8.93 -34.05 38.42 24.40
08:07:15 -6.64 -35.04 35.89 24.47
08:07:15 -6.70 -45.51 15.91 24.34
08:07:16 -6.59 -47.55 -10.86 24.36
08:07:16 -7.12 -36.32 -31.08 24.34
08:07:16 -7.76 -24.50 -40.33 24.40
08:07:16 -8.26 -18.30 -42.66 24.51
08:07:17 -9.09 -13.20 -44.94 24.16
08:07:17 -10.23 -12.28 -44.46 24.36
08:07:17 -10.22 -14.52 -43.33 24.56
08:07:17 -11.02 -15.45 -43.28 24.51
08:07:18 -13.63 -11.84 -43.43 24.47
08:07:18 -15.10 -8.67 -44.33 24.47
08:07:18 -14.79 -5.52 -44.99 24.49
08:07:19 -15.39 8.94 -43.87 24.38
08:07:19 -15.79 31.65 -35.46 24.47
08:07:19 -15.68 43.46 -20.92 24.42
08:07:19 -15.40 44.07 -17.37 24.40
08:07:20 -16.17 44.57 12.55 24.54
08:07:20 -17.75 29.92 36.28 24.38
08:07:20 -17.87 18.19 40.15 24.27
08:07:20 -15.93 15.13 42.07 24.34
08:07:21 -16.32 -2.81 45.47 24.51
08:07:21 -16.84 -28.92 33.14 24.31
08:07:21 -17.12 -42.30 22.25 24.47
08:07:22 -15.43 -44.51 15.95 24.40
08:07:22 -14.84 -45.60 -11.39 24.51
08:07:22 -15.54 -33.91 -31.37 24.29
08:07:22 -15.23 -15.60 -42.72 24.31
08:07:23 -15.58 -10.23 -44.25 24.25
08:07:23 -17.39 -4.25 -45.03 24.40
08:07:23 -17.70 -7.10 -44.12 24.36
08:07:23 -18.02 -7.88 -44.08 24.25
08:07:24 -18.53 -3.15 -45.07 24.27
08:07:24 -18.23 2.67 -46.11 24.34
08:07:24 -15.83 7.69 -47.13 24.45
08:07:25 -14.40 8.55 -45.65 24.47
08:07:25 -15.41 26.74 -37.28 24.42
08:07:25 -15.84 40.73 -19.26 24.51
08:07:25 -16.75 44.61 -12.01 24.45
08:07:26 -17.04 45.58 0.99 24.34
08:07:26 -18.04 35.26 28.61 24.23
08:07:26 -18.34 12.17 42.23 24.25
08:07:26 -17.27 -5.57 44.59 24.34
08:07:27 -20.15 -9.60 44.29 24.36
08:07:27 -17.96 -29.84 32.94 24.27
08:07:27 -16.75 -45.78 2.97 24.38
08:07:27 -15.47 -45.99 3.99 24.34
08:07:28 -16.26 -44.14 -15.79 24.51
08:07:28 -16.82 -27.71 -37.02 24.38
08:07:28 -15.45 -4.25 -45.30 24.29
08:07:29 -17.31 8.10 -45.60 24.42
08:07:29 -17.94 5.92 -45.50 24.31
08:07:29 -18.59 6.87 -45.79 24.40
08:07:29 -17.00 11.23 -45.75 24.47
08:07:30 -12.84 17.00 -46.32 24.36
08:07:30 -11.06 16.65 -45.81 24.36
08:07:30 -11.53 16.07 -46.80 24.34
08:07:30 -11.53 15.42 -46.26 24.31
08:07:31 -10.09 17.30 -46.62 24.45
08:07:31 -8.85 21.22 -43.74 24.58
08:07:31 -9.93 38.08 -26.87 24.38
08:07:32 -10.48 46.97 -9.88 24.47
08:07:32 -10.72 46.92 -1.94 24.36
08:07:32 -10.64 47.00 6.50 24.23
08:07:32 -10.64 32.97 33.25 24.34
08:07:33 -12.22 12.17 44.73 24.42
08:07:33 -13.21 -8.10 44.67 24.45
08:07:33 -15.30 -10.61 45.32 24.40
08:07:33 -13.63 -17.93 44.87 24.29
08:07:34 -9.74 -39.05 25.10 24.25
08:07:34 -9.13 -47.45 0.93 24.42
08:07:34 -9.92 -47.21 -0.87 24.23
08:07:35 -13.43 -46.00 -6.26 24.62
08:07:35 -10.36 -37.79 -29.19 24.47
08:07:35 -10.03 -19.35 -43.36 24.12
08:07:35 -8.66 -1.23 -47.55 24.38
08:07:36 -8.59 11.35 -46.35 24.31
08:07:36 -8.79 17.31 -46.88 24.42
08:07:36 -9.08 13.77 -47.99 24.45
08:07:36 -8.41 10.80 -47.86 24.40
08:07:37 -7.78 12.19 -47.68 24.45
08:07:37 -3.94 16.80 -46.65 24.42
08:07:37 2.67 18.28 -46.01 24.31
08:07:37 6.04 20.07 -44.59 24.29
08:07:38 5.27 39.33 -29.11 24.34
08:07:38 4.58 47.51 3.26 24.25
08:07:38 7.87 39.08 20.00 24.34
08:07:39 1.52 38.89 24.93 24.56
08:07:39 3.06 31.21 39.09 24.34
08:07:39 3.16 6.37 46.65 24.31
08:07:39 3.99 -17.57 44.69 24.34
08:07:40 5.37 -28.24 42.36 24.34
08:07:40 4.14 -31.63 38.19 24.34
08:07:40 4.44 -45.65 17.35 24.38
08:07:41 5.67 -47.12 -8.44 24.51
08:07:41 7.29 -35.33 -34.33 24.51
08:07:41 8.04 -13.97 -44.30 24.49
08:07:41 8.66 -4.46 -47.56 24.31
08:07:42 1.99 2.18 -48.58 24.38
08:07:42 4.75 19.95 -45.34 24.58
08:07:42 5.70 22.90 -44.98 24.47
08:07:42 6.04 20.44 -45.89 24.40
08:07:43 4.77 18.44 -46.30 24.31
08:07:43 7.35 17.45 -45.51 24.36
08:07:43 12.72 13.36 -45.62 24.27
08:07:43 14.64 15.02 -44.69 24.36
08:07:44 14.96 15.18 -44.70 24.25
08:07:44 13.02 15.67 -44.97 24.36
08:07:44 16.20 25.22 -29.32 24.29
08:07:45 16.11 44.83 -1.07 24.36
08:07:45 15.76 37.92 23.56 24.36
08:07:45 15.94 35.73 23.66 24.29
08:07:45 13.27 30.35 35.96 24.38
08:07:46 13.68 4.29 46.14 24.29
08:07:46 15.01 -18.91 41.58 24.40
08:07:46 15.89 -36.48 30.12 24.34
08:07:46 14.08 -36.01 33.69 24.38
08:07:47 15.81 -38.82 23.32 24.14
08:07:47 15.95 -45.86 -3.48 24.38
08:07:47 17.06 -37.77 -23.31 24.42
08:07:48 18.24 -23.18 -38.84 24.34
08:07:48 18.17 -7.22 -43.17 24.27
08:07:48 17.84 -5.63 -43.76 24.47
08:07:48 16.78 5.88 -43.01 24.40
08:07:49 14.24 23.07 -43.28 24.38
08:07:49 13.48 18.47 -44.84 24.47
08:07:49 14.96 15.98 -45.25 24.27
08:07:49 15.76 14.81 -43.67 24.31
08:07:50 16.60 11.56 -44.29 24.31
08:07:50 20.65 9.50 -44.24 24.38
08:07:50 20.13 11.13 -42.26 24.45
08:07:51 19.61 29.34 -34.41 24.42
08:07:51 17.78 43.76 -5.13 24.36
08:07:51 18.07 38.30 18.40 24.38
08:07:51 17.61 39.70 15.27 24.27
08:07:52 18.69 37.33 22.54 24.34
08:07:52 17.99 16.43 42.71 24.40
08:07:52 18.00 -9.48 43.16 24.49
08:07:52 19.78 -23.85 36.39 24.42
08:07:53 20.75 -24.50 36.93 24.23
08:07:53 23.77 -30.92 30.04 24.42
08:07:53 24.09 -41.75 4.44 24.56
08:07:53 24.11 -38.27 -16.96 24.40
08:07:54 24.83 -27.11 -32.33 24.38
08:07:54 24.00 -13.46 -40.63 24.51
08:07:54 20.74 -4.74 -43.31 24.49
08:07:55 20.22 1.86 -44.13 24.42
08:07:55 20.83 6.06 -44.08 24.16
08:07:55 20.32 9.80 -43.99 24.47
08:07:55 17.54 13.55 -43.63 24.51
08:07:56 21.26 12.69 -42.34 24.36
08:07:56 22.37 13.75 -41.89 24.42
08:07:56 22.86 13.92 -42.16 24.34
08:07:56 21.58 12.22 -42.33 24.40
08:07:57 21.76 10.66 -42.51 24.45
08:07:57 21.60 10.05 -42.74 24.40
08:07:57 22.40 10.18 -42.24 24.51
08:07:58 20.68 7.07 -45.66 24.27
08:07:58 16.03 1.98 -46.14 24.60
08:07:58 9.30 -5.63 -45.98 24.45
08:07:58 6.39 -5.61 -45.95 24.27
08:07:59 6.08 -6.66 -46.92 24.38
08:07:59 5.27 -6.33 -47.19 24.34
08:07:59 8.15 -5.85 -44.42 24.36
08:07:59 27.78 -7.24 -34.05 24.42
08:08:00 32.94 -2.81 -36.10 24.20
08:08:00 32.09 -0.27 -33.65 24.40
08:08:00 35.09 7.45 -32.25 24.36
08:08:01 34.27 23.36 -25.31 24.40
08:08:01 34.19 32.82 -7.08 24.38
08:08:01 33.43 33.19 5.19 24.34
08:08:01 35.04 31.72 6.53 24.45
08:08:02 35.56 20.74 28.02 24.36
08:08:02 34.24 -4.72 32.29 24.56
08:08:02 36.45 -15.95 28.45 24.40
08:08:02 35.98 -17.96 28.03 24.36
08:08:03 36.64 -31.01 3.05 24.14
08:08:03 36.47 -28.29 -15.24 24.49
08:08:03 36.97 -13.54 -27.19 24.40
08:08:04 38.84 -0.97 -29.59 24.31
08:08:04 37.71 0.80 -30.43 24.29
08:08:04 38.02 0.43 -29.39 24.36
08:08:04 38.38 -4.24 -29.69 24.47
08:08:05 38.68 -5.17 -26.32 24.38
08:08:05 39.83 -7.03 -26.75 24.51
08:08:05 38.07 -9.32 -27.65 24.25
08:08:05 38.70 -7.79 -26.96 24.40
08:08:06 39.83 12.01 -23.55 24.34
08:08:06 38.94 26.30 -8.61 24.38
08:08:06 39.35 27.54 -1.76 24.38
08:08:07 40.81 26.74 -1.48 24.36
08:08:07 40.68 24.66 13.20 24.47
08:08:07 39.53 15.52 22.08 24.47
08:08:07 40.44 -3.49 25.01 24.36
08:08:08 41.62 -9.07 23.98 24.42
08:08:08 40.47 -9.78 26.07 24.14
08:08:08 40.30 -20.46 17.37 24.36
08:08:08 41.01 -25.80 -2.09 24.27
08:08:09 41.73 -22.87 -11.70 24.42
08:08:09 41.59 -14.69 -20.02 24.29
08:08:09 41.75 -9.88 -22.80 24.40
08:08:09 41.57 -8.48 -22.61 24.36
08:08:10 42.05 -6.77 -22.69 24.40
08:08:10 41.09 -8.47 -22.86 24.25
08:08:10 41.28 -11.91 -22.70 24.20
08:08:11 39.68 -15.98 -22.24 24.23
08:08:11 39.20 -16.78 -21.69 24.45
08:08:11 38.89 -11.22 -27.06 24.36
08:08:11 38.78 7.26 -28.69 24.40
08:08:12 38.56 22.50 -17.38 24.36
08:08:12 39.54 23.81 -18.99 24.29
08:08:12 38.20 26.17 -15.76 24.42
08:08:12 38.30 29.72 5.31 24.36
08:08:13 37.73 23.65 18.65 24.45
08:08:13 38.23 13.12 23.74 24.36
08:08:13 37.88 14.89 25.97 24.38
08:08:14 37.28 2.21 30.40 24.47
08:08:14 38.14 -18.98 22.95 24.27
08:08:14 38.27 -27.23 15.65 24.29
08:08:14 39.08 -28.34 15.96 24.31
08:08:15 38.85 -27.89 6.21 24.18
08:08:15 39.46 -28.40 -6.56 24.29
08:08:15 39.68 -20.81 -18.94 24.36
08:08:15 39.52 -15.84 -21.73 24.45
08:08:16 39.36 -16.48 -21.45 24.42
08:08:16 38.89 -18.98 -21.33 24.29
08:08:16 36.98 -21.56 -22.47 24.45
08:08:17 33.47 -23.22 -26.70 24.45
08:08:17 30.57 -23.96 -27.15 24.20
08:08:17 28.96 -25.56 -26.04 24.29
08:08:17 28.83 -22.83 -31.03 24.38
08:08:18 27.80 -4.20 -39.06 24.34
08:08:18 27.52 24.56 -30.17 24.47
08:08:18 26.61 32.14 -25.14 24.36
08:08:18 27.90 32.74 -24.92 24.29
08:08:19 28.46 39.41 -3.75 24.45
08:08:19 26.96 34.05 21.33 24.27
08:08:19 26.48 23.72 28.99 24.40
08:08:20 28.25 22.87 30.29 24.34
08:08:20 27.58 16.46 37.25 24.49
08:08:20 28.29 -14.99 35.90 24.38
08:08:20 28.63 -34.78 15.08 24.56
08:08:21 29.62 -36.75 13.62 24.45
08:08:21 29.34 -37.38 10.33 24.27
08:08:21 30.68 -36.15 -13.02 24.36
08:08:21 30.60 -23.53 -29.73 24.45
08:08:22 30.56 -7.09 -37.67 24.27
08:08:22 29.83 4.44 -37.18 24.40
08:08:22 30.13 8.38 -38.13 24.62
08:08:23 29.08 26.36 -25.40 24.45
08:08:23 28.84 38.24 -8.82 24.47
08:08:23 27.61 34.55 20.54 24.38
08:08:23 27.78 27.81 24.69 24.34
08:08:24 27.29 29.70 24.35 24.34
08:08:24 26.17 30.09 22.81 24.34
08:08:24 26.90 24.87 34.30 24.14
08:08:24 26.84 -14.31 34.86 24.42
08:08:25 28.26 -28.08 32.16 24.36
08:08:25 26.33 -29.46 31.99 24.49
08:08:25 22.02 -34.32 29.70 24.31
08:08:25 21.90 -43.16 -1.87 24.12
08:08:26 20.75 -36.15 -21.89 24.56
08:08:26 20.92 -34.00 -24.55 24.42
08:08:26 19.64 -34.41 -25.54 24.45
08:08:27 20.78 -29.51 -30.38 24.47
08:08:27 22.22 -10.59 -41.77 24.49
08:08:27 22.54 23.10 -31.59 24.42
08:08:27 23.14 38.07 -21.29 24.38
08:08:28 22.67 38.92 -22.86 24.45
08:08:28 23.15 41.16 -7.11 24.16
08:08:28 22.29 40.46 14.94 24.31
08:08:28 20.46 27.12 30.42 24.42
08:08:29 21.27 27.63 29.36 24.49
08:08:29 20.92 26.36 33.26 24.23
08:08:29 21.76 8.77 42.52 24.40
08:08:30 21.79 -14.33 39.51 24.47
08:08:30 22.19 -24.90 38.47 24.34
08:08:30 20.43 -26.26 37.78 24.40
08:08:30 23.34 -34.03 26.60 24.40
08:08:31 24.06 -41.89 7.52 24.40
08:08:31 24.64 -41.25 -3.01 24.40
08:08:31 23.86 -41.64 -4.77 24.54
08:08:31 24.79 -34.90 -22.49 24.34
08:08:32 23.37 -21.77 -36.40 24.23
08:08:32 23.29 -1.53 -42.21 24.40
08:08:32 24.29 -8.34 -40.11 24.40
08:08:33 21.09 -12.35 -40.66 24.31
08:08:33 16.59 -13.49 -42.35 24.31
08:08:33 15.62 -13.81 -42.07 24.36
08:08:33 13.68 -12.64 -43.39 24.47
08:08:34 13.98 -6.63 -45.21 24.38
08:08:34 15.53 19.63 -39.80 24.31
08:08:34 16.08 37.22 -25.53 24.34
08:08:34 15.96 37.12 -30.13 24.16
08:08:35 16.69 39.30 -23.34 24.45
08:08:35 17.24 44.97 -0.83 24.36
08:08:35 14.33 38.05 21.01 24.29
08:08:36 17.26 38.10 19.44 24.23
08:08:36 16.02 32.89 34.54 24.45
08:08:36 15.45 6.99 44.97 24.29
08:08:36 16.65 -22.38 42.24 24.27
08:08:37 17.62 -22.56 42.50 24.56
08:08:37 17.77 -29.21 31.04 24.49
08:08:37 17.51 -45.21 2.62 24.31
08:08:37 18.05 -35.88 -27.25 24.38
08:08:38 17.24 -23.33 -35.50 24.38
08:08:38 14.99 -25.97 -35.36 24.14
08:08:38 13.06 -25.41 -37.16 24.40
08:08:38 10.31 -23.31 -38.25 24.20
08:08:39 9.18 -21.04 -39.88 24.42
08:08:39 10.00 -19.05 -42.54 24.23
08:08:39 9.41 3.65 -47.69 24.25
08:08:40 8.52 28.10 -39.88 24.54
08:08:40 7.09 45.81 -20.99 24.23
08:08:40 8.42 44.21 -23.74 24.34
08:08:40 7.43 46.38 -6.44 24.42
08:08:41 7.38 43.89 17.22 24.27
08:08:41 6.66 24.47 39.12 24.23
08:08:41 7.80 25.15 37.79 24.31
08:08:41 7.78 17.47 45.32 24.14
08:08:42 9.31 -14.76 43.74 24.47
08:08:42 9.61 -44.86 16.49 24.34
08:08:42 11.59 -45.66 13.19 24.47
08:08:43 10.92 -47.08 0.21 24.16
08:08:43 11.62 -35.21 -30.80 24.23
08:08:43 10.45 -8.44 -46.11 24.23
08:08:43 10.44 -10.88 -43.95 24.23
08:08:44 8.53 -13.32 -44.84 24.16
08:08:44 6.10 -9.80 -46.52 24.12
08:08:44 5.90 -4.16 -47.04 24.47
08:08:44 4.62 -5.24 -46.98 24.42
08:08:45 7.00 1.79 -47.58 24.34
08:08:45 7.83 37.40 -24.95 24.12
08:08:45 7.55 45.68 -18.43 24.29
08:08:46 9.32 45.79 -17.69 24.27
08:08:46 6.33 46.87 6.85 24.27
08:08:46 7.41 30.15 41.15 24.34
08:08:46 6.84 13.91 44.98 24.34
08:08:47 6.37 10.46 45.40 24.38
08:08:47 6.52 -11.22 45.14 24.47
08:08:47 7.27 -39.59 20.87 24.12
08:08:47 10.00 -46.79 10.95 24.40
08:08:48 9.28 -47.50 2.80 24.29
08:08:48 9.81 -41.00 -23.35 24.34
08:08:48 9.85 -25.61 -39.16 24.20
08:08:49 9.62 -5.29 -46.77 24.36
08:08:49 8.66 -7.18 -46.16 24.34
08:08:49 8.01 -6.86 -46.17 24.16
08:08:49 7.20 -4.78 -47.28 24.34
08:08:50 8.61 1.62 -47.59 24.16
08:08:50 7.95 4.92 -48.00 24.14
08:08:50 8.23 8.93 -46.91 24.31
08:08:50 8.98 26.03 -35.69 24.27
08:08:51 9.90 42.43 -25.98 24.38
08:08:51 10.90 40.94 -27.71 24.14
08:08:51 9.09 44.01 -9.41 24.36
08:08:51 10.23 40.20 25.81 24.34
08:08:52 10.09 36.58 26.49 24.40
08:08:52 9.26 34.37 30.44 24.36
08:08:52 8.59 17.31 45.32 24.25
08:08:53 10.98 -22.57 43.84 24.12
08:08:53 11.77 -21.53 44.80 24.12
08:08:53 10.28 -26.85 35.09 24.34
08:08:53 10.51 -45.86 7.58 24.23
08:08:54 12.34 -47.10 3.78 24.45
08:08:54 10.58 -47.30 1.50 24.38
08:08:54 11.60 -39.98 -25.46 24.12
08:08:54 12.25 -15.28 -43.51 24.34
08:08:55 13.20 -13.59 -43.08 24.12
08:08:55 12.06 -8.61 -46.12 24.12
08:08:55 10.44 16.53 -46.26 24.23
08:08:56 11.45 11.25 -47.05 24.18
08:08:56 11.95 8.90 -46.94 24.12
08:08:56 13.55 10.27 -46.25 24.34
08:08:56 13.81 16.40 -43.98 24.29
08:08:57 16.86 17.88 -42.80 24.45
08:08:57 17.05 15.45 -44.23 24.40
08:08:57 17.64 19.04 -40.82 24.47
08:08:57 18.97 35.18 -22.40 24.20
08:08:58 18.47 43.02 7.43 24.16
08:08:58 19.12 42.39 7.46 24.31
08:08:58 19.64 39.32 23.20 24.38
08:08:59 18.83 13.85 41.03 24.20
08:08:59 19.27 -7.69 44.60 24.12
08:08:59 19.26 -6.44 44.54 24.09
08:08:59 19.43 -19.64 36.46 24.12
08:09:00 20.02 -42.05 8.08 24.23
08:09:00 21.51 -43.66 5.58 24.09
08:09:00 21.40 -43.38 -0.32 24.18
08:09:00 22.43 -30.81 -32.90 23.98
08:09:01 23.00 -8.97 -39.81 24.18
08:09:01 22.37 -11.28 -40.46 24.29
08:09:01 22.02 -3.83 -42.86 24.31
08:09:02 21.81 20.77 -38.38 24.14
08:09:02 20.34 24.41 -39.30 24.34
08:09:02 20.53 21.34 -40.44 24.31
08:09:02 21.19 19.60 -40.11 24.38
08:09:03 24.25 18.44 -39.06 24.29
08:09:03 26.18 16.76 -36.70 24.20
08:09:03 28.76 17.03 -36.22 24.23
08:09:03 29.22 18.36 -34.50 24.20
08:09:04 30.76 30.72 -18.72 24.12
08:09:04 30.78 35.32 10.24 24.14
08:09:04 29.99 34.76 8.99 24.14
08:09:05 29.60 33.81 15.95 24.16
08:09:05 29.21 14.46 36.56 24.14
08:09:05 29.85 -8.70 37.89 24.27
08:09:05 30.32 -7.32 38.34 24.18
08:09:06 31.09 -15.88 31.05 24.16
08:09:06 31.29 -34.44 7.36 24.12
08:09:06 32.63 -36.46 3.60 24.18
08:09:06 32.33 -36.50 1.05 24.07
08:09:07 32.50 -31.14 -20.44 24.29
08:09:07 32.78 -9.72 -31.68 23.98
08:09:07 33.60 -11.60 -31.60 24.47
08:09:07 33.58 -4.27 -35.01 24.23
08:09:08 32.59 18.69 -31.99 24.23
08:09:08 32.29 17.35 -33.46 24.03
08:09:08 30.67 19.29 -34.55 24.16
08:09:09 31.82 16.93 -34.45 24.16
08:09:09 32.67 9.41 -33.85 24.29
08:09:09 35.43 7.04 -33.51 24.16
08:09:09 35.43 5.44 -32.67 24.03
08:09:10 35.50 13.50 -28.19 24.00
08:09:10 35.72 30.25 -12.60 24.03
08:09:10 35.56 32.69 2.13 24.25
08:09:10 35.72 32.20 2.66 24.07
08:09:11 35.23 24.09 26.33 24.09
08:09:11 34.53 -2.96 34.51 24.16
08:09:11 35.01 -3.44 34.78 23.98
08:09:12 34.50 -11.18 26.71 24.14
08:09:12 35.50 -32.15 4.40 24.00
08:09:12 36.17 -32.54 2.62 23.89
08:09:12 36.37 -33.12 -1.71 23.98
08:09:13 36.36 -23.04 -24.18 24.07
08:09:13 35.82 -4.41 -32.21 24.03
08:09:13 36.09 2.60 -32.03 24.31
08:09:13 36.10 2.62 -32.55 24.16
08:09:14 35.62 1.53 -32.49 24.23
08:09:14 37.56 -0.12 -30.90 24.49
08:09:14 36.61 -2.75 -31.28 24.07
08:09:15 37.90 -6.49 -28.04 24.05
08:09:15 38.23 -8.69 -27.69 24.09
08:09:15 38.22 -5.38 -28.61 24.18
08:09:15 38.93 7.04 -27.41 24.14
08:09:16 38.37 22.81 -14.07 24.03
08:09:16 37.96 28.51 -8.96 24.14
08:09:16 39.19 28.39 -3.08 24.03
08:09:16 38.38 22.54 18.95 24.09
08:09:17 37.91 11.98 24.82 24.29
08:09:17 39.19 12.55 25.81 24.34
08:09:17 39.05 4.92 28.73 24.03
08:09:18 39.37 -11.89 24.65 24.14
08:09:18 40.43 -20.66 21.72 24.20
08:09:18 41.57 -19.64 19.87 24.12
08:09:18 40.55 -23.43 10.85 24.20
08:09:19 40.95 -22.54 -15.29 24.12
08:09:19 42.05 -11.26 -19.93 24.12
08:09:19 41.11 -9.35 -24.10 24.23
08:09:19 40.59 -6.78 -22.17 24.00
08:09:20 43.63 -4.02 -21.56 24.36
08:09:20 42.84 -6.51 -21.69 24.27
08:09:20 42.81 -5.05 -19.46 24.18
08:09:20 45.35 -4.49 -14.90 24.14
08:09:21 46.30 -1.54 -14.79 24.20
08:09:21 46.17 -3.01 -16.77 24.03
08:09:21 45.82 -2.30 -15.26 24.20
08:09:22 46.08 3.98 -12.75 24.09
08:09:22 46.42 12.91 -3.44 23.89
08:09:22 46.57 13.50 -2.71 24.05
08:09:22 46.72 12.67 -1.65 24.14
08:09:23 46.50 12.21 5.03 23.87
08:09:23 46.99 7.88 7.53 24.18
08:09:23 47.30 9.08 8.50 24.16
08:09:23 46.44 10.30 12.54 24.00
08:09:24 45.85 -0.90 15.37 24.20
08:09:24 46.50 -1.84 15.41 24.29
08:09:24 46.17 -2.18 15.94 24.14
08:09:25 46.63 -11.17 7.92 24.27
08:09:25 46.46 -12.66 9.78 24.14
08:09:25 47.49 -11.76 3.59 24.16
08:09:25 47.26 -8.23 -8.60 24.20
08:09:26 47.58 -4.85 -10.81 24.23
08:09:26 47.25 -3.76 -10.86 24.16
08:09:26 47.38 -0.98 -10.22 24.09
08:09:26 48.00 0.97 -8.53 24.00
08:09:27 47.88 -6.09 -7.69 24.16
08:09:27 46.78 -9.13 -9.32 24.16
08:09:27 45.85 -11.83 -11.49 24.05
08:09:28 46.17 -11.24 -10.75 23.96
08:09:28 45.69 -10.41 -11.81 24.18
08:09:28 45.69 -10.56 -12.06 24.09
08:09:28 45.37 -10.85 -12.30 24.14
08:09:29 44.75 -10.07 -15.66 23.96
08:09:29 44.44 -6.62 -19.40 23.98
08:09:29 44.16 8.62 -18.32 24.09
08:09:29 44.82 7.53 -18.53 24.09
08:09:30 44.55 13.14 -11.63 24.12
08:09:30 44.68 16.03 -9.97 23.98
08:09:30 45.47 14.79 -6.85 24.16
08:09:31 45.32 16.67 6.62 24.23
08:09:31 44.84 16.85 6.11 24.20
08:09:31 45.11 11.88 15.81 24.14
08:09:31 45.13 9.89 14.87 24.25
08:09:32 45.14 10.25 13.83 23.96
08:09:32 45.11 7.72 18.05 24.14
08:09:32 45.24 -10.06 17.86 24.00
08:09:32 45.40 -8.28 16.49 24.25
08:09:33 45.71 -15.47 6.59 24.18
08:09:33 45.44 -17.63 2.60 24.09
08:09:33 46.74 -16.63 1.01 24.09
08:09:33 46.49 -12.86 -9.66 24.20
08:09:34 45.05 -6.47 -16.08 24.27
08:09:34 45.39 -7.86 -16.28 24.12
08:09:34 43.20 -11.17 -21.99 24.16
08:09:35 40.47 -10.14 -23.80 24.29
08:09:35 40.47 -10.76 -23.77 24.16
08:09:35 40.31 -10.93 -23.51 24.12
08:09:35 41.10 -8.08 -24.41 24.03
08:09:36 40.15 13.76 -24.41 24.14
08:09:36 40.63 14.54 -24.45 24.07
08:09:36 41.04 17.27 -19.46 24.05
08:09:36 38.63 28.01 5.13 24.14
08:09:37 39.27 27.32 6.44 24.05
08:09:37 38.72 26.02 14.44 24.09
08:09:37 37.75 9.56 26.47 24.05
08:09:38 38.07 8.73 27.53 24.09
08:09:38 38.72 -14.14 26.04 24.12
08:09:38 39.09 -18.10 23.92 24.05
08:09:38 38.44 -17.82 24.68 23.98
08:09:39 39.44 -27.98 11.59 24.09
08:09:39 40.41 -26.88 11.27 24.18
08:09:39 40.93 -24.28 -11.37 24.12
08:09:39 40.12 -23.97 -11.38 24.27
08:09:40 40.02 -14.96 -24.08 24.07
08:09:40 38.08 -13.32 -25.42 24.07
08:09:40 36.51 -16.45 -28.33 24.23
08:09:41 34.25 -13.36 -30.76 24.09
08:09:41 31.86 -15.91 -32.66 24.09
08:09:41 31.02 -4.96 -36.49 23.98
08:09:41 31.03 15.89 -35.42 24.16
08:09:42 32.31 14.87 -33.85 24.18
08:09:42 30.90 35.42 -19.19 24.18
08:09:42 31.38 33.31 -17.31 24.09
08:09:42 32.10 34.83 7.18 24.12
08:09:43 31.47 35.53 5.61 24.09
08:09:43 31.67 18.13 30.99 23.92
08:09:43 32.51 16.67 28.75 24.09
08:09:44 32.99 13.58 31.45 24.07
08:09:44 32.19 -17.17 35.20 24.07
08:09:44 32.34 -14.66 34.82 24.16
08:09:44 32.11 -27.27 17.51 24.18
08:09:45 30.51 -33.77 19.87 24.14
08:09:45 31.53 -34.19 15.28 24.14
08:09:45 30.48 -37.15 -8.37 24.05
08:09:45 30.91 -26.14 -27.31 24.09
08:09:46 30.40 -24.66 -25.33 24.07
08:09:46 30.57 -25.59 -25.54 24.14
08:09:46 28.01 -23.52 -29.45 24.00
08:09:47 27.04 -23.32 -30.22 23.98
08:09:47 25.62 -20.60 -34.94 23.96
08:09:47 26.06 15.03 -39.68 24.03
08:09:47 28.63 15.06 -37.41 24.00
08:09:48 26.73 40.95 -9.95 24.16
08:09:48 25.09 40.05 -7.07 23.98
08:09:48 24.57 33.08 19.10 24.23
08:09:48 25.68 32.80 21.66 23.92
08:09:49 25.51 -15.32 40.04 23.81
08:09:49 25.68 -16.38 39.32 24.12
08:09:49 24.90 -39.02 19.66 24.14
08:09:49 27.04 -38.49 14.50 23.96
08:09:50 27.36 -38.06 -18.53 24.07
08:09:50 25.92 -27.45 -28.48 24.05
08:09:50 25.27 -29.09 -26.61 24.14
08:09:51 23.20 -28.47 -29.69 23.87
08:09:51 20.62 -24.03 -34.22 24.00
08:09:51 20.46 -24.20 -33.96 24.16
08:09:51 18.06 -25.05 -35.43 24.09
08:09:52 19.05 8.30 -44.93 23.98
08:09:52 19.35 10.77 -44.54 24.18
08:09:52 16.56 38.31 -25.59 24.25
08:09:52 18.31 40.43 -24.43 24.09
08:09:53 16.26 43.80 17.91 23.98
08:09:53 16.14 39.13 17.62 24.05
08:09:53 16.02 21.44 42.75 24.12
08:09:54 16.10 7.17 44.19 23.74
08:09:54 15.22 -24.65 40.82 24.23
08:09:54 18.48 -25.52 39.04 24.03
08:09:54 19.96 -43.15 15.04 24.05
08:09:55 23.22 -41.90 11.11 24.03
08:09:55 22.34 -35.94 -19.86 24.07
08:09:55 21.55 -36.53 -20.34 24.05
08:09:55 21.70 -3.16 -43.91 24.07
08:09:56 18.98 -8.02 -42.89 23.94
08:09:56 19.63 -6.07 -44.78 24.03
08:09:56 15.88 0.09 -45.80 24.00
08:09:57 15.87 2.43 -45.91 24.09
08:09:57 13.95 45.35 -12.08 23.98
08:09:57 17.11 44.33 13.01 24.05
08:09:57 14.15 34.87 25.77 23.83
08:09:58 15.65 -1.03 46.11 24.16
08:09:58 16.48 -2.55 45.15 24.00
08:09:58 16.37 -36.86 31.41 24.09
08:09:58 17.44 -43.31 -8.21 24.05
08:09:59 18.40 -43.35 -7.45 23.94
08:09:59 18.55 -35.97 -28.78 24.07
08:09:59 16.62 -21.07 -40.46 24.31
08:10:00 17.07 -18.49 -38.80 24.07
08:10:00 18.53 -18.49 -39.07 23.98
08:10:00 16.39 -3.65 -45.88 24.05
08:10:00 14.40 5.76 -46.82 23.96
08:10:01 13.91 5.42 -46.03 24.00
08:10:01 15.35 6.33 -45.83 24.03
08:10:01 17.57 11.07 -44.02 24.12
08:10:01 16.85 25.58 -30.37 23.74
08:10:02 16.32 41.52 -20.62 24.05
08:10:02 16.59 34.12 24.75 24.07
08:10:02 17.32 31.15 34.86 24.03
08:10:03 16.07 -12.97 44.62 23.94
08:10:03 16.99 -24.89 25.47 24.07
08:10:03 17.09 -39.89 25.91 23.98
08:10:03 18.79 -34.76 -21.16 23.96
08:10:04 19.84 -32.61 -30.74 24.00
08:10:04 17.99 -1.66 -45.48 24.00
08:10:04 16.81 5.52 -45.29 23.96
08:10:04 18.24 8.77 -44.95 24.14
08:10:05 17.56 12.18 -44.33 24.05
08:10:05 18.35 14.00 -43.40 24.03
08:10:05 18.91 26.82 -27.12 24.00
08:10:05 19.65 36.79 -26.83 23.96
08:10:06 20.93 42.20 4.38 23.74
08:10:06 21.40 41.33 6.46 24.05
08:10:06 20.47 20.08 34.33 23.92
08:10:07 20.91 18.10 40.05 24.09
08:10:07 21.56 -10.61 43.43 24.00
08:10:07 22.47 -20.15 23.40 23.98
08:10:07 21.86 -40.76 17.21 24.05
08:10:08 21.86 -36.42 -19.58 24.09
08:10:08 22.51 -34.14 -21.74 24.03
08:10:08 23.37 -13.10 -41.67 23.98
08:10:08 22.82 18.38 -40.83 24.07
08:10:09 23.01 15.30 -41.72 23.98
08:10:09 22.36 15.12 -41.19 24.03
08:10:09 24.39 18.49 -36.76 24.03
08:10:10 29.18 22.04 -33.13 24.16
08:10:10 31.92 21.30 -31.08 24.07
08:10:10 32.54 34.89 -4.34 23.94
08:10:10 33.25 34.55 6.16 23.85
08:10:11 32.81 11.40 34.62 24.14
08:10:11 32.11 -1.29 32.66 23.81
08:10:11 32.30 -24.38 29.14 23.83
08:10:11 31.39 -35.22 -2.84 23.98
08:10:12 32.43 -34.08 -10.83 24.12
08:10:12 33.92 -17.77 -26.45 23.96
08:10:12 34.74 -11.40 -32.90 24.05
08:10:13 34.95 5.31 -33.17 24.00
08:10:13 34.00 21.39 -29.82 24.03
08:10:13 33.55 19.58 -31.27 24.09
08:10:13 33.87 17.01 -29.62 24.12
08:10:14 35.81 16.05 -29.33 23.81
08:10:14 36.76 16.90 -27.59 23.89
08:10:14 37.55 16.47 -25.28 24.03
08:10:14 39.06 28.70 -6.42 23.83
08:10:15 38.92 28.15 8.96 23.94
08:10:15 37.89 23.19 18.41 24.05
08:10:15 37.73 5.94 30.48 24.00
08:10:15 37.43 4.60 29.27 24.05
08:10:16 38.71 -13.72 27.04 24.03
08:10:16 39.93 -16.99 20.02 24.09
08:10:16 40.27 -26.60 8.44 24.07
08:10:17 40.94 -25.67 -11.82 24.05
08:10:17 41.24 -20.63 -12.83 24.07
08:10:17 41.89 -5.45 -24.03 24.07
08:10:17 41.90 -6.71 -23.98 24.14
08:10:18 40.24 19.24 -21.34 24.03
08:10:18 40.58 17.87 -22.30 24.03
08:10:18 40.77 14.79 -23.18 24.12
08:10:18 41.28 12.31 -23.58 24.12
08:10:19 43.53 8.07 -19.82 23.98
08:10:19 43.68 9.10 -18.59 24.07
08:10:19 44.15 19.67 -7.58 23.96
08:10:20 43.65 19.79 -6.81 24.09
08:10:20 44.16 16.69 9.70 24.07
08:10:20 43.61 12.50 19.37 24.00
08:10:20 44.34 1.12 19.13 23.92
08:10:21 45.15 -16.30 14.57 23.85
08:10:21 45.41 -16.00 4.57 24.14
08:10:21 45.04 -17.99 -6.33 24.00
08:10:21 44.88 -3.47 -16.73 23.98
08:10:22 45.53 -2.18 -17.83 24.00
08:10:22 44.48 9.21 -17.58 24.09
08:10:22 46.74 1.62 -12.39 23.76
08:10:23 47.97 2.93 -7.09 24.14
08:10:23 48.24 2.81 -1.20 23.85
08:10:23 48.38 5.44 -0.81 24.07
08:10:23 48.54 -0.19 3.03 23.96
08:10:24 48.73 0.22 0.71 24.07
08:10:24 49.08 1.34 -3.18 23.87
08:10:24 48.40 2.63 -0.68 23.98
08:10:24 48.55 2.10 0.62 24.16
08:10:25 48.40 3.93 -1.76 24.03
08:10:25 48.69 2.79 2.64 23.83
08:10:25 48.68 4.66 2.55 23.89
08:10:26 48.06 4.65 -0.51 23.94
08:10:26 48.20 0.69 4.28 24.00
08:10:26 48.02 1.70 6.02 23.83
08:10:26 48.69 -2.55 6.73 23.89
08:10:27 48.44 -6.03 1.01 23.83
08:10:27 48.35 -9.40 -3.70 23.72
08:10:27 48.00 -1.92 -6.86 24.12
08:10:27 47.85 -3.33 -6.79 23.83
08:10:28 48.18 -4.75 -6.47 23.94
08:10:28 48.01 -6.74 -3.82 23.89
08:10:28 46.94 -12.06 -6.63 23.83
08:10:29 46.30 -8.01 -9.88 24.00
08:10:29 46.90 -0.83 -9.97 23.92
08:10:29 47.20 3.89 -10.96 24.03
08:10:29 46.87 6.92 -12.38 23.92
08:10:30 46.62 12.79 -7.53 23.98
08:10:30 46.19 14.22 2.13 24.07
08:10:30 46.36 15.04 1.06 24.00
08:10:30 46.65 11.17 7.12 23.92
08:10:31 46.63 4.65 13.32 23.96
08:10:31 46.31 4.15 14.11 23.98
08:10:31 47.41 -7.94 8.78 23.94
08:10:31 46.81 -10.94 6.37 23.81
08:10:32 47.85 -9.00 -2.18 24.03
08:10:32 48.02 -8.46 -3.74 23.67
08:10:32 47.25 -11.32 -5.90 23.74
08:10:33 46.02 -15.52 -9.27 23.96
08:10:33 42.21 -19.82 -13.64 23.85
08:10:33 41.41 -22.23 -11.99 24.07
08:10:33 39.78 -23.87 -10.10 23.87
08:10:34 41.87 -21.86 -9.96 24.07
08:10:34 42.36 -21.01 -11.54 23.98
08:10:34 41.91 -19.25 -15.71 23.94
08:10:34 41.90 -13.79 -19.29 23.98
08:10:35 42.83 -5.28 -21.24 24.12
08:10:35 42.35 -4.76 -22.28 23.83
08:10:35 42.63 3.40 -23.43 23.87
08:10:36 42.66 17.42 -19.48 23.92
08:10:36 41.96 23.32 -1.84 23.78
08:10:36 41.62 25.31 -0.91 23.87
08:10:36 41.07 24.03 6.57 23.87
08:10:37 41.35 7.65 23.46 23.76
08:10:37 40.85 8.55 24.19 23.96
08:10:37 41.28 -8.01 24.70 24.00
08:10:37 42.66 -19.19 6.54 23.83
08:10:38 42.05 -23.87 6.51 23.83
08:10:38 43.11 -22.12 -4.59 23.92
08:10:38 43.00 -19.92 -11.60 23.87
08:10:39 42.69 -16.64 -15.07 23.96
08:10:39 41.60 -20.31 -16.43 23.85
08:10:39 35.69 -23.94 -21.57 24.05
08:10:39 33.44 -27.28 -19.86 24.00
08:10:40 33.45 -25.11 -22.78 23.89
08:10:40 33.70 0.18 -33.43 23.69
08:10:40 36.38 3.88 -29.54 23.81
08:10:40 35.24 24.50 -26.40 23.98
08:10:41 33.32 35.27 -2.58 23.94
08:10:41 31.49 31.62 22.68 24.03
08:10:41 31.83 26.86 24.44 24.03
08:10:42 32.86 5.20 33.89 24.00
08:10:42 33.54 -18.02 29.85 24.05
08:10:42 35.74 -19.32 20.43 23.83
08:10:42 37.20 -30.95 12.00 23.92
08:10:43 36.61 -24.84 -15.66 23.78
08:10:43 35.53 -26.86 -19.13 23.92
08:10:43 34.55 -24.95 -19.73 24.03
08:10:43 34.23 -25.56 -19.95 23.72
08:10:44 32.64 -27.68 -21.11 23.81
08:10:44 30.73 -26.54 -25.24 23.85
08:10:44 29.13 -23.74 -28.17 23.94
08:10:44 28.80 -22.47 -28.74 23.87
08:10:45 28.21 -17.20 -37.94 23.98
08:10:45 26.71 13.09 -38.32 23.98
08:10:45 26.41 35.98 -23.78 23.96
08:10:46 25.93 39.71 7.01 23.87
08:10:46 26.24 39.00 8.83 23.92
08:10:46 26.79 24.63 29.45 23.94
08:10:46 27.23 -8.16 40.20 23.94
08:10:47 28.19 -12.93 28.38 23.83
08:10:47 28.51 -31.99 25.69 23.94
08:10:47 29.00 -38.26 -4.21 23.94
08:10:48 29.16 -30.33 -27.35 23.89
08:10:48 29.28 -25.25 -26.06 23.81
08:10:48 29.77 -24.73 -27.11 23.94
08:10:48 28.64 -25.51 -27.06 23.92
08:10:49 25.78 -25.59 -31.64 23.83
08:10:49 21.58 -23.47 -32.98 23.96
08:10:49 22.07 -22.47 -34.56 23.98
08:10:49 22.55 -18.78 -36.79 24.03
08:10:50 22.74 9.27 -42.97 23.87
08:10:50 22.70 11.99 -41.05 23.76
08:10:50 22.65 31.60 -33.27 23.85
08:10:50 21.57 42.01 -11.74 23.85
08:10:51 22.10 41.24 1.34 23.96
08:10:51 21.46 34.54 21.62 23.96
08:10:51 21.96 6.35 40.84 23.94
08:10:52 22.97 1.08 40.06 23.92
08:10:52 22.33 -21.00 38.54 23.85
08:10:52 23.75 -42.80 7.05 23.72
08:10:52 24.66 -41.50 -4.53 23.89
08:10:53 25.27 -28.60 -27.14 24.03
08:10:53 26.77 -22.58 -36.14 24.05
08:10:53 25.56 -3.47 -41.12 24.05
08:10:53 25.21 0.91 -41.32 23.96
08:10:54 24.26 -1.54 -42.22 23.87
08:10:54 20.72 -0.97 -43.75 23.87
08:10:54 21.64 4.11 -42.46 23.74
08:10:55 23.87 6.71 -41.58 24.09
08:10:55 23.01 38.20 -24.11 23.89
08:10:55 22.48 38.66 -3.66 23.85
08:10:55 23.01 40.98 6.97 23.96
08:10:56 23.08 25.34 28.17 24.03
08:10:56 22.51 19.94 40.46 23.83
08:10:56 22.26 10.14 39.90 23.92
08:10:56 23.75 -19.07 40.48 23.96
08:10:57 24.27 -26.80 25.23 23.87
08:10:57 25.13 -33.66 25.03 23.74
08:10:57 28.06 -37.29 -8.34 23.78
08:10:58 29.38 -31.22 -31.92 24.05
08:10:58 29.46 -14.49 -36.03 24.05
08:10:58 28.76 16.55 -35.94 23.89
08:10:58 31.06 21.39 -26.21 24.14
08:10:59 29.42 28.37 -28.32 23.89
08:10:59 31.51 26.38 -26.20 23.94
08:10:59 33.45 26.02 -25.43 23.78
08:10:59 33.72 28.50 -21.71 23.85
08:11:00 35.03 26.66 -22.66 23.89
08:11:00 36.31 24.31 -19.24 23.92
08:11:00 35.40 32.05 2.67 23.89
08:11:00 35.12 19.38 23.74 23.94
08:11:01 33.60 19.53 30.91 23.78
08:11:01 32.88 -1.00 36.22 23.67
08:11:01 32.83 -14.94 34.06 23.83
08:11:02 32.50 -22.41 23.67 23.72
08:11:02 34.33 -27.02 21.82 23.89
08:11:02 35.09 -32.75 14.15 23.69
08:11:02 35.71 -32.08 -0.47 24.03
08:11:03 35.47 -25.84 -14.06 23.74
08:11:03 36.16 -19.19 -23.08 23.89
08:11:03 36.51 -12.60 -30.81 23.89
08:11:03 36.76 -2.29 -31.04 23.87
08:11:04 36.72 3.64 -31.06 23.78
08:11:04 35.57 22.41 -25.28 23.76
08:11:04 35.73 21.42 -23.96 23.92
08:11:05 37.31 22.55 -21.72 23.78
08:11:05 38.13 21.79 -22.20 23.94
08:11:05 38.19 19.67 -26.97 23.76
08:11:05 38.16 18.37 -22.56 23.87
08:11:06 38.79 27.64 -10.46 23.87
08:11:06 40.27 24.25 5.29 23.92
08:11:06 40.96 22.83 19.17 23.76
08:11:06 40.33 17.29 20.97 24.00
08:11:07 39.07 4.55 26.70 23.94
08:11:07 39.31 -9.44 28.88 23.81
08:11:07 39.26 -17.57 22.61 23.76
08:11:08 39.49 -19.86 18.11 23.92
08:11:08 40.05 -24.64 13.47 23.85
08:11:08 40.16 -27.61 3.37 23.67
08:11:08 40.42 -22.77 -10.42 23.81
08:11:09 42.27 -17.94 -20.64 23.78
08:11:09 42.36 -4.25 -23.07 23.74
08:11:09 41.89 14.24 -21.37 23.76
08:11:09 42.55 12.02 -20.76 23.89
08:11:10 43.38 10.02 -21.45 23.72
08:11:10 43.54 7.44 -19.79 23.89
08:11:10 44.21 3.21 -19.34 23.74
08:11:11 45.16 2.16 -17.00 23.89
08:11:11 46.11 4.27 -15.57 23.85
08:11:11 46.70 7.06 -11.87 23.87
08:11:11 46.29 14.37 -8.12 23.78
08:11:12 44.72 18.81 0.90 23.83
08:11:12 45.27 11.89 15.55 24.05
08:11:12 45.29 7.45 17.03 23.74
08:11:12 45.03 -3.05 18.04 23.76
08:11:13 45.22 -7.09 17.72 23.76
08:11:13 45.00 -15.77 13.26 23.96
08:11:13 45.38 -16.44 7.41 23.87
08:11:14 44.62 -19.59 4.75 23.83
08:11:14 45.52 -16.89 -6.65 23.76
08:11:14 45.71 -17.08 -9.20 23.78
08:11:14 45.53 -12.30 -11.47 23.94
08:11:15 45.61 6.01 -16.16 23.94
08:11:15 46.26 5.69 -15.90 23.85
08:11:15 46.08 5.74 -13.60 24.05
08:11:15 46.53 7.20 -11.62 23.94
08:11:16 47.12 8.50 -6.06 24.14
08:11:16 48.21 4.91 0.75 24.00
08:11:16 48.32 5.49 5.07 23.92
08:11:17 47.94 6.30 11.18 23.92
08:11:17 45.14 8.65 14.68 23.85
08:11:17 44.64 2.27 21.12 23.89
08:11:17 43.48 -10.94 16.89 23.78
08:11:18 44.58 -17.87 7.99 23.87
08:11:18 45.95 -17.32 -0.74 23.83
08:11:18 45.68 -12.38 -9.67 23.83
08:11:18 45.84 -4.32 -15.42 23.83
08:11:19 45.62 5.05 -15.61 23.76
08:11:19 44.41 11.97 -13.10 23.89
08:11:19 45.09 16.46 -2.32 23.87
08:11:19 45.36 16.03 3.58 23.94
08:11:20 45.10 13.60 15.73 23.94
08:11:20 43.64 6.02 21.21 23.87
08:11:20 42.88 -3.25 22.68 23.83
08:11:21 41.64 -11.85 23.35 23.89
08:11:21 41.95 -19.82 13.48 23.87
08:11:21 42.12 -24.17 -0.39 23.74
08:11:21 41.90 -17.36 -16.31 23.83
08:11:22 42.80 1.17 -22.31 23.98
08:11:22 44.63 8.52 -16.27 24.00
08:11:22 46.37 8.32 -12.18 23.87
08:11:22 46.41 13.04 -2.94 23.83
08:11:23 46.29 16.16 7.41 23.74
08:11:23 45.62 4.26 18.46 23.74
08:11:23 45.44 -10.99 14.32 23.78
08:11:24 44.26 -23.18 -5.32 23.89
08:11:24 42.41 -14.64 -21.05 23.89
08:11:24 43.29 2.16 -23.64 23.78
08:11:24 42.41 19.27 -12.15 23.89
08:11:25 42.54 22.62 6.37 23.76
08:11:25 42.46 16.91 18.66 23.92
08:11:25 43.71 -1.88 20.05 24.03
08:11:25 44.29 -12.66 16.96 23.85
08:11:26 44.60 -18.26 6.22 24.00
08:11:26 45.02 -16.50 -4.87 23.94
08:11:26 46.13 -11.59 -6.64 24.07
08:11:27 47.55 -3.22 -9.10 23.81
08:11:27 47.73 8.01 -2.20 23.98
08:11:27 46.66 13.00 4.74 23.89
08:11:27 44.41 12.43 20.90 23.94
08:11:28 38.40 -1.39 33.89 23.76
08:11:28 35.45 -21.28 18.98 23.98
08:11:28 38.61 -29.05 -2.43 23.87
08:11:28 39.04 -24.20 -16.22 24.05
08:11:29 35.73 -13.75 -32.80 24.00
08:11:29 34.04 14.30 -28.47 23.87
08:11:29 34.84 30.71 -5.45 23.76
08:11:30 33.51 33.14 13.13 23.89
08:11:30 34.24 19.82 31.14 24.23
08:11:30 34.86 -1.61 32.40 24.07
08:11:30 36.69 -20.39 23.28 24.16
08:11:31 40.77 -24.76 5.79 24.12
08:11:31 42.37 -20.96 -12.57 24.12
08:11:31 44.37 -1.16 -16.07 24.14
08:11:31 46.73 14.30 -3.26 24.12
08:11:32 46.94 8.28 12.37 24.00
08:11:32 44.29 7.64 19.85 24.18
08:11:32 43.55 -3.77 20.39 24.09
08:11:32 46.29 -10.60 9.17 24.14
08:11:33 48.87 -3.57 5.24 24.12
08:11:33 47.84 -2.89 10.84 24.00
08:11:33 46.58 -8.23 11.87 24.18
08:11:34 46.58 -15.48 -0.07 24.09
08:11:34 45.66 -17.66 -3.54 24.09
08:11:34 45.95 -16.50 -1.55 24.05
08:11:34 46.22 -15.83 4.04 24.00
08:11:35 46.62 -12.37 -6.61 24.20
08:11:35 47.71 -7.42 -5.83 24.07
08:11:35 48.01 -7.69 -3.52 24.18
08:11:35 48.38 -4.23 6.04 23.98
08:11:36 46.15 21.42 1.53 24.00
08:11:36 23.84 41.57 -29.65 24.20
08:11:36 8.68 30.99 -41.55 24.20
08:11:37 2.29 34.98 -35.79 24.05
08:11:37 -5.03 37.37 -32.51 24.25
08:11:37 -8.30 39.77 -30.03 24.34
08:11:37 -10.41 44.40 -15.13 24.12
08:11:38 -8.98 35.40 27.75 24.07
08:11:38 -5.67 21.08 46.81 23.96
08:11:38 -3.63 6.91 45.92 24.03
08:11:38 -2.04 -26.45 38.51 24.05
08:11:39 -1.10 -48.88 7.06 23.83
08:11:39 -1.20 -40.69 -21.72 23.96
08:11:39 -3.18 3.00 -48.57 23.89
08:11:40 -2.57 9.27 -49.38 23.92
08:11:40 -1.89 3.62 -48.87 23.89
08:11:40 -0.92 4.10 -49.15 23.87
08:11:40 -1.43 21.91 -42.82 24.00
08:11:41 -3.02 29.12 -33.16 23.78
08:11:41 -3.10 45.03 -19.58 23.76
08:11:41 -2.77 46.70 11.81 23.89
08:11:41 -3.21 26.76 38.33 23.94
08:11:42 -2.72 -12.91 49.40 23.89
08:11:42 -4.44 -42.95 31.12 23.81
08:11:42 -5.48 -47.81 -8.81 23.94
08:11:43 -5.51 -28.95 -35.54 23.87
08:11:43 -7.84 -1.21 -48.07 23.92
08:11:43 -7.62 28.49 -42.56 23.87
08:11:43 -10.50 43.82 -22.78 23.72
08:11:44 -10.51 45.53 11.17 23.87
08:11:44 -15.18 22.58 42.74 23.89
08:11:44 -16.52 -13.95 40.11 23.94
08:11:44 -19.58 -35.82 20.95 23.89
08:11:45 -18.57 -45.32 -10.08 23.83
08:11:45 -18.74 -35.01 -34.11 23.83
08:11:45 -18.32 -10.03 -44.75 24.00
08:11:45 -23.03 24.41 -33.01 23.85
08:11:46 -24.35 40.58 -7.91 23.89
08:11:46 -27.47 35.85 17.15 23.78
08:11:46 -29.60 16.20 34.21 23.74
08:11:47 -28.94 -11.99 36.55 23.98
08:11:47 -29.16 -37.78 10.64 23.85
08:11:47 -30.23 -36.65 -13.71 23.74
08:11:47 -31.31 -16.69 -33.82 23.78
08:11:48 -36.39 10.27 -28.90 23.89
08:11:48 -37.51 29.05 -9.81 23.96
08:11:48 -37.00 31.90 19.73 23.92
08:11:48 -35.37 10.98 33.23 23.74
08:11:49 -36.08 -14.84 24.98 23.78
08:11:49 -33.36 -34.03 7.69 23.87
08:11:49 -31.13 -37.10 -20.84 23.78
08:11:50 -31.57 -19.95 -37.50 23.78
08:11:50 -29.41 11.79 -32.62 23.89
08:11:50 -27.65 33.32 -12.40 23.74
08:11:50 -28.76 40.72 13.36 23.87
08:11:51 -26.78 28.80 34.62 23.78
08:11:51 -27.93 1.30 39.25 23.81
08:11:51 -26.82 -34.47 16.35 23.89
08:11:51 -27.62 -41.56 -12.48 23.81
08:11:52 -28.35 -19.69 -36.78 23.87
08:11:52 -28.00 5.75 -40.53 23.89
08:11:52 -28.14 30.91 -27.89 23.87
08:11:53 -26.59 41.72 4.85 24.00
08:11:53 -22.40 18.21 40.45 23.92
08:11:53 -19.57 -18.02 40.84 23.83
08:11:53 -19.60 -39.01 25.71 23.76
08:11:54 -17.02 -45.47 -3.70 23.78
08:11:54 -14.41 -28.61 -34.70 23.83
08:11:54 -13.54 2.36 -46.91 23.85
08:11:54 -13.99 27.22 -34.51 23.74
08:11:55 -16.36 41.57 -0.10 23.78
08:11:55 -8.75 41.23 33.10 23.89
08:11:55 -9.19 15.19 46.61 23.78
08:11:55 -4.01 -19.70 37.70 23.74
08:11:56 -1.33 -44.71 11.47 23.96
08:11:56 0.29 -48.13 -19.60 23.76
08:11:56 1.69 -32.10 -42.62 23.58
08:11:57 2.53 -7.57 -46.85 23.72
08:11:57 -2.12 25.38 -40.16 23.92
08:11:57 0.24 46.36 -15.07 23.96
08:11:57 1.89 43.80 16.51 23.94
08:11:58 1.48 24.30 40.20 23.85
08:11:58 3.18 1.65 47.38 24.00
08:11:58 2.40 -17.74 41.64 23.87
08:11:58 -4.27 -39.22 28.13 23.98
08:11:59 -3.35 -48.65 5.79 23.85
08:11:59 6.03 -47.91 -11.73 23.87
08:11:59 -0.32 -30.81 -36.52 23.89
08:12:00 5.83 -15.98 -47.76 23.83
08:12:00 1.84 1.41 -48.80 23.78
08:12:00 -2.23 6.45 -49.25 23.81
08:12:00 1.94 10.46 -48.71 23.78
08:12:01 2.86 16.03 -47.96 23.76
08:12:01 -0.04 15.58 -47.91 23.94
08:12:01 -1.18 16.69 -48.21 23.87
08:12:01 -2.88 46.46 6.96 23.72
08:12:02 -5.27 44.71 21.39 23.81
08:12:02 -3.99 16.87 43.15 23.78
08:12:02 -3.69 -26.45 42.11 23.76
08:12:03 -4.72 -36.77 5.50 23.85
08:12:03 0.55 -45.68 -15.11 23.83
08:12:03 2.88 -11.65 -46.40 23.87
08:12:03 1.90 -10.37 -46.97 23.76
08:12:04 2.54 -9.61 -46.75 23.81
08:12:04 -0.22 -7.09 -46.84 23.81
08:12:04 -8.31 -5.46 -47.10 23.69
08:12:04 -12.22 -1.22 -47.26 23.85
08:12:05 -12.07 1.31 -47.89 23.63
08:12:05 -7.53 -0.10 -48.38 23.76
08:12:05 -6.09 2.87 -48.79 23.92
08:12:06 -7.18 41.34 -30.37 23.94
08:12:06 -6.62 44.74 10.91 23.81
08:12:06 -5.88 41.18 20.28 23.63
08:12:06 -6.69 3.73 47.63 23.69
08:12:07 -6.81 -35.91 37.98 23.83
08:12:07 -6.01 -39.49 7.18 23.78
08:12:07 -3.06 -48.19 -7.54 23.78
08:12:07 -3.10 -14.49 -44.94 23.74
08:12:08 -3.47 -3.11 -48.02 23.87
08:12:08 -5.63 5.64 -48.16 23.72
08:12:08 -4.01 5.98 -48.96 23.69
08:12:09 -1.95 11.39 -48.21 23.65
08:12:09 -5.03 12.00 -47.44 23.76
08:12:09 -7.88 47.19 -11.70 23.65
08:12:09 -9.33 46.08 22.90 23.56
08:12:10 -9.34 27.96 36.80 23.72
08:12:10 -9.17 -26.68 41.15 23.81
08:12:10 -8.94 -43.78 -4.36 23.78
08:12:10 -6.77 -47.02 -8.84 23.81
08:12:11 -6.67 -10.85 -45.58 23.67
08:12:11 -6.67 -7.47 -47.79 23.76
08:12:11 -6.47 10.65 -48.38 23.52
08:12:11 -6.79 10.98 -48.65 23.65
08:12:12 -6.63 10.97 -48.40 23.78
08:12:12 -7.26 8.96 -48.81 23.81
08:12:12 -7.91 8.16 -48.25 23.78
08:12:13 -9.57 13.43 -47.21 23.76
08:12:13 -13.13 13.27 -46.65 23.74
08:12:13 -13.44 17.84 -34.07 23.83
08:12:13 -15.77 45.15 3.30 23.87
08:12:14 -17.68 34.01 42.22 23.78
08:12:14 -16.06 5.63 45.07 23.96
08:12:14 -16.27 -38.36 31.53 23.76
08:12:14 -15.82 -39.01 1.62 23.69
08:12:15 -13.01 -40.97 -20.57 23.85
08:12:15 -12.86 -2.63 -46.93 23.83
08:12:15 -13.85 0.79 -46.57 23.65
08:12:16 -14.24 11.44 -47.33 23.81
08:12:16 -13.73 7.55 -47.66 23.83
08:12:16 -13.55 5.06 -47.80 23.78
08:12:16 -12.57 4.44 -48.04 23.74
08:12:17 -15.33 3.90 -46.19 23.65
08:12:17 -17.45 4.79 -44.94 24.03
08:12:17 -19.46 43.53 -15.26 23.85
08:12:17 -22.47 33.03 20.05 23.78
08:12:18 -22.44 21.55 42.34 23.76
08:12:18 -21.23 -12.89 41.38 24.14
08:12:18 -20.41 -44.47 12.41 23.98
08:12:19 -20.09 -36.76 -26.33 23.74
08:12:19 -19.55 -30.86 -36.08 23.81
08:12:19 -20.01 1.72 -45.54 23.85
08:12:19 -20.58 14.03 -45.08 23.76
08:12:20 -20.73 11.38 -45.21 23.81
08:12:20 -19.11 11.38 -45.49 23.76
08:12:20 -17.66 12.78 -45.57 23.89
08:12:20 -23.00 8.76 -42.26 23.76
08:12:21 -26.86 7.09 -42.65 23.74
08:12:21 -23.70 13.16 -39.39 23.67
08:12:21 -27.46 29.76 -30.15 23.81
08:12:22 -29.37 39.79 -7.06 23.65
08:12:22 -28.98 22.98 32.61 23.69
08:12:22 -29.60 10.24 38.33 23.83
08:12:22 -27.80 -15.31 37.47 23.76
08:12:23 -27.09 -40.53 15.87 23.74
08:12:23 -26.58 -38.29 -22.62 23.81
08:12:23 -25.25 -30.06 -32.23 23.67
08:12:23 -26.44 -12.11 -38.94 23.69
08:12:24 -25.91 6.84 -40.60 23.74
08:12:24 -28.18 8.44 -41.17 23.78
08:12:24 -27.03 6.76 -42.12 23.72
08:12:25 -27.33 4.74 -42.28 23.76
08:12:25 -26.22 6.76 -42.39 23.76
08:12:25 -28.30 0.73 -39.78 23.52
08:12:25 -29.31 18.14 -31.63 23.78
08:12:26 -30.38 31.17 -12.79 23.63
08:12:26 -27.98 40.56 -0.20 23.85
08:12:26 -28.93 35.99 17.67 23.72
08:12:26 -28.61 8.23 37.91 23.76
08:12:27 -28.88 -22.99 38.35 23.58
08:12:27 -27.12 -34.71 14.83 23.65
08:12:27 -26.27 -40.78 -2.55 23.45
08:12:27 -26.98 -41.11 -12.25 23.85
08:12:28 -27.29 -38.10 -16.48 23.81
08:12:28 -27.23 -21.70 -33.88 23.78
08:12:28 -25.99 -4.70 -40.83 23.83
08:12:29 -27.75 -7.85 -39.90 23.74
08:12:29 -26.76 -10.94 -40.79 23.81
08:12:29 -23.86 -6.83 -42.29 23.89
08:12:29 -25.25 2.84 -38.63 23.83
08:12:30 -28.80 19.52 -34.52 23.78
08:12:30 -34.04 32.33 -20.49 23.74
08:12:30 -35.44 34.50 -9.83 23.83
08:12:30 -35.62 34.59 8.59 23.89
08:12:31 -31.67 17.83 29.81 23.76
08:12:31 -31.76 -1.97 36.11 23.78
08:12:31 -30.58 -23.84 29.96 23.61
08:12:32 -29.63 -38.15 8.62 23.76
08:12:32 -30.59 -34.08 -12.03 23.69
08:12:32 -29.96 -33.69 -27.15 23.74
08:12:32 -31.14 -21.32 -31.56 23.74
08:12:33 -26.39 -21.68 -37.98 23.78
08:12:33 -23.07 -2.22 -44.30 23.81
08:12:33 -22.15 21.38 -38.51 23.83
08:12:33 -23.57 38.18 -20.35 23.67
08:12:34 -22.27 42.92 8.59 23.58
08:12:34 -23.37 20.32 38.82 23.58
08:12:34 -20.49 -6.30 43.88 23.61
08:12:35 -19.12 -24.19 32.43 23.74
08:12:35 -19.00 -43.25 -0.71 23.81
08:12:35 -19.14 -42.67 -20.18 23.85
08:12:35 -17.18 -28.37 -32.90 23.56
08:12:36 -17.48 -23.59 -38.23 23.76
08:12:36 -14.08 -21.81 -40.14 23.72
08:12:36 -8.97 19.18 -46.97 23.69
08:12:36 -7.12 39.05 -17.98 23.65
08:12:37 -8.25 43.43 29.41 23.85
08:12:37 -7.88 12.98 46.95 23.72
08:12:37 -6.49 -26.23 30.87 23.76
08:12:37 -3.09 -47.87 -4.48 23.69
08:12:38 -1.08 -42.19 -33.17 23.63
08:12:38 -1.15 -18.67 -42.46 23.58
08:12:38 0.48 -19.42 -43.46 23.76
08:12:39 1.92 -15.13 -45.21 23.78
08:12:39 2.20 -6.30 -47.42 23.76
08:12:39 2.39 28.38 -41.62 23.85
08:12:39 -1.09 46.18 5.93 23.76
08:12:40 -0.97 42.28 29.65 23.52
08:12:40 1.36 8.71 46.81 23.69
08:12:40 2.38 -33.33 38.03 23.54
08:12:40 0.38 -47.64 3.66 23.74
08:12:41 3.21 -45.79 -23.32 23.54
08:12:41 6.90 -38.05 -26.02 23.63
08:12:41 6.48 -26.43 -41.14 23.72
08:12:42 7.25 -17.61 -43.10 23.67
08:12:42 7.09 -19.70 -41.72 23.74
08:12:42 9.82 -13.35 -44.34 23.78
08:12:42 6.11 -14.08 -45.04 23.67
08:12:43 5.59 -3.77 -48.59 23.83
08:12:43 1.82 33.41 -35.71 23.72
08:12:43 -4.04 46.83 9.26 23.69
08:12:43 -2.75 32.44 36.78 23.74
08:12:44 0.35 -2.45 41.97 23.61
08:12:44 0.52 -46.95 5.68 23.65
08:12:44 2.62 -37.14 -34.97 23.76
08:12:45 1.25 -8.29 -48.08 23.78
08:12:45 -2.96 -6.55 -47.87 23.78
08:12:45 -2.98 -2.77 -48.81 23.74
08:12:45 -2.50 -3.60 -47.75 23.61
08:12:46 -4.45 -2.34 -47.80 23.72
08:12:46 -11.74 1.14 -47.63 23.76
08:12:46 -20.75 12.38 -43.21 23.78
08:12:46 -20.88 23.68 -37.86 23.72
08:12:47 -23.30 39.88 -16.59 23.63
08:12:47 -23.96 42.85 0.16 23.67
08:12:47 -22.52 36.31 23.48 23.58
08:12:48 -25.29 21.89 35.44 23.65
08:12:48 -25.11 9.40 42.42 23.69
08:12:48 -22.39 -8.54 41.96 23.85
08:12:48 -21.26 -25.48 37.11 23.67
08:12:49 -18.16 -37.93 25.90 23.81
08:12:49 -17.98 -44.78 11.89 23.63
08:12:49 -17.43 -45.29 -10.86 23.72
08:12:49 -18.47 -36.76 -26.61 23.54
08:12:50 -19.75 -15.68 -43.70 23.72
08:12:50 -15.08 11.13 -43.98 23.81
08:12:50 -21.27 16.91 -43.17 23.78
08:12:51 -20.49 19.02 -41.74 23.76
08:12:51 -23.93 21.55 -38.50 23.78
08:12:51 -23.06 28.78 -33.22 23.61
08:12:51 -28.19 30.95 -22.01 23.72
08:12:52 -28.00 38.38 -13.92 23.65
08:12:52 -30.72 35.61 19.50 23.67
08:12:52 -31.97 30.35 18.73 23.76
08:12:52 -30.99 13.46 29.75 23.61
08:12:53 -36.84 12.04 34.22 23.61
08:12:53 -29.92 -13.77 38.18 23.65
08:12:53 -30.10 -12.42 39.40 23.65
08:12:53 -26.90 -42.17 14.15 23.45
08:12:54 -30.42 -39.54 8.43 23.58
08:12:54 -24.73 -39.73 -12.08 23.52
08:12:54 -24.74 -35.40 -31.47 23.72
08:12:55 -21.61 -4.99 -41.88 23.76
08:12:55 -27.59 -3.50 -42.92 23.72
08:12:55 -22.79 22.23 -40.08 23.76
08:12:55 -23.59 21.63 -40.29 23.83
08:12:56 -23.28 23.33 -40.12 23.69
08:12:56 -24.59 23.25 -38.06 23.72
08:12:56 -26.87 23.68 -37.03 23.74
08:12:57 -28.52 22.38 -32.35 23.69
08:12:57 -33.47 36.94 1.30 23.78
08:12:57 -31.09 27.79 30.10 23.76
08:12:57 -35.24 20.51 29.72 23.50
08:12:58 -32.35 -10.25 36.50 23.54
08:12:58 -30.68 -24.18 23.84 23.72
08:12:58 -31.74 -31.44 22.39 23.54
08:12:58 -28.13 -36.52 -13.48 23.74
08:12:59 -28.08 -7.22 -39.92 23.72
08:12:59 -29.06 -4.52 -40.81 23.63
08:12:59 -29.37 14.59 -39.14 23.76
08:12:59 -31.31 12.52 -38.00 23.78
08:13:00 -34.08 10.82 -34.57 23.87
08:13:00 -36.48 8.18 -34.43 23.54
08:13:00 -35.08 29.86 -10.89 23.63
08:13:01 -36.02 33.10 0.22 23.76
08:13:01 -38.18 24.07 13.71 23.74
08:13:01 -39.09 -9.80 31.17 23.56
08:13:01 -39.45 -20.65 9.42 23.72
08:13:02 -40.81 -28.89 5.47 23.54
08:13:02 -36.54 -22.59 -23.52 23.76
08:13:02 -35.47 0.49 -33.56 23.63
08:13:02 -35.36 9.41 -34.24 23.52
08:13:03 -37.43 5.05 -34.02 23.76
08:13:03 -36.43 0.86 -34.60 23.65
08:13:03 -37.99 27.27 -25.33 23.52
08:13:04 -35.68 31.72 -0.23 23.76
08:13:04 -36.26 33.81 8.63 23.76
08:13:04 -37.63 22.45 25.04 23.76
08:13:04 -36.07 -7.17 34.60 23.81
08:13:05 -34.38 -36.18 13.94 23.87
08:13:05 -32.64 -30.44 -19.60 23.69
08:13:05 -31.30 -15.98 -35.65 23.56
08:13:05 -30.82 -15.21 -35.43 23.63
08:13:06 -28.37 -18.03 -35.58 23.78
08:13:06 -23.83 -20.23 -35.77 23.76
08:13:06 -20.50 -3.13 -41.72 23.72
08:13:06 -23.53 10.81 -39.28 23.65
08:13:07 -24.12 34.94 -27.86 23.72
08:13:07 -24.07 42.15 -4.92 23.56
08:13:07 -24.65 38.13 24.95 23.74
08:13:08 -26.89 33.28 25.46 23.72
08:13:08 -26.54 10.50 39.06 23.61
08:13:08 -24.38 -17.79 36.53 23.81
08:13:08 -24.12 -23.28 30.38 23.74
08:13:09 -24.02 -42.13 16.17 23.45
08:13:09 -20.99 -35.28 -17.70 23.72
08:13:09 -21.15 -31.74 -37.05 23.67
08:13:09 -21.06 -23.86 -35.37 23.78
08:13:10 -21.07 -23.74 -34.61 23.63
08:13:10 -19.42 -26.98 -35.50 23.72
08:13:10 -15.21 -26.97 -36.31 23.76
08:13:11 -18.14 -24.29 -36.66 23.67
08:13:11 -20.55 -18.06 -42.81 23.89
08:13:11 -23.75 21.47 -40.29 23.83
08:13:11 -20.70 43.12 -19.58 23.65
08:13:12 -19.62 42.41 19.33 23.54
08:13:12 -23.72 37.10 30.11 23.61
08:13:12 -23.93 3.80 41.91 23.76
08:13:12 -21.82 -33.29 33.90 23.72
08:13:13 -20.23 -42.12 -8.17 23.58
08:13:13 -19.16 -43.75 -17.06 23.74
08:13:13 -18.98 -12.16 -42.34 23.65
08:13:14 -18.15 -13.68 -43.30 23.89
08:13:14 -13.45 -11.74 -45.48 23.61
08:13:14 -12.19 -4.15 -47.89 23.54
08:13:14 -11.84 38.58 -30.71 23.63
08:13:15 -10.98 44.18 10.21 23.54
08:13:15 -13.48 36.55 40.53 23.65
08:13:15 -15.12 8.84 46.45 23.63
08:13:15 -12.82 -29.73 36.72 23.65
08:13:16 -10.09 -48.53 0.73 23.58
08:13:16 -7.79 -18.53 -41.12 23.65
08:13:16 -8.79 -6.41 -46.80 23.72
08:13:17 -9.67 5.53 -48.37 23.69
08:13:17 -6.62 9.10 -48.57 23.52
08:13:17 -3.95 25.31 -18.14 23.72
08:13:17 -6.42 47.06 4.41 23.65
08:13:18 -7.39 31.41 32.78 23.54
08:13:18 -7.13 -3.44 47.72 23.58
08:13:18 -5.34 -29.06 31.25 23.67
08:13:18 -7.08 -41.92 2.44 23.56
08:13:19 -5.26 -45.90 -16.32 23.61
08:13:19 -3.08 -20.20 -42.88 23.74
08:13:19 -1.61 8.25 -47.81 23.69
08:13:20 -4.20 10.36 -49.16 23.52
08:13:20 -6.16 12.37 -48.47 23.72
08:13:20 -4.51 36.40 -18.39 23.63
08:13:20 -8.60 44.56 -18.74 23.67
08:13:21 -19.78 44.17 1.34 23.45
08:13:21 -11.68 40.70 18.06 23.72
08:13:21 -17.66 38.43 20.78 23.47
08:13:21 -22.83 32.21 24.45 23.83
08:13:22 -25.42 29.32 26.65 23.54
08:13:22 -22.58 18.31 41.73 23.47
08:13:22 -21.33 0.13 43.33 23.58
08:13:22 -20.63 -25.26 38.89 23.63
08:13:23 -21.75 -35.34 27.60 23.63
08:13:23 -21.42 -45.48 0.44 23.54
08:13:23 -26.25 -38.27 -23.14 23.58
08:13:24 -25.79 -14.85 -37.29 23.65
08:13:24 -27.09 11.29 -39.01 23.65
08:13:24 -28.29 18.04 -36.24 23.72
08:13:24 -30.92 29.15 -23.18 23.54
08:13:25 -32.45 37.14 -3.33 23.56
08:13:25 -33.59 34.53 16.25 23.76
08:13:25 -39.36 4.63 32.80 23.81
08:13:25 -35.83 -24.05 21.57 23.65
08:13:26 -30.12 -39.32 -6.68 23.56
08:13:26 -35.85 -32.74 -19.98 23.78
08:13:26 -33.57 -13.92 -35.98 23.67
08:13:27 -32.83 12.66 -30.58 23.69
08:13:27 -37.72 28.31 -20.77 23.87
08:13:27 -33.02 35.95 -11.20 23.74
08:13:27 -32.61 33.14 15.80 23.56
08:13:28 -29.78 29.66 26.68 23.54
08:13:28 -30.51 -14.48 33.36 23.56
08:13:28 -26.55 -38.45 7.83 23.58
08:13:28 -24.94 -39.34 -23.87 23.50
08:13:29 -28.04 -13.31 -39.90 23.47
08:13:29 -27.63 -0.60 -41.52 23.54
08:13:29 -23.86 27.37 -32.89 23.58
08:13:30 -28.38 37.59 -6.97 23.61
08:13:30 -29.27 37.05 1.51 23.76
08:13:30 -34.30 35.70 4.43 23.54
08:13:30 -31.70 16.04 34.75 23.54
08:13:31 -34.12 9.33 38.42 23.65
08:13:31 -30.51 -18.53 36.62 23.67
08:13:31 -23.60 -43.94 8.06 23.58
08:13:31 -27.80 -33.22 -34.36 23.63
08:13:32 -21.59 -13.72 -38.66 23.72
08:13:32 -21.93 17.63 -41.91 23.54
08:13:32 -30.55 31.95 -12.82 23.65
08:13:33 -29.98 35.76 -7.64 23.67
08:13:33 -26.34 32.60 19.86 23.65
08:13:33 -31.32 -0.45 40.38 23.50
08:13:33 -34.04 -11.11 28.37 23.78
08:13:34 -25.67 -37.31 16.73 23.63
08:13:34 -23.85 -37.61 -20.89 23.63
08:13:34 -28.87 -4.87 -43.35 23.61
08:13:34 -31.44 5.73 -36.15 23.54
08:13:35 -25.92 25.50 -36.11 23.58
08:13:35 -27.22 25.30 -34.80 23.67
08:13:35 -30.63 25.27 -33.75 23.63
08:13:35 -33.97 17.01 -33.33 23.78
08:13:36 -31.80 37.65 -4.38 23.67
08:13:36 -35.44 24.05 30.58 23.56
08:13:36 -36.08 15.06 36.38 23.63
08:13:37 -29.57 -10.45 33.67 23.67
08:13:37 -32.37 -35.67 22.85 23.52
08:13:37 -35.01 -36.60 -3.94 23.63
08:13:37 -33.51 -35.07 -10.42 23.58
08:13:38 -28.88 -21.54 -30.29 23.67
08:13:38 -32.36 4.06 -40.41 23.54
08:13:38 -26.79 17.62 -40.84 23.65
08:13:38 -35.28 14.36 -29.87 23.50
08:13:39 -38.32 12.90 -31.56 23.56
08:13:39 -39.09 9.20 -32.40 23.61
08:13:39 -37.20 28.99 -8.53 23.58
08:13:40 -40.16 28.57 -2.34 23.52
08:13:40 -39.73 17.65 28.10 23.54
08:13:40 -40.19 8.57 32.11 23.54
08:13:40 -31.61 -28.36 23.27 23.83
08:13:41 -30.97 -39.68 -2.04 23.67
08:13:41 -35.16 -22.97 -32.21 23.38
08:13:41 -34.56 -10.62 -36.38 23.58
08:13:41 -29.19 21.31 -29.23 23.81
08:13:42 -35.25 36.75 -14.80 23.56
08:13:42 -39.60 29.09 -10.30 23.56
08:13:42 -38.96 30.38 -11.39 23.67
08:13:43 -38.76 31.39 17.47 23.54
08:13:43 -29.86 17.02 26.76 23.72
08:13:43 -40.56 -3.11 28.31 23.63
08:13:43 -43.35 -8.29 19.37 23.65
08:13:44 -38.44 -29.15 10.84 23.72
08:13:44 -36.04 -26.89 -21.53 23.54
08:13:44 -40.56 -10.68 -34.27 23.41
08:13:44 -37.72 -4.76 -30.99 23.58
08:13:45 -35.62 18.47 -31.08 23.61
08:13:45 -38.56 27.67 -16.90 23.47
08:13:45 -39.69 24.47 -14.95 23.63
08:13:46 -37.57 31.82 -5.59 23.74
08:13:46 -39.46 27.56 9.21 23.74
08:13:46 -42.35 20.89 29.25 23.54
08:13:46 -38.17 4.15 26.16 23.54
08:13:47 -36.79 -26.73 22.48 23.74
08:13:47 -38.22 -35.67 -6.77 23.61
08:13:47 -38.46 -30.22 -20.07 23.74
08:13:47 -36.12 -11.29 -25.07 23.63
08:13:48 -41.25 11.85 -28.67 23.69
08:13:48 -45.76 2.43 -23.32 23.85
08:13:48 -45.59 2.33 -24.60 23.52
08:13:49 -45.64 19.98 -14.94 23.56
08:13:49 -45.74 21.91 10.82 23.52
08:13:49 -44.05 21.60 20.79 23.63
08:13:49 -40.36 -2.74 23.69 23.50
08:13:50 -41.83 -22.84 23.37 23.54
08:13:50 -41.74 -29.81 1.94 23.65
08:13:50 -41.17 -28.11 -7.86 23.56
08:13:50 -38.89 -27.36 -10.99 23.54
08:13:51 -39.79 -11.19 -29.91 23.81
08:13:51 -41.92 -9.74 -27.40 23.61
08:13:51 -39.63 -9.13 -30.77 23.63
08:13:51 -38.01 -6.23 -32.97 23.67
08:13:52 -36.57 -1.78 -34.98 23.69
08:13:52 -34.41 -6.19 -37.61 23.67
08:13:52 -32.65 30.04 -28.58 23.54
08:13:53 -34.92 35.81 2.13 23.61
08:13:53 -34.25 32.40 18.66 23.58
08:13:53 -32.45 15.56 28.39 23.69
08:13:53 -32.85 -25.68 32.88 23.63
08:13:54 -33.66 -38.09 7.88 23.56
08:13:54 -33.30 -35.82 -14.49 23.65
08:13:54 -31.46 -28.41 -26.62 23.54
08:13:55 -28.74 -12.43 -35.07 23.58
08:13:55 -34.90 -10.87 -34.32 23.52
08:13:55 -32.14 -8.57 -37.26 23.67
08:13:55 -30.64 21.17 -29.46 23.47
08:13:56 -31.25 29.44 -5.54 23.56
08:13:56 -26.89 39.07 4.72 23.78
08:13:56 -28.30 8.35 38.66 23.65
08:13:56 -31.96 -28.32 25.83 23.67
08:13:57 -32.27 -36.16 -3.73 23.58
08:13:57 -22.56 -33.40 -24.42 23.58
08:13:57 -27.26 -12.30 -38.16 23.50
08:13:57 -33.78 -9.01 -34.16 23.47
08:13:58 -33.75 -9.16 -37.73 23.76
08:13:58 -28.54 -9.52 -40.84 23.43
08:13:58 -23.22 -3.64 -43.98 23.61
08:13:59 -19.48 -3.87 -46.30 23.54
08:13:59 -16.98 35.89 -32.58 23.56
08:13:59 -12.48 42.03 16.47 23.61
08:13:59 -22.01 27.43 43.34 23.43
08:14:00 -15.78 -9.92 44.01 23.63
08:14:00 -15.02 -33.76 33.09 23.69
08:14:00 -17.15 -46.48 -5.44 23.63
08:14:00 -13.59 -24.03 -39.53 23.78
08:14:01 -18.14 -9.63 -46.56 23.58
08:14:01 -13.38 2.34 -46.40 23.65
08:14:01 -16.02 10.46 -46.24 23.61
08:14:02 -13.30 14.52 -46.71 23.58
08:14:02 -10.01 16.71 -37.12 23.56
08:14:02 -7.69 45.40 -13.41 23.54
08:14:02 -5.28 37.56 27.61 23.58
08:14:03 -9.78 13.33 42.86 23.72
08:14:03 -19.61 5.98 44.83 23.54
08:14:03 -9.22 -34.99 35.14 23.67
08:14:03 -11.81 -47.90 -5.93 23.67
08:14:04 -11.37 -35.25 -26.49 23.58
08:14:04 -17.57 2.41 -47.38 23.72
08:14:04 -8.60 26.82 -40.17 23.58
08:14:04 -22.19 25.70 -37.43 23.63
08:14:05 -22.00 26.34 -41.30 23.65
08:14:05 -16.31 23.08 -42.48 23.47
08:14:05 -18.45 25.79 -40.03 23.69
08:14:06 -19.26 25.94 -39.77 23.50
08:14:06 -21.03 25.05 -40.48 23.56
08:14:06 -22.16 22.95 -38.84 23.50
08:14:06 -28.99 22.60 -33.64 23.69
08:14:07 -28.05 27.00 -34.36 23.67
08:14:07 -28.14 21.52 -37.43 23.65
08:14:07 -27.26 28.83 -33.69 23.45
08:14:07 -25.91 26.02 -37.15 23.56
08:14:08 -25.26 29.13 -23.49 23.81
08:14:08 -24.68 42.03 -9.00 23.50
08:14:08 -23.94 32.48 22.14 23.56
08:14:09 -23.08 -5.34 43.86 23.54
08:14:09 -21.72 -26.98 35.91 23.69
08:14:09 -21.09 -40.76 13.26 23.58
08:14:09 -20.41 -43.84 -21.65 23.58
08:14:10 -20.19 -28.37 -39.26 23.50
08:14:10 -19.79 -7.84 -44.58 23.63
08:14:10 -21.69 23.84 -37.86 23.78
08:14:10 -23.57 38.70 -21.39 23.65
08:14:11 -23.23 40.87 9.20 23.52
08:14:11 -23.32 20.72 33.43 23.54
08:14:11 -23.29 -18.19 41.65 23.58
08:14:12 -24.37 -35.02 31.19 23.41
08:14:12 -25.97 -41.72 0.82 23.50
08:14:12 -25.98 -35.77 -36.82 23.54
08:14:12 -26.28 -7.29 -41.98 23.56
08:14:13 -26.34 12.44 -33.44 23.56
08:14:13 -26.50 18.56 -37.57 23.63
08:14:13 -27.66 32.00 6.08 23.54
08:14:13 -27.15 34.23 18.51 23.63
08:14:14 -27.78 4.30 38.34 23.72
08:14:14 -29.38 -38.06 16.80 23.47
08:14:14 -29.06 -30.49 -22.45 23.58
08:14:15 -28.09 -7.75 -38.62 23.65
08:14:15 -29.71 15.48 -38.16 23.54
08:14:15 -30.52 14.85 -37.87 23.54
08:14:15 -30.05 15.91 -37.15 23.61
08:14:16 -33.47 15.28 -33.25 23.54
08:14:16 -36.38 15.63 -33.50 23.61
08:14:16 -35.44 17.27 -32.05 23.63
08:14:16 -35.77 15.61 -29.92 23.54
08:14:17 -40.10 10.48 -29.64 23.67
08:14:17 -39.83 27.95 -19.46 23.47
08:14:17 -39.78 25.47 10.59 23.58
08:14:18 -38.69 5.88 29.41 23.61
08:14:18 -39.90 -5.28 27.90 23.69
08:14:18 -39.95 -18.47 9.58 23.65
08:14:18 -38.45 -30.66 -3.68 23.58
08:14:19 -37.57 -30.78 -11.35 23.58
08:14:19 -36.38 -16.13 -28.17 23.65
08:14:19 -36.77 1.08 -32.56 23.54
08:14:19 -40.71 1.79 -27.18 23.67
08:14:20 -41.06 2.95 -25.18 23.69
08:14:20 -43.28 23.36 -10.77 23.67
08:14:20 -44.50 22.75 -0.75 23.54
08:14:21 -45.55 12.03 15.37 23.56
08:14:21 -45.07 2.02 22.74 23.61
08:14:21 -44.63 -7.40 17.04 23.63
08:14:21 -43.78 -20.46 5.87 23.61
08:14:22 -43.88 -23.54 1.67 23.54
08:14:22 -42.95 -20.66 -13.57 23.52
08:14:22 -43.72 -10.17 -24.54 23.47
08:14:22 -43.92 -3.89 -25.35 23.54
08:14:23 -43.79 0.33 -25.55 23.69
08:14:23 -43.14 1.93 -26.40 23.56
08:14:23 -43.01 1.47 -23.31 23.61
08:14:23 -44.95 0.51 -22.47 23.58
08:14:24 -44.49 7.47 -24.60 23.58
08:14:24 -43.21 17.89 -13.84 23.58
08:14:24 -44.61 19.13 -3.39 23.63
08:14:25 -44.72 21.49 6.22 23.56
08:14:25 -44.42 6.39 19.21 23.58
08:14:25 -44.79 -14.01 21.70 23.76
08:14:25 -44.50 -15.98 10.28 23.65
08:14:26 -44.44 -20.70 7.68 23.63
08:14:26 -44.51 -24.26 0.43 23.56
08:14:26 -43.76 -17.93 -15.23 23.54
08:14:26 -44.59 -0.77 -25.23 23.85
08:14:27 -43.47 -0.17 -24.76 23.69
08:14:27 -45.30 2.94 -21.05 23.72
08:14:27 -47.42 -5.02 -13.75 23.83
08:14:28 -49.41 -5.13 -7.84 23.65
08:14:28 -50.58 0.03 -7.81 23.52
08:14:28 -50.76 2.70 -8.19 23.67
08:14:28 -49.67 11.18 7.26 23.54
08:14:29 -49.41 -6.07 9.35 23.45
08:14:29 -50.13 -8.53 1.79 23.54
08:14:29 -50.63 -1.36 -1.35 23.63
08:14:29 -50.96 -2.69 0.50 23.65
08:14:30 -50.75 -7.12 -1.59 23.45
08:14:30 -50.25 -8.51 -2.04 23.56
08:14:30 -49.86 -6.23 -10.85 23.56
08:14:31 -49.77 2.43 -9.21 23.54
08:14:31 -50.19 8.90 -4.14 23.58
08:14:31 -50.26 7.44 3.86 23.63
08:14:31 -50.89 3.17 5.35 23.54
08:14:32 -50.51 -5.60 6.01 23.54
08:14:32 -50.08 -11.36 -1.15 23.76
08:14:32 -49.83 -10.29 -10.92 23.67
08:14:32 -47.87 -6.78 -16.22 23.61
08:14:33 -48.41 0.54 -15.79 23.54
08:14:33 -49.09 4.73 -15.21 23.52
08:14:33 -48.69 9.60 -9.30 23.58
08:14:34 -48.82 11.40 2.38 23.69
08:14:34 -49.70 9.12 11.45 23.50
08:14:34 -46.71 6.88 22.27 23.61
08:14:34 -46.20 -12.19 16.26 23.61
08:14:35 -46.17 -22.54 3.95 23.69
08:14:35 -44.14 -26.77 -2.78 23.65
08:14:35 -42.73 -19.24 -20.80 23.65
08:14:35 -42.65 1.98 -27.68 23.58
08:14:36 -40.52 18.57 -25.66 23.65
08:14:36 -36.72 32.68 -10.75 23.54
08:14:36 -40.71 27.12 5.41 23.56
08:14:36 -39.86 12.15 28.87 23.65
08:14:37 -38.83 -15.12 24.77 23.69
08:14:37 -42.34 -22.81 9.30 23.81
08:14:37 -41.02 -29.13 -6.03 23.58
08:14:38 -39.96 -20.59 -22.30 23.41
08:14:38 -41.28 -7.68 -28.01 23.61
08:14:38 -41.61 15.21 -27.03 23.67
08:14:38 -40.70 25.10 -11.64 23.52
08:14:39 -41.75 26.76 13.37 23.85
08:14:39 -37.34 16.03 32.25 23.56
08:14:39 -35.15 -16.48 29.91 23.54
08:14:39 -37.75 -31.21 8.11 23.56
08:14:40 -38.67 -29.83 -14.97 23.56
08:14:40 -37.80 -10.16 -35.60 23.61
08:14:40 -33.54 18.03 -28.52 23.52
08:14:41 -36.50 32.48 0.26 23.54
08:14:41 -37.18 22.97 27.32 23.72
08:14:41 -34.83 0.15 34.76 23.65
08:14:41 -33.57 -31.81 10.40 23.81
08:14:42 -35.86 -34.71 -17.84 23.74
08:14:42 -34.72 -16.89 -32.25 23.56
08:14:42 -35.22 19.79 -22.45 23.69
08:14:42 -34.63 35.35 5.48 23.61
08:14:43 -39.91 26.59 6.70 23.74
08:14:43 -43.53 19.21 18.34 23.54
08:14:43 -43.34 3.86 26.48 23.58
08:14:44 -43.17 -13.38 21.40 23.78
08:14:44 -41.68 -25.80 9.69 23.74
08:14:44 -41.82 -28.09 -8.37 23.74
08:14:44 -41.57 -19.93 -22.83 23.58
08:14:45 -41.63 -2.94 -29.25 23.56
08:14:45 -39.10 21.46 -24.28 23.61
08:14:45 -37.47 29.86 -13.94 23.56
08:14:45 -38.55 30.65 13.15 23.50
08:14:46 -37.41 7.11 29.60 23.65
08:14:46 -40.59 -18.56 25.20 23.54
08:14:46 -35.72 -36.57 2.20 23.69
08:14:47 -31.61 -23.33 -31.72 23.61
08:14:47 -27.20 9.11 -42.49 23.54
08:14:47 -21.78 36.94 -20.82 23.56
08:14:47 -31.44 34.47 10.60 23.61
08:14:48 -28.19 23.23 33.87 23.56
08:14:48 -27.23 -6.81 39.11 23.87
08:14:48 -31.91 -29.53 21.54 23.56
08:14:48 -37.19 -33.24 1.29 23.54
08:14:49 -37.04 -29.28 -17.06 23.65
08:14:49 -39.85 -3.58 -29.24 23.45
08:14:49 -41.31 18.00 -26.65 23.65
08:14:49 -32.90 34.27 -22.12 23.74
08:14:50 -21.33 42.89 -21.36 23.67
08:14:50 -8.00 42.06 -28.86 23.72
08:14:50 0.72 41.68 -28.67 23.69
08:14:51 5.17 44.32 -22.44 23.69
08:14:51 5.12 45.68 -17.90 23.74
08:14:51 12.19 44.81 -13.57 23.56
08:14:51 18.74 43.88 -4.64 23.61
08:14:52 23.54 42.01 1.55 23.76
08:14:52 24.28 39.87 10.60 23.67
08:14:52 18.58 40.98 14.44 23.58
08:14:52 10.46 42.78 16.99 23.72
08:14:53 3.48 40.10 22.04 23.72
08:14:53 3.31 39.26 23.36 23.56
08:14:53 7.84 37.00 24.45 23.61
08:14:54 21.33 34.71 18.03 23.50
08:14:54 24.93 35.20 13.62 23.67
08:14:54 29.33 37.00 7.87 23.72
08:14:54 28.06 37.76 5.03 23.54
08:14:55 28.01 39.44 -7.84 23.54
08:14:55 27.86 39.64 -8.62 23.50
08:14:55 30.90 38.35 -4.75 23.56
08:14:55 28.30 38.78 -3.72 23.50
08:14:56 28.30 38.77 -3.46 23.58
08:14:56 30.40 37.97 -3.19 23.63
08:14:56 30.88 37.46 -2.40 23.56
08:14:57 30.40 37.31 -2.39 23.67
08:14:57 30.23 37.58 -1.63 23.61
08:14:57 30.24 37.50 -3.17 23.69
08:14:57 30.57 37.33 -2.90 23.74
08:14:58 31.05 36.99 -2.38 23.47
08:14:58 31.05 36.69 -2.62 23.54
08:14:58 30.89 37.02 -3.15 23.67
08:14:58 30.57 37.02 -2.89 23.63
08:14:59 30.42 37.22 -3.92 23.67
08:14:59 31.06 36.88 -3.40 23.69
08:14:59 31.70 36.38 -2.87 23.65
08:15:00 31.70 36.21 -2.61 23.63
