08:55:53 -1.95 -31.35 -10.89 20.75
08:55:53 -3.15 -31.80 -11.37 21.00
08:55:54 -2.85 -34.80 -10.65 20.75
08:55:54 -0.30 -33.30 -10.41 20.82
08:55:54 -0.60 -29.25 -10.65 20.93
08:55:54 -1.35 -18.00 -8.71 20.93
08:55:55 0.60 -10.05 -5.32 20.82
08:55:55 5.10 -14.55 -5.81 20.88
08:55:55 4.20 -16.05 -7.74 20.97
08:55:55 3.45 -20.85 -7.74 21.06
08:55:56 6.45 -22.05 -7.50 21.00
08:55:56 6.30 -22.35 -7.74 20.91
08:55:56 4.65 -22.65 -7.99 21.04
08:55:57 3.75 -22.50 -8.47 21.00
08:55:57 5.10 -20.40 -6.78 20.95
08:55:57 5.85 -10.65 -2.66 20.93
08:55:57 4.65 -0.45 4.36 20.95
08:55:58 4.95 6.90 14.76 20.84
08:55:58 5.10 12.45 29.28 20.95
08:55:58 4.80 13.05 43.80 21.15
08:55:58 5.70 8.10 56.14 20.80
08:55:59 4.35 3.15 61.47 20.77
08:55:59 4.95 1.20 64.61 20.75
08:55:59 4.35 -8.55 74.78 20.80
08:55:59 4.05 -28.35 78.17 20.88
08:56:00 4.50 -50.55 72.36 20.66
08:56:00 5.10 -54.75 69.70 20.84
08:56:00 5.85 -62.55 58.81 20.84
08:56:01 5.55 -73.80 38.96 20.93
08:56:01 5.70 -72.60 17.91 20.93
08:56:01 5.40 -63.00 2.90 20.75
08:56:01 6.00 -48.30 -4.84 20.93
08:56:02 7.95 -27.75 -7.74 20.77
08:56:02 6.30 -23.70 -7.99 20.95
08:56:02 5.40 -25.80 -8.47 20.77
08:56:02 7.35 -28.95 -6.78 20.93
08:56:03 9.90 -30.60 -6.05 20.86
08:56:03 9.00 -32.40 -7.26 21.04
08:56:03 9.45 -32.10 -6.53 20.86
08:56:04 9.45 -13.95 -1.94 20.80
08:56:04 9.75 1.20 16.70 20.77
08:56:04 9.00 10.50 24.68 20.86
08:56:04 10.80 9.90 31.22 20.77
08:56:05 11.55 8.70 51.79 20.80
08:56:05 10.65 -1.50 64.86 20.95
08:56:05 10.95 -22.35 72.84 20.75
08:56:05 12.15 -22.05 74.78 20.95
08:56:06 11.85 -47.85 68.73 20.97
08:56:06 12.15 -69.60 40.41 20.80
08:56:07 12.60 -70.65 40.17 20.93
08:56:07 12.30 -67.95 13.55 20.51
08:56:07 11.40 -51.75 -1.45 21.00
08:56:07 9.90 -37.20 -6.29 20.88
08:56:07 9.15 -33.30 -6.53 20.77
08:56:08 9.30 -36.45 -5.81 20.95
08:56:08 9.45 -39.30 -6.53 20.91
08:56:08 6.45 -43.80 -5.81 20.91
08:56:08 6.45 -42.15 -6.53 20.88
08:56:09 6.45 -32.25 -8.23 20.91
08:56:09 5.70 -7.95 0.24 20.64
08:56:09 5.70 12.30 22.02 20.80
08:56:10 6.75 12.75 28.56 21.02
08:56:10 5.25 12.30 48.40 21.06
08:56:10 5.40 0.15 70.42 21.04
08:56:10 5.85 -21.15 76.23 20.97
08:56:11 7.95 -28.95 76.96 20.86
08:56:11 7.05 -57.15 66.31 21.06
08:56:11 5.55 -72.90 38.72 20.84
08:56:11 8.40 -73.35 37.27 20.82
08:56:12 8.10 -69.45 12.10 21.02
08:56:12 6.75 -53.25 -3.87 20.97
08:56:12 5.85 -41.55 -7.26 20.84
08:56:12 4.65 -45.15 -5.81 20.80
08:56:13 4.05 -47.55 -5.57 20.82
08:56:13 -0.75 -47.85 -7.02 21.22
08:56:13 -3.60 -50.10 -7.26 20.93
08:56:14 -5.55 -50.55 -7.02 20.82
08:56:14 -4.95 -47.85 -9.20 20.93
08:56:14 -4.35 -21.30 -9.44 20.77
08:56:14 -6.45 3.15 8.95 20.95
08:56:15 -7.20 11.70 15.00 20.75
08:56:15 -3.60 14.10 27.10 20.97
08:56:15 -3.60 14.40 53.00 21.02
08:56:15 -5.70 -5.25 72.60 20.84
08:56:16 -3.60 -20.40 77.92 20.88
08:56:16 -3.60 -19.20 79.62 20.80
08:56:16 -4.95 -48.00 74.29 20.77
08:56:17 -5.85 -72.30 47.67 21.00
08:56:17 -4.05 -75.75 45.98 20.73
08:56:17 -3.75 -76.65 36.78 21.00
08:56:17 -3.00 -71.85 8.47 20.77
08:56:18 -3.75 -48.45 -7.99 20.82
08:56:18 -2.25 -49.80 -7.02 20.97
08:56:18 -3.15 -50.85 -5.57 20.71
08:56:18 -4.50 -52.20 -5.81 20.82
08:56:19 -8.85 -52.95 -6.29 20.84
08:56:19 -14.40 -52.35 -7.26 20.80
08:56:19 -16.05 -50.85 -7.26 20.80
08:56:20 -15.15 -49.80 -9.20 20.88
08:56:20 -16.20 -23.55 -9.20 20.64
08:56:20 -16.95 -10.50 -7.26 20.77
08:56:20 -15.30 -0.75 1.94 20.75
08:56:21 -14.70 14.25 25.17 20.80
08:56:21 -16.20 15.60 25.89 20.80
08:56:21 -15.15 15.30 52.27 20.66
08:56:21 -18.75 1.95 67.76 20.97
08:56:22 -19.65 -3.90 68.73 20.84
08:56:22 -15.90 -2.10 72.60 20.80
08:56:22 -16.65 -31.20 79.38 21.04
08:56:23 -17.25 -41.10 79.62 20.75
08:56:23 -15.30 -43.80 79.86 21.02
08:56:23 -13.95 -54.00 69.45 20.84
08:56:23 -16.95 -78.30 36.54 20.66
08:56:24 -14.55 -78.15 32.91 20.66
08:56:24 -13.35 -76.50 15.97 20.64
08:56:24 -15.15 -63.30 -1.69 20.75
08:56:24 -17.40 -47.40 -8.71 20.82
08:56:25 -17.85 -50.25 -7.99 20.82
08:56:25 -17.10 -49.35 -7.74 20.69
08:56:25 -21.45 -45.90 -8.47 20.77
08:56:26 -27.00 -42.60 -7.74 20.86
08:56:26 -27.90 -41.70 -9.44 20.77
08:56:26 -25.05 -40.65 -10.16 20.82
08:56:26 -24.60 -29.10 -10.65 20.82
08:56:27 -26.70 -3.15 4.36 20.93
08:56:27 -27.75 12.45 45.50 21.02
08:56:27 -28.50 10.50 50.82 21.00
08:56:27 -27.60 9.45 53.48 20.77
08:56:28 -25.65 -9.15 77.68 20.95
08:56:28 -24.60 -46.35 77.20 20.93
08:56:28 -22.20 -49.05 75.99 20.77
08:56:28 -23.40 -64.50 58.32 20.82
08:56:29 -26.70 -75.60 32.19 20.88
08:56:29 -24.75 -76.20 30.01 20.77
08:56:29 -24.75 -72.60 7.50 20.75
08:56:30 -23.40 -65.85 5.57 20.82
08:56:30 -22.95 -66.00 3.87 20.71
08:56:30 -22.65 -47.10 -9.68 20.97
08:56:30 -22.80 -41.40 -9.44 21.00
08:56:31 -23.85 -42.30 -9.68 20.71
08:56:31 -24.60 -39.30 -9.68 21.08
08:56:31 -29.10 -34.20 -9.44 20.88
08:56:31 -30.30 -32.55 -9.20 20.88
08:56:32 -31.20 -30.45 -9.44 20.93
08:56:32 -30.15 -9.75 1.45 20.82
08:56:32 -30.45 6.45 16.70 20.75
08:56:33 -30.75 9.60 17.42 20.93
08:56:33 -30.75 10.65 19.60 20.93
08:56:33 -29.25 12.00 54.45 20.91
08:56:33 -28.35 4.20 59.53 20.93
08:56:34 -30.00 3.15 61.71 20.77
08:56:34 -29.25 -15.00 75.99 20.82
08:56:34 -29.70 -48.90 73.81 20.86
08:56:34 -26.55 -52.50 72.60 20.97
08:56:35 -25.50 -66.15 58.56 20.82
08:56:35 -26.40 -74.70 13.07 20.86
08:56:35 -24.00 -68.70 9.44 20.80
08:56:36 -24.60 -65.40 -2.18 20.93
08:56:36 -24.75 -35.25 -9.92 20.77
08:56:36 -26.10 -31.80 -10.65 20.69
08:56:36 -26.55 -33.00 -10.16 20.66
08:56:37 -27.45 -31.95 -10.41 20.80
08:56:37 -26.10 -26.55 -10.65 20.95
08:56:37 -26.70 -24.00 -10.16 20.71
08:56:37 -26.25 -24.15 -9.44 20.73
08:56:38 -25.65 -22.20 -9.44 20.84
08:56:38 -26.55 -15.15 -4.60 20.88
08:56:38 -26.55 13.20 31.46 20.75
08:56:39 -26.55 14.55 31.94 20.60
08:56:39 -25.95 13.80 34.36 20.80
08:56:39 -25.80 3.60 69.21 20.73
08:56:39 -25.65 -22.65 77.20 20.66
08:56:40 -24.45 -21.60 78.41 20.97
08:56:40 -24.45 -48.45 70.42 20.82
08:56:40 -23.40 -68.85 61.23 20.84
08:56:40 -23.10 -69.45 56.87 21.04
08:56:41 -21.90 -75.60 10.16 20.75
08:56:41 -21.30 -56.55 -3.63 20.75
08:56:41 -21.90 -52.20 -9.68 20.64
08:56:42 -22.95 -13.95 -8.23 20.80
08:56:42 -22.20 -13.80 -8.71 20.93
08:56:42 -21.30 -14.10 -8.47 20.80
08:56:42 -20.10 -10.65 -7.50 20.95
08:56:43 -15.75 -8.85 -7.50 20.84
08:56:43 -14.55 -6.75 -5.08 20.60
08:56:43 -15.90 15.45 49.37 20.60
08:56:43 -16.20 12.00 52.51 20.91
08:56:44 -14.85 5.10 71.87 20.97
08:56:44 -15.90 -39.75 80.59 20.86
08:56:44 -14.55 -40.95 78.89 20.88
08:56:44 -14.55 -71.70 43.56 20.62
08:56:45 -13.20 -78.30 33.40 20.60
08:56:45 -13.95 -77.25 13.07 20.75
08:56:45 -12.90 -34.50 -12.10 20.73
08:56:46 -11.40 -33.90 -11.86 20.91
08:56:46 -15.30 -13.20 -7.99 20.73
08:56:46 -14.70 -9.75 -7.50 20.58
08:56:46 -13.80 -11.10 -8.95 20.91
08:56:47 -9.30 -9.15 -6.78 20.64
08:56:47 -3.75 -7.95 -6.53 20.69
08:56:47 -5.25 1.20 11.86 20.75
08:56:47 -5.40 13.80 44.53 20.73
08:56:48 -4.20 13.80 49.37 20.80
08:56:48 -5.40 -4.80 78.89 20.69
08:56:48 -4.05 -36.90 80.10 20.84
08:56:49 -4.50 -46.50 72.12 20.73
08:56:49 -4.05 -75.45 27.35 20.80
08:56:49 -3.45 -75.75 22.51 20.73
08:56:49 -3.30 -69.15 5.81 20.62
08:56:50 -3.45 -59.55 0.48 20.93
08:56:50 -2.85 -60.15 -2.18 20.62
08:56:50 -3.75 -36.75 -11.13 20.84
08:56:50 -4.95 -14.25 -6.53 20.77
08:56:51 -4.50 -9.45 -7.50 20.82
08:56:51 -3.90 -12.30 -8.23 20.58
08:56:51 -1.80 -14.25 -7.99 20.84
08:56:52 2.25 -14.85 -6.78 20.64
08:56:52 3.15 -14.85 -6.29 20.93
08:56:52 4.80 1.50 16.70 20.58
08:56:52 4.50 12.30 26.62 20.69
08:56:53 4.35 13.65 38.24 20.66
08:56:53 3.45 -3.60 68.97 20.93
08:56:53 5.10 -4.35 70.42 20.66
08:56:53 4.05 -37.05 75.02 20.64
08:56:54 5.70 -53.25 72.36 20.53
08:56:54 5.85 -64.80 52.27 20.66
08:56:54 6.45 -72.90 26.62 20.69
08:56:55 6.45 -72.15 17.67 20.86
08:56:55 5.40 -46.35 -6.05 20.97
08:56:55 4.95 -34.05 -8.95 20.97
08:56:55 3.90 -29.70 -8.71 20.84
08:56:56 3.60 -31.80 -9.68 20.97
08:56:56 3.30 -30.15 -9.20 20.75
08:56:56 3.60 -27.00 -8.47 20.66
08:56:56 5.10 -30.90 -7.99 20.64
08:56:57 8.25 -27.30 -6.29 20.84
08:56:57 13.20 -25.80 -3.63 20.55
08:56:57 15.30 -25.20 -1.94 20.95
08:56:58 17.70 -24.15 2.18 20.69
08:56:58 20.85 -22.80 3.39 20.93
08:56:58 20.70 -21.15 3.63 20.75
08:56:58 21.15 -6.90 15.97 20.73
08:56:59 21.00 2.10 27.83 20.82
08:56:59 21.60 2.10 30.49 20.86
08:56:59 21.30 -4.20 60.50 20.71
08:56:59 21.15 -9.15 59.05 20.66
08:57:00 21.45 -12.75 66.31 20.86
08:57:00 21.45 -48.90 63.16 20.71
08:57:00 22.20 -46.50 63.16 20.80
08:57:00 22.20 -60.30 42.59 20.97
08:57:01 23.40 -60.90 28.31 20.66
08:57:01 22.20 -61.35 26.38 20.88
08:57:01 23.40 -49.20 7.50 20.91
08:57:02 22.50 -32.55 3.15 20.73
08:57:02 22.05 -33.75 3.63 20.97
08:57:02 22.35 -33.60 3.15 20.60
08:57:02 22.80 -34.95 6.05 20.69
08:57:03 23.70 -38.25 5.81 20.82
08:57:03 24.00 -37.50 8.23 20.71
08:57:03 25.05 -22.65 8.95 20.97
08:57:03 24.60 -10.65 14.52 20.51
08:57:04 24.90 -8.55 17.42 20.69
08:57:04 24.30 -0.90 43.08 20.84
08:57:04 24.90 -2.55 45.01 20.73
08:57:05 24.30 -3.30 53.24 20.64
08:57:05 24.00 -19.35 62.19 20.69
08:57:05 24.45 -18.00 62.19 20.60
08:57:05 24.30 -33.60 62.92 20.66
08:57:06 25.20 -49.35 57.60 20.60
08:57:06 24.45 -50.85 56.39 20.82
08:57:06 25.20 -58.65 26.62 20.91
08:57:06 26.10 -55.50 24.93 20.69
08:57:07 25.95 -48.90 10.65 20.86
08:57:07 26.70 -31.80 8.71 20.80
08:57:07 25.80 -36.75 8.23 20.80
08:57:08 24.75 -38.40 7.26 20.71
08:57:08 24.75 -39.15 6.78 20.62
08:57:08 24.60 -35.25 7.02 20.86
08:57:08 24.75 -27.00 8.23 20.49
08:57:09 24.60 -12.15 13.79 20.91
08:57:09 25.20 -11.10 14.76 20.71
08:57:09 24.15 -0.30 36.06 20.73
08:57:09 24.15 -0.15 34.61 21.00
08:57:10 24.30 -0.60 47.19 20.80
08:57:10 24.00 -9.90 55.90 20.86
08:57:10 23.85 -9.45 58.56 20.88
08:57:11 23.55 -27.75 65.10 20.91
08:57:11 24.15 -25.80 64.61 20.82
08:57:11 24.15 -34.65 59.53 20.86
08:57:11 25.05 -49.35 58.56 20.80
08:57:12 24.90 -51.15 54.69 20.58
08:57:12 24.60 -59.25 26.86 20.58
08:57:12 25.05 -54.60 18.15 20.64
08:57:12 24.45 -51.00 14.52 20.64
08:57:13 23.85 -55.05 16.46 20.80
08:57:13 21.90 -55.80 15.73 20.88
08:57:13 20.85 -57.00 13.31 20.69
08:57:13 20.70 -52.20 6.05 20.73
08:57:14 22.05 -22.50 3.15 20.91
08:57:14 22.20 -23.25 4.84 20.71
08:57:14 22.80 -1.95 21.30 20.80
08:57:15 21.30 -1.50 18.39 20.73
08:57:15 22.20 1.05 41.14 20.71
08:57:15 21.15 1.20 45.01 20.77
08:57:15 21.15 0.45 48.40 20.95
08:57:16 21.30 -17.85 65.34 20.53
08:57:16 21.75 -16.50 64.37 20.77
08:57:16 22.05 -30.45 64.86 20.80
08:57:16 21.60 -47.70 63.40 20.80
08:57:17 21.45 -49.20 59.29 20.62
08:57:17 21.75 -63.30 35.33 20.51
08:57:17 22.35 -63.75 32.67 20.60
08:57:18 22.20 -52.35 11.37 20.77
08:57:18 21.00 -48.75 7.26 20.66
08:57:18 19.50 -50.55 6.53 20.71
08:57:18 17.40 -53.40 6.78 20.69
08:57:19 16.05 -52.05 3.63 20.84
08:57:19 13.35 -16.50 -2.42 20.84
08:57:19 15.15 -18.00 -0.24 20.66
08:57:19 14.55 5.55 28.07 20.77
08:57:20 15.60 6.90 27.83 20.49
08:57:20 14.70 8.10 46.95 20.93
08:57:20 14.85 -5.25 63.65 20.75
08:57:21 15.75 -7.05 66.79 20.60
08:57:21 15.00 -46.80 71.39 20.60
08:57:21 15.00 -44.55 71.39 20.93
08:57:21 15.45 -67.95 41.38 20.82
08:57:22 15.45 -67.95 44.53 20.69
08:57:22 15.90 -68.10 17.91 20.44
08:57:22 14.70 -55.95 3.63 20.82
08:57:22 14.40 -47.70 0.97 20.73
08:57:23 15.00 -50.25 1.69 20.77
08:57:23 10.65 -50.10 -1.69 20.69
08:57:23 8.40 -48.45 -5.32 20.77
08:57:24 7.05 -2.25 1.21 20.77
08:57:24 8.10 -0.90 4.60 20.49
08:57:24 7.80 12.15 39.93 20.64
08:57:24 7.20 12.75 37.03 20.77
08:57:25 8.10 3.45 70.91 20.73
08:57:25 7.50 -10.20 70.91 20.60
08:57:25 8.85 -18.00 75.99 20.75
08:57:25 9.75 -52.05 70.66 20.66
08:57:26 9.15 -56.85 60.74 20.69
08:57:26 9.30 -72.45 42.35 20.82
08:57:26 9.75 -72.15 24.93 20.84
08:57:27 10.35 -54.15 0.73 20.80
08:57:27 9.00 -48.00 -1.69 20.71
08:57:27 7.65 -51.00 -3.87 20.62
08:57:27 1.95 -50.55 -5.08 20.46
08:57:28 1.05 -47.25 -8.23 20.84
08:57:28 0.60 -6.15 -3.87 20.69
08:57:28 -0.60 -5.25 -2.90 20.64
08:57:28 1.20 13.20 22.75 20.82
08:57:29 0.30 12.90 19.60 20.77
08:57:29 1.80 14.55 51.55 20.88
08:57:29 0.60 10.95 51.06 20.80
08:57:29 0.75 1.20 78.41 20.86
08:57:30 1.35 -26.40 79.13 20.77
08:57:30 -0.60 -35.55 72.36 20.77
08:57:30 2.25 -63.30 64.37 20.64
08:57:31 2.40 -70.65 39.69 21.02
08:57:31 2.25 -73.95 22.26 20.71
08:57:31 0.90 -64.80 -6.05 20.62
08:57:31 3.30 -45.90 -5.81 20.77
08:57:32 1.20 -46.05 -8.71 20.69
08:57:32 -3.60 -42.30 -9.68 20.84
08:57:32 -3.30 -35.10 -10.41 20.66
08:57:32 -4.20 5.55 6.05 20.69
08:57:33 -4.20 7.95 12.58 20.60
08:57:33 -4.35 9.00 57.11 20.73
08:57:33 -3.60 8.25 61.47 20.73
08:57:34 -4.05 -30.30 80.59 20.58
08:57:34 -4.05 -31.20 80.10 20.71
08:57:34 -2.70 -67.35 57.35 20.80
08:57:34 -1.95 -71.55 57.11 20.73
08:57:35 -1.80 -74.25 19.36 20.71
08:57:35 -1.05 -74.40 20.57 20.66
08:57:35 -1.05 -54.45 -3.87 20.84
08:57:35 -1.50 -47.70 -9.44 20.66
08:57:36 -1.50 -39.30 -9.68 20.71
08:57:36 -1.80 -38.70 -10.65 20.64
08:57:36 -7.20 -32.85 -11.37 20.73
08:57:37 -3.15 -22.35 -6.05 20.53
08:57:37 -7.95 6.90 8.23 20.62
08:57:37 -5.25 12.15 32.91 20.80
08:57:37 -6.90 15.75 41.62 20.66
08:57:38 -4.80 2.10 67.03 20.53
08:57:38 -5.70 2.25 69.21 20.73
08:57:38 -6.45 -15.30 78.17 20.71
08:57:38 -5.85 -33.75 79.13 20.97
08:57:39 -4.80 -46.80 76.96 20.86
08:57:39 -4.95 -69.00 61.71 20.55
08:57:39 -3.90 -73.50 39.20 20.71
08:57:40 -3.75 -77.25 36.54 20.77
08:57:40 -2.55 -71.40 15.73 20.86
08:57:40 -1.65 -68.10 -5.08 20.91
08:57:40 -3.00 -37.50 -11.62 20.82
08:57:41 -5.25 -32.85 -11.13 20.58
08:57:41 -3.75 -28.95 -11.62 20.91
08:57:41 -3.60 -24.75 -11.37 20.71
08:57:41 -2.70 -10.80 6.05 20.71
08:57:42 -2.55 9.00 12.34 20.77
08:57:42 -3.60 15.90 32.91 20.77
08:57:42 -3.30 13.05 58.81 20.75
08:57:43 -2.40 7.95 63.16 20.75
08:57:43 -2.55 -10.05 75.50 20.69
08:57:43 -3.60 -51.15 77.92 20.84
08:57:43 -2.85 -60.45 50.82 20.58
08:57:44 -2.40 -74.55 45.50 20.69
08:57:44 -2.55 -75.75 23.72 20.88
08:57:44 -1.80 -57.15 -4.36 20.58
08:57:44 0.15 -20.55 -9.68 20.91
08:57:45 -1.65 -20.70 -9.92 20.66
08:57:45 -2.10 -20.40 -9.68 20.69
08:57:45 -0.15 -12.90 -6.05 20.69
08:57:45 3.45 -10.65 -3.39 20.73
08:57:46 1.35 9.15 14.76 20.73
08:57:46 3.15 13.95 24.93 20.53
08:57:46 1.35 14.40 46.71 20.75
08:57:47 1.80 12.60 54.93 20.53
08:57:47 2.55 -0.75 67.76 20.55
08:57:47 2.10 -14.10 74.05 20.84
08:57:47 1.50 -16.20 79.62 20.84
08:57:48 2.10 -28.20 79.38 20.80
08:57:48 3.45 -52.50 72.84 20.71
08:57:48 5.25 -73.65 30.73 20.86
08:57:48 5.55 -72.75 12.58 20.60
08:57:49 5.55 -55.65 -0.73 20.88
08:57:49 6.00 -20.70 -7.74 20.69
08:57:49 5.25 -21.75 -7.50 20.53
08:57:50 6.00 -19.95 -6.78 20.82
08:57:50 7.80 -16.50 -3.39 20.64
08:57:50 11.70 -12.00 9.44 20.75
08:57:50 13.35 9.15 30.01 20.77
08:57:51 12.45 5.70 53.24 20.53
08:57:51 12.15 -20.10 72.36 20.66
08:57:51 13.50 -36.60 65.58 20.73
08:57:51 14.40 -56.55 53.00 20.55
08:57:52 14.70 -68.25 28.07 20.66
08:57:52 15.30 -55.05 6.78 20.64
08:57:52 15.75 -24.30 -0.97 20.64
08:57:53 14.55 -2.25 6.78 20.66
08:57:53 15.30 -5.70 7.02 20.91
08:57:53 18.45 -8.55 7.26 20.58
08:57:53 19.95 -10.05 9.20 20.80
08:57:54 22.05 -2.70 30.01 20.91
08:57:54 21.45 1.95 46.71 20.77
08:57:54 22.65 -7.65 58.81 20.62
08:57:54 22.50 -33.45 66.55 20.77
08:57:55 21.90 -55.80 53.48 20.73
08:57:55 22.80 -60.75 29.28 20.64
08:57:55 23.40 -60.15 23.72 20.53
08:57:56 23.70 -51.45 14.04 20.62
08:57:56 23.25 -22.80 5.81 20.60
08:57:56 23.55 -18.45 7.99 20.66
08:57:56 25.95 -19.35 12.10 20.46
08:57:57 28.35 -18.75 17.42 20.62
08:57:57 29.40 -16.80 19.84 20.49
08:57:57 30.60 -18.15 22.51 20.64
08:57:57 31.50 -19.20 20.81 20.60
08:57:58 31.20 -21.00 18.88 20.66
08:57:58 30.60 -23.70 17.42 20.71
08:57:58 30.30 -24.15 15.97 20.62
08:57:59 29.55 -10.95 24.44 20.66
08:57:59 28.50 -10.35 27.35 20.71
08:57:59 28.20 -7.35 42.59 20.88
08:57:59 27.75 -12.30 57.11 20.58
08:58:00 27.45 -17.40 57.11 20.66
08:58:00 27.45 -35.40 60.26 20.80
08:58:00 27.90 -36.30 58.81 20.84
08:58:00 27.90 -47.40 53.72 20.55
08:58:01 27.90 -54.00 35.33 20.86
08:58:01 28.50 -54.90 30.49 20.53
08:58:01 28.65 -40.95 12.83 20.77
08:58:01 29.10 -28.65 13.79 20.55
08:58:02 29.85 -27.90 16.21 20.58
08:58:02 30.60 -28.80 16.46 20.97
08:58:02 30.75 -32.25 16.21 20.73
08:58:03 30.00 -35.25 15.73 20.88
08:58:03 29.85 -33.15 15.97 20.80
08:58:03 30.60 -19.35 20.57 20.71
08:58:03 31.50 -14.85 28.07 20.88
08:58:04 30.30 -12.45 27.35 20.69
08:58:04 30.30 -10.20 35.57 20.60
08:58:04 30.15 -11.10 49.37 20.73
08:58:04 30.30 -14.55 49.85 20.80
08:58:05 29.40 -24.30 55.18 20.49
08:58:05 30.00 -34.20 55.42 21.00
08:58:05 30.60 -36.60 53.48 20.69
08:58:06 30.30 -45.00 49.37 20.69
08:58:06 31.05 -50.10 37.75 20.66
08:58:06 31.20 -48.60 35.57 20.82
08:58:06 31.05 -45.30 26.14 20.84
08:58:07 31.20 -39.90 18.63 20.95
08:58:07 31.20 -36.30 17.91 20.93
08:58:07 30.90 -32.25 16.70 20.86
08:58:07 30.60 -33.60 17.42 20.84
08:58:08 30.45 -36.00 14.04 20.82
08:58:08 28.80 -40.65 15.25 20.60
08:58:08 28.65 -41.40 14.76 20.82
08:58:09 28.95 -38.25 14.76 20.80
08:58:09 29.10 -22.20 14.52 20.66
08:58:09 28.95 -18.00 18.88 20.75
08:58:09 28.95 -12.75 21.78 20.84
08:58:10 28.95 -7.80 34.12 20.62
08:58:10 29.85 -10.20 49.85 20.75
08:58:10 29.25 -12.45 50.58 20.77
08:58:10 29.70 -25.20 56.39 20.69
08:58:11 29.40 -39.45 55.42 20.80
08:58:11 30.00 -41.70 47.19 20.71
08:58:11 29.85 -51.30 40.90 20.75
08:58:12 30.00 -49.35 27.10 20.93
08:58:12 29.55 -41.85 15.00 21.04
08:58:12 29.25 -36.60 15.73 20.75
08:58:12 28.65 -42.45 15.25 20.80
08:58:13 28.95 -41.85 14.04 20.71
08:58:13 26.55 -44.55 10.16 20.66
08:58:13 24.30 -42.75 7.74 20.71
08:58:13 25.35 -24.00 9.68 20.86
08:58:14 26.70 -10.05 15.00 20.77
08:58:14 26.55 -8.55 26.38 20.69
08:58:14 26.10 -3.30 28.56 20.75
08:58:15 24.75 -2.85 45.74 20.71
08:58:15 25.35 -7.20 59.53 20.88
08:58:15 24.45 -13.65 60.98 20.88
08:58:15 24.45 -23.40 63.65 20.73
08:58:16 24.00 -42.75 64.13 20.88
08:58:16 25.20 -43.95 51.06 20.80
08:58:16 24.45 -56.85 47.92 20.88
08:58:16 24.60 -59.10 21.30 20.80
08:58:17 25.35 -46.35 12.83 20.97
08:58:17 24.60 -48.15 11.13 20.91
08:58:17 22.05 -50.55 8.23 20.82
08:58:17 19.50 -51.15 8.23 20.77
08:58:18 17.70 -52.95 5.08 20.95
08:58:18 15.30 -28.20 -2.42 20.75
08:58:18 16.80 -10.80 3.15 20.64
08:58:19 15.45 -10.65 4.36 20.77
08:58:19 14.25 2.85 16.70 20.91
08:58:19 16.65 7.05 33.88 20.93
08:58:19 18.30 5.85 41.62 20.77
08:58:20 16.80 6.30 42.11 20.84
08:58:20 15.60 5.55 45.74 20.77
08:58:20 16.05 1.65 51.55 20.73
08:58:20 15.45 -3.00 67.52 20.75
08:58:21 15.90 -11.55 70.91 20.69
08:58:21 15.75 -26.40 72.84 20.62
08:58:21 15.75 -55.20 65.10 20.84
08:58:22 16.20 -59.55 40.90 20.71
08:58:22 16.35 -67.95 33.15 20.84
08:58:22 16.20 -57.00 4.36 20.91
08:58:22 17.70 -49.80 4.36 20.82
08:58:23 14.10 -51.45 2.66 20.91
08:58:23 13.20 -53.55 2.90 20.58
08:58:23 9.90 -51.75 -0.24 20.75
08:58:23 8.55 -51.60 -1.69 20.82
08:58:24 8.40 -50.10 -1.69 20.82
08:58:24 11.55 -47.25 -0.48 20.82
08:58:24 11.85 -14.40 -1.94 20.84
08:58:25 15.45 6.00 21.05 20.69
08:58:25 14.85 7.80 43.32 20.82
08:58:25 13.35 5.55 51.55 20.66
08:58:26 12.45 -14.85 70.66 20.71
08:58:26 13.35 -41.85 72.36 20.91
08:58:26 13.95 -48.00 61.23 20.77
08:58:26 12.90 -60.60 59.77 20.75
08:58:26 12.75 -69.30 46.22 20.77
08:58:27 13.65 -67.95 17.67 20.71
08:58:27 12.75 -58.05 1.21 20.75
08:58:27 12.90 -31.50 -4.11 20.82
08:58:28 10.50 -38.40 -4.36 20.75
08:58:28 11.40 -50.55 0.24 20.86
08:58:28 10.80 -50.10 -0.73 20.95
08:58:28 8.25 -47.85 -3.63 20.77
08:58:29 6.45 -46.65 -4.11 20.66
08:58:29 5.25 -47.25 -5.08 20.75
08:58:29 3.75 -46.20 -5.81 20.75
08:58:29 4.05 -47.25 -4.84 20.93
08:58:30 4.05 -47.70 -5.57 20.86
08:58:30 3.60 -43.80 -7.26 20.86
08:58:30 4.05 -16.80 -7.02 20.60
08:58:31 4.65 6.60 10.16 20.93
08:58:31 4.35 9.00 23.23 20.73
08:58:31 3.45 14.10 36.30 20.75
08:58:31 3.30 6.45 57.11 20.71
08:58:32 4.05 -0.45 75.26 21.04
08:58:32 2.85 -13.65 76.96 20.75
08:58:32 2.10 -31.35 79.62 20.73
08:58:32 3.00 -61.50 69.45 20.77
08:58:33 4.20 -69.30 42.35 20.91
08:58:33 5.55 -74.10 28.80 20.71
08:58:33 4.95 -69.60 14.28 20.88
08:58:33 4.50 -48.45 -6.05 20.73
08:58:34 3.60 -40.65 -8.23 21.06
08:58:34 2.40 -36.60 -10.16 20.82
08:58:34 0.60 -33.60 -9.92 21.00
08:58:35 1.80 -29.85 -9.44 21.00
08:58:35 0.15 -6.90 -2.66 20.82
08:58:35 1.20 11.70 16.46 20.91
08:58:35 0.00 13.50 46.46 20.95
08:58:36 1.20 12.00 60.74 20.77
08:58:36 1.50 -1.95 69.70 20.69
08:58:36 1.20 -34.05 79.86 20.82
08:58:36 1.20 -59.70 66.55 20.84
08:58:37 1.50 -66.90 40.66 21.08
08:58:37 2.70 -75.30 27.35 20.82
08:58:37 3.90 -54.15 -2.66 20.71
08:58:38 3.30 -26.40 -9.92 20.95
08:58:38 0.75 -29.25 -9.44 20.69
08:58:38 2.25 -27.00 -9.20 20.80
08:58:38 1.35 -22.05 -8.71 20.97
08:58:39 2.85 5.40 5.57 20.73
08:58:39 2.40 12.75 29.04 20.66
08:58:39 2.55 14.40 41.87 20.91
08:58:39 0.90 10.20 53.97 20.71
08:58:40 1.20 -4.95 69.70 20.84
08:58:40 2.10 -12.90 78.89 20.60
08:58:40 1.65 -25.65 79.38 20.88
08:58:41 1.35 -48.60 75.75 20.84
08:58:41 1.95 -69.15 61.47 20.66
08:58:41 3.90 -73.95 26.38 20.86
08:58:42 3.75 -74.10 19.84 20.93
08:58:42 4.05 -40.50 -8.95 20.71
08:58:42 3.75 -18.90 -7.50 20.66
08:58:42 5.10 -22.50 -7.74 20.75
08:58:42 4.65 -20.10 -6.78 20.75
08:58:43 6.15 -12.60 -3.15 20.93
08:58:43 6.15 3.15 9.68 21.00
08:58:43 4.95 13.20 39.45 20.86
08:58:44 5.85 11.40 60.02 20.95
08:58:44 5.85 -1.80 69.21 20.73
08:58:44 4.80 -20.70 77.92 20.77
08:58:44 4.65 -42.75 76.71 20.71
08:58:45 5.55 -53.25 63.65 20.95
08:58:45 4.95 -65.25 56.87 20.82
08:58:45 6.75 -72.45 46.71 20.75
08:58:45 6.15 -73.80 31.46 20.75
08:58:46 6.60 -64.20 3.87 20.80
08:58:46 8.70 -58.05 -2.18 20.80
08:58:46 9.15 -30.45 -5.81 20.97
08:58:46 8.70 -7.65 0.00 20.71
08:58:47 7.20 -9.00 -1.94 20.55
08:58:47 10.50 -13.50 -2.66 20.95
08:58:48 9.75 -13.35 -1.45 20.77
08:58:48 14.10 -10.35 2.18 20.86
08:58:48 14.70 -11.85 3.15 20.77
08:58:48 14.85 7.05 26.14 20.80
08:58:48 14.10 6.60 48.16 20.62
08:58:49 14.40 3.45 66.31 20.86
08:58:49 13.65 -13.80 71.39 20.80
08:58:49 13.80 -38.55 72.84 20.88
08:58:49 13.80 -63.45 57.35 20.80
08:58:50 15.60 -65.25 31.70 20.62
08:58:50 14.85 -68.40 29.04 20.62
08:58:50 15.60 -56.10 6.29 20.69
08:58:51 15.15 -28.50 -1.94 20.80
08:58:51 14.85 -9.45 5.57 20.80
08:58:51 15.15 -7.05 5.32 20.64
08:58:51 16.05 -10.05 4.84 20.58
08:58:52 19.05 -9.90 7.02 20.80
08:58:52 19.20 -4.50 15.25 20.84
08:58:52 21.60 2.85 35.57 20.86
08:58:52 21.60 1.65 52.27 20.58
08:58:53 19.95 -5.85 59.53 20.64
08:58:53 21.15 -32.85 68.97 20.66
08:58:53 21.00 -46.80 62.44 20.93
08:58:54 21.60 -54.00 44.04 20.53
08:58:54 22.35 -61.65 36.54 20.97
08:58:54 23.40 -43.50 7.50 20.75
08:58:54 22.95 -25.35 4.84 20.73
08:58:55 23.25 -21.60 6.78 20.95
08:58:55 23.70 -23.25 6.53 20.71
08:58:55 25.05 -25.20 8.95 21.04
08:58:55 27.00 -25.20 10.65 20.88
08:58:56 27.60 -8.85 22.26 20.69
08:58:56 28.05 -6.00 41.38 20.62
08:58:56 27.75 -6.15 41.62 20.64
08:58:57 27.60 -14.40 54.69 20.71
08:58:57 27.60 -26.55 60.02 20.64
08:58:57 28.20 -36.45 52.27 20.97
08:58:57 29.40 -50.40 43.08 20.91
08:58:58 30.15 -39.30 16.70 20.64
08:58:58 30.60 -36.90 15.49 20.58
08:58:58 31.05 -34.50 18.88 20.71
08:58:58 32.25 -32.55 20.81 20.95
08:58:59 32.25 -37.05 22.99 20.58
08:58:59 33.15 -36.60 24.20 20.80
08:58:59 33.15 -37.50 25.65 20.97
08:59:00 33.75 -34.35 25.89 20.82
08:59:00 34.05 -33.60 31.70 20.75
08:59:00 34.50 -30.90 30.73 20.69
08:59:00 34.20 -25.80 29.28 20.86
08:59:01 34.35 -24.30 31.70 21.00
08:59:01 33.60 -24.60 30.73 20.88
08:59:01 33.90 -21.75 32.19 20.66
08:59:01 34.05 -23.55 39.93 20.82
08:59:02 34.05 -22.65 39.45 20.58
08:59:02 33.75 -24.00 40.66 20.55
08:59:02 33.90 -27.90 43.56 20.80
08:59:03 34.50 -27.90 44.53 20.62
08:59:03 33.75 -28.65 41.87 20.58
08:59:03 33.60 -30.45 45.74 20.77
08:59:04 33.60 -32.55 45.50 20.75
08:59:04 33.15 -31.80 42.35 20.77
08:59:04 34.35 -35.85 41.14 20.75
08:59:04 33.75 -40.80 38.48 20.77
08:59:04 33.75 -40.80 35.33 20.77
08:59:05 34.05 -38.85 32.91 20.77
08:59:05 34.50 -38.25 33.40 20.66
08:59:05 34.05 -36.45 32.19 20.93
08:59:05 34.50 -31.95 29.77 20.88
08:59:06 33.90 -31.05 28.07 20.82
08:59:06 33.90 -30.60 25.89 20.66
08:59:06 32.55 -27.00 21.54 20.91
08:59:07 31.05 -20.25 20.09 20.62
08:59:07 31.65 -13.80 27.59 20.77
08:59:07 32.10 -12.75 32.43 21.00
08:59:07 31.20 -13.65 34.36 20.82
08:59:08 31.80 -14.70 40.41 20.82
08:59:08 32.70 -25.35 49.13 20.91
08:59:08 32.40 -26.10 51.79 20.64
08:59:08 31.50 -24.90 51.55 20.69
08:59:09 31.95 -33.15 51.55 20.97
08:59:09 32.55 -40.50 48.64 21.00
08:59:09 31.95 -42.90 39.69 20.60
08:59:10 31.50 -45.90 31.22 20.80
08:59:10 31.65 -48.00 33.15 20.80
08:59:10 31.95 -45.45 22.51 20.73
08:59:10 32.10 -22.35 20.09 20.82
08:59:11 31.80 -22.80 21.05 20.73
08:59:11 31.65 -14.55 33.15 20.71
08:59:11 31.50 -15.00 43.80 21.02
08:59:11 30.60 -12.75 42.83 20.84
08:59:12 29.70 -10.35 52.27 21.04
08:59:12 27.60 -30.90 58.08 21.02
08:59:12 28.95 -39.15 57.60 20.77
08:59:13 28.05 -41.40 54.45 20.84
08:59:13 28.95 -52.80 36.78 20.73
08:59:13 29.10 -52.05 37.99 20.82
08:59:13 29.70 -51.90 34.12 20.97
08:59:14 29.70 -47.70 20.09 20.77
08:59:14 29.25 -37.50 15.00 20.71
08:59:14 30.00 -38.25 16.46 20.73
08:59:14 30.15 -22.50 18.39 20.82
08:59:15 29.55 -8.40 29.04 20.66
08:59:15 28.95 -8.40 28.31 20.82
08:59:15 28.20 -6.30 52.51 20.93
08:59:16 25.05 -21.45 62.19 20.88
08:59:16 24.00 -20.10 62.19 20.73
08:59:16 24.90 -26.40 65.58 20.97
08:59:16 24.60 -52.95 52.27 20.82
08:59:17 23.40 -54.90 54.21 21.00
08:59:17 23.55 -57.30 41.38 20.80
08:59:17 22.20 -58.50 18.39 21.02
08:59:17 22.95 -57.00 18.63 20.84
08:59:18 21.15 -58.35 16.94 21.11
08:59:18 21.45 -40.50 3.87 21.00
08:59:18 23.10 -28.80 3.87 20.77
08:59:18 23.25 -29.25 5.32 20.86
08:59:19 23.40 -9.45 19.36 20.69
08:59:19 21.45 3.00 30.98 20.80
08:59:20 19.05 5.55 35.09 20.91
08:59:20 17.40 1.35 62.92 20.93
08:59:20 14.25 -23.40 72.12 20.69
08:59:20 16.35 -22.50 71.15 20.82
08:59:20 17.10 -33.60 70.91 20.75
08:59:21 16.65 -57.60 53.72 21.00
08:59:21 16.65 -63.15 55.90 21.08
08:59:21 16.50 -65.40 44.04 20.97
08:59:21 17.10 -63.60 14.76 20.73
08:59:22 17.10 -61.65 15.49 20.93
08:59:22 17.85 -59.55 7.74 20.73
08:59:22 17.55 -35.40 -1.21 20.97
08:59:23 16.95 -20.40 -1.21 21.00
08:59:23 15.60 -20.10 -1.45 20.97
08:59:23 14.25 2.25 22.02 21.06
08:59:23 15.30 -0.60 56.14 20.97
08:59:24 13.20 1.65 57.84 20.69
08:59:24 12.60 -19.35 75.75 21.00
08:59:24 10.80 -58.50 67.03 20.95
08:59:24 10.65 -58.35 67.52 20.82
08:59:25 10.05 -63.60 52.76 21.08
08:59:25 9.45 -66.45 9.92 20.84
08:59:25 11.25 -63.90 11.86 20.66
08:59:26 10.65 -62.10 6.53 20.82
08:59:26 11.10 -38.85 -5.81 20.93
08:59:26 11.55 -19.65 -4.11 20.88
08:59:26 12.90 -19.65 -2.42 21.04
08:59:27 12.00 5.70 27.35 20.86
08:59:27 10.95 7.80 48.16 20.86
08:59:27 9.00 8.85 51.79 20.93
08:59:27 7.65 -1.50 69.21 21.13
08:59:28 9.15 -40.50 75.75 20.86
08:59:28 9.60 -42.30 75.50 21.00
08:59:28 9.60 -57.30 60.98 20.80
08:59:29 7.05 -71.85 22.75 21.11
08:59:29 9.00 -70.65 24.44 21.06
08:59:29 10.20 -68.55 11.62 20.97
08:59:29 9.90 -45.00 -6.29 20.91
08:59:30 10.35 -26.85 -6.05 20.75
08:59:30 9.75 -22.65 -4.36 20.80
08:59:31 8.85 6.00 23.96 21.04
08:59:31 8.40 11.25 40.17 20.86
08:59:31 9.15 10.50 46.46 21.06
08:59:31 8.10 -0.75 71.87 20.93
08:59:31 7.95 -37.35 76.47 20.75
08:59:32 8.85 -39.45 75.99 20.84
08:59:32 9.00 -59.40 59.05 20.80
08:59:32 7.80 -70.65 15.49 20.95
08:59:32 7.65 -68.85 15.73 20.93
08:59:33 7.65 -64.80 1.94 21.04
08:59:33 7.05 -32.25 -7.02 21.02
08:59:33 8.40 -16.05 -5.81 21.15
08:59:33 7.35 -12.45 -1.69 20.93
08:59:34 6.30 10.95 34.61 20.62
08:59:34 6.75 12.00 41.62 20.84
08:59:34 6.90 12.00 45.25 20.73
08:59:34 5.55 -2.70 72.36 21.11
08:59:35 5.10 -41.85 77.20 20.84
08:59:35 5.85 -40.50 77.20 21.04
08:59:35 5.70 -44.70 72.60 20.97
08:59:36 6.45 -73.80 33.88 21.11
08:59:36 7.95 -72.90 31.94 21.02
08:59:36 9.00 -72.90 30.98 21.00
08:59:36 7.95 -56.10 -4.36 21.04
08:59:37 9.60 -40.05 -5.57 20.97
08:59:37 6.60 -41.70 -6.53 20.97
08:59:37 7.35 -28.50 -5.81 20.93
08:59:37 7.05 7.20 12.58 20.77
08:59:38 7.50 6.45 13.31 20.88
08:59:38 8.40 10.80 30.73 20.86
08:59:38 6.75 7.20 54.69 20.84
08:59:39 8.40 7.80 54.69 21.00
08:59:39 7.20 3.90 66.07 20.75
08:59:39 7.05 -41.10 73.57 21.02
08:59:39 10.35 -47.70 72.36 21.11
08:59:40 11.10 -50.85 68.00 21.06
08:59:40 12.15 -70.65 26.62 20.88
08:59:40 12.45 -67.80 22.02 20.75
08:59:40 11.25 -69.45 19.84 20.80
08:59:41 12.30 -53.55 -1.45 21.04
08:59:41 11.85 -37.50 -3.63 20.86
08:59:41 11.55 -37.95 -3.87 20.97
08:59:42 11.55 -23.40 -2.42 21.02
08:59:42 9.90 10.05 22.51 20.86
08:59:42 11.40 8.25 21.05 20.84
08:59:42 11.55 10.20 36.06 21.08
08:59:43 10.05 2.70 66.79 20.93
08:59:43 10.80 -5.25 66.55 21.04
08:59:43 12.60 -9.90 69.45 21.06
08:59:43 13.95 -55.80 50.58 21.02
08:59:44 18.45 -64.65 45.25 20.77
08:59:44 20.70 -63.30 39.69 21.22
08:59:44 21.45 -51.90 6.29 21.11
08:59:45 22.20 -45.00 7.26 21.00
08:59:45 23.40 -43.50 7.50 20.97
08:59:45 21.75 -25.20 10.65 21.11
08:59:45 22.20 -1.20 22.02 20.77
08:59:46 22.80 -1.05 23.96 20.97
08:59:46 22.20 1.20 36.78 21.00
08:59:46 22.80 -18.60 62.19 21.08
08:59:46 25.35 -22.20 60.98 21.06
08:59:47 25.95 -30.30 61.95 21.06
08:59:47 26.55 -52.50 48.40 21.06
08:59:47 28.80 -50.25 46.71 21.15
08:59:48 28.95 -52.95 35.82 21.08
08:59:48 28.05 -43.95 17.18 20.82
08:59:48 28.65 -47.40 18.63 20.84
08:59:48 28.05 -45.30 14.28 21.04
08:59:49 27.75 -19.50 14.28 21.00
08:59:49 28.65 -20.55 16.46 21.15
08:59:49 30.45 -18.90 24.93 20.84
08:59:49 32.40 -19.20 42.11 21.00
08:59:50 33.00 -23.40 45.25 21.04
08:59:50 34.05 -25.50 43.08 20.95
08:59:50 33.60 -35.85 42.59 21.19
08:59:51 34.35 -34.80 42.59 21.02
08:59:51 34.20 -36.45 36.78 20.95
08:59:51 34.35 -36.60 31.22 20.77
08:59:51 34.05 -35.25 28.56 21.24
08:59:52 33.60 -28.50 26.86 20.82
08:59:52 33.60 -23.10 27.83 20.88
08:59:52 33.45 -19.50 35.33 20.86
08:59:52 33.15 -18.45 38.72 21.06
08:59:53 32.55 -17.85 44.53 21.04
08:59:53 33.00 -24.45 49.85 20.80
08:59:53 32.70 -26.10 49.13 21.15
08:59:53 33.00 -31.65 49.13 21.19
08:59:54 32.55 -39.15 46.22 21.04
08:59:54 33.00 -41.70 43.56 21.02
08:59:54 32.40 -43.95 38.48 20.86
08:59:55 33.00 -44.70 33.64 20.95
08:59:55 32.70 -42.00 30.98 21.06
08:59:55 33.60 -35.55 26.38 20.88
08:59:55 33.60 -30.15 23.72 21.11
08:59:56 33.45 -29.70 24.20 21.15
08:59:56 33.30 -23.70 25.65 20.97
08:59:56 33.45 -18.15 30.98 21.24
08:59:56 32.70 -17.40 32.19 21.02
08:59:57 32.40 -15.30 33.64 20.97
08:59:57 32.40 -14.85 35.33 21.11
08:59:57 31.80 -13.50 38.24 20.84
08:59:58 31.80 -13.50 41.14 21.06
08:59:58 30.90 -12.90 42.59 20.88
08:59:58 31.50 -17.10 46.71 20.84
08:59:58 31.05 -19.80 49.85 21.15
08:59:59 31.35 -25.50 53.48 21.11
08:59:59 30.90 -27.60 54.45 21.11
08:59:59 29.85 -32.70 56.63 21.04
08:59:59 29.40 -41.25 54.21 20.95
09:00:00 29.25 -45.75 53.97 21.08
09:00:00 27.60 -48.30 48.88 21.22
09:00:00 25.35 -54.90 42.83 21.02
09:00:01 27.30 -55.65 36.06 21.11
09:00:01 27.00 -53.25 23.72 21.04
09:00:01 26.55 -45.15 15.49 21.06
09:00:01 26.70 -37.20 8.47 21.08
09:00:02 25.65 -32.40 8.47 21.13
09:00:02 27.15 -21.45 11.62 21.22
09:00:02 27.00 -10.50 18.15 21.02
09:00:02 27.00 -6.15 26.62 21.02
09:00:03 26.55 -4.35 42.59 21.11
09:00:03 26.10 -4.80 51.30 21.08
09:00:03 26.55 -11.10 54.93 21.17
09:00:04 26.40 -18.45 60.98 21.00
09:00:04 27.15 -30.30 58.32 21.02
09:00:04 28.35 -32.85 56.39 21.02
09:00:04 29.85 -37.80 56.14 20.97
09:00:05 29.10 -49.05 45.01 21.02
09:00:05 29.40 -49.95 41.87 21.11
09:00:05 30.00 -50.85 32.67 21.02
09:00:05 31.05 -44.25 24.20 21.24
09:00:06 33.15 -31.20 23.47 21.06
09:00:06 32.70 -25.20 22.02 20.88
09:00:06 31.65 -15.30 29.04 21.06
09:00:07 30.75 -12.60 44.77 21.11
09:00:07 29.55 -19.95 53.24 21.04
09:00:07 30.45 -28.65 54.45 21.15
09:00:07 30.30 -39.60 51.30 21.06
09:00:08 30.30 -48.15 42.11 21.06
09:00:08 30.60 -47.85 30.73 21.19
09:00:08 31.20 -40.65 20.33 20.91
09:00:08 31.20 -36.00 18.63 21.08
09:00:09 31.95 -26.70 22.75 20.95
09:00:09 34.20 -26.40 39.45 21.24
09:00:09 32.25 -31.95 57.60 21.26
09:00:09 23.40 -36.45 70.42 20.91
09:00:10 15.00 -44.40 72.36 21.11
09:00:10 9.60 -50.55 72.12 20.86
09:00:10 1.50 -61.50 69.21 21.04
09:00:11 -11.85 -64.50 67.52 21.15
09:00:11 -13.05 -70.05 45.50 21.00
09:00:11 -13.80 -77.10 26.14 21.04
09:00:11 -15.90 -55.65 -4.60 21.08
09:00:12 -15.75 -19.35 -11.62 20.93
09:00:12 -15.90 9.30 7.26 21.08
09:00:12 -16.65 15.15 30.73 20.95
09:00:12 -18.15 12.75 65.34 20.95
09:00:13 -16.05 -4.35 79.13 21.08
09:00:13 -16.50 -22.80 78.41 21.11
09:00:13 -15.60 -52.80 58.81 21.11
09:00:14 -14.55 -74.10 25.17 21.11
09:00:14 -12.75 -73.20 -1.94 21.08
09:00:14 -11.70 -58.50 -10.41 20.91
09:00:14 -12.15 -28.95 -10.16 21.02
09:00:15 -11.10 -2.10 9.92 20.86
09:00:15 -10.20 15.45 36.78 21.11
09:00:15 -10.80 13.65 56.87 21.26
09:00:15 -11.55 -8.55 76.96 21.24
09:00:16 -11.55 -21.15 80.10 21.04
09:00:16 -11.40 -48.75 77.68 21.08
09:00:16 -10.35 -78.00 30.25 21.02
09:00:17 -8.85 -65.25 1.94 21.15
09:00:17 -9.90 -49.65 -8.23 21.13
09:00:17 -9.45 -36.75 -11.62 21.00
09:00:17 -9.90 -13.20 -9.20 21.11
09:00:18 -12.15 4.20 0.24 21.11
09:00:18 -15.60 14.70 25.17 21.22
09:00:18 -14.25 15.30 52.03 21.08
09:00:18 -13.65 3.30 74.05 21.04
09:00:19 -15.75 -30.90 77.68 21.22
09:00:19 -15.00 -62.55 56.39 21.02
09:00:19 -14.85 -77.40 22.26 21.04
09:00:20 -13.80 -69.15 2.90 21.08
09:00:20 -15.60 -56.10 -8.71 21.06
09:00:20 -18.60 -46.80 -11.13 20.95
09:00:20 -18.15 -15.75 -1.94 21.00
09:00:21 -17.40 2.10 22.26 21.19
09:00:21 -19.05 14.70 42.83 21.15
09:00:21 -19.95 12.90 56.87 21.08
09:00:21 -19.80 6.60 67.52 21.13
09:00:22 -20.70 -3.45 70.18 21.02
09:00:22 -21.45 -3.60 70.66 21.17
09:00:22 -21.60 -23.85 79.38 21.13
09:00:22 -21.45 -44.55 77.44 21.04
09:00:23 -21.30 -46.05 77.44 20.91
09:00:23 -22.05 -44.40 78.17 21.22
09:00:23 -20.70 -49.20 63.89 21.08
09:00:24 -19.05 -75.45 49.61 21.13
09:00:24 -20.40 -77.70 27.10 21.19
09:00:24 -18.15 -67.80 7.74 21.15
09:00:24 -17.70 -63.60 0.73 21.02
09:00:25 -20.25 -33.90 -10.65 21.11
09:00:25 -21.45 -10.35 -6.29 21.15
09:00:25 -21.60 2.55 20.81 21.24
09:00:25 -26.55 12.30 53.97 21.13
09:00:26 -28.05 -3.60 75.02 21.17
09:00:26 -27.75 -32.25 76.23 21.08
09:00:26 -27.90 -61.80 54.93 21.00
09:00:27 -27.15 -75.75 24.93 21.19
09:00:27 -26.10 -64.20 2.18 21.11
09:00:27 -25.50 -46.95 -7.02 21.11
09:00:27 -27.00 -18.15 -7.50 21.06
09:00:28 -30.75 1.35 3.63 21.15
09:00:28 -34.50 9.60 24.68 21.15
09:00:28 -36.30 9.30 36.54 21.06
09:00:28 -36.75 1.65 52.27 21.08
09:00:29 -37.80 -3.60 59.53 21.04
09:00:29 -37.95 -10.80 66.55 21.02
09:00:29 -37.50 -34.65 73.08 21.06
09:00:30 -37.95 -50.25 68.49 21.11
09:00:30 -38.25 -66.45 46.46 21.11
09:00:30 -36.90 -71.55 27.59 21.02
09:00:30 -34.35 -63.60 1.45 21.15
09:00:31 -38.25 -44.85 -2.90 21.11
09:00:31 -42.75 -31.05 0.00 21.28
09:00:31 -43.35 -14.40 7.02 21.02
09:00:31 -43.65 -6.15 15.00 21.06
09:00:32 -43.05 4.05 36.54 21.19
09:00:32 -44.25 -6.15 58.81 21.13
09:00:32 -44.25 -24.60 66.79 21.37
09:00:33 -43.65 -47.25 62.68 21.11
09:00:33 -43.80 -60.30 46.95 21.17
09:00:33 -42.45 -66.75 25.89 21.22
09:00:33 -41.55 -65.70 15.25 21.11
09:00:34 -41.10 -47.40 0.73 21.22
09:00:34 -42.75 -31.95 -1.21 21.04
09:00:34 -41.55 -16.35 5.08 21.17
09:00:34 -42.45 -0.15 25.65 21.17
09:00:35 -44.85 2.70 52.03 20.95
09:00:35 -44.25 -8.85 63.65 20.97
09:00:35 -45.15 -34.65 65.10 21.04
09:00:36 -43.50 -46.95 64.13 21.08
09:00:36 -39.90 -56.85 56.87 21.22
09:00:36 -42.45 -68.70 22.26 21.19
09:00:36 -42.15 -61.80 8.71 21.19
09:00:37 -42.90 -43.80 -0.48 21.00
09:00:37 -45.45 -28.65 0.48 21.00
09:00:37 -48.00 -12.60 8.71 21.06
09:00:37 -47.70 -0.90 22.99 21.22
09:00:38 -46.20 3.00 38.96 21.17
09:00:38 -46.20 -2.40 49.13 21.31
09:00:38 -45.60 -4.65 56.87 21.15
09:00:38 -46.35 -28.65 67.76 21.08
09:00:39 -46.05 -56.25 56.87 21.15
09:00:39 -44.70 -66.75 30.98 21.06
09:00:39 -43.80 -48.30 4.36 21.11
09:00:40 -43.95 -43.80 0.48 21.22
09:00:40 -43.50 -16.20 3.87 21.31
09:00:40 -44.40 1.80 43.56 20.97
09:00:40 -42.90 -1.35 61.23 21.02
09:00:41 -42.75 -12.30 63.40 21.33
09:00:41 -40.80 -50.85 64.37 21.06
09:00:41 -40.95 -68.25 31.22 21.02
09:00:41 -42.00 -66.30 7.26 21.08
09:00:42 -41.10 -51.15 2.42 21.02
09:00:42 -40.65 -30.45 -2.42 21.17
09:00:42 -40.50 -6.15 5.32 21.11
09:00:43 -38.40 7.05 42.35 21.15
09:00:43 -37.05 8.10 58.32 21.11
09:00:43 -33.75 -5.10 66.31 21.06
09:00:43 -34.80 -34.20 74.54 21.15
09:00:44 -34.50 -69.45 52.27 21.13
09:00:44 -34.05 -68.70 15.49 21.08
09:00:44 -33.75 -56.55 -5.57 21.17
09:00:44 -32.85 -38.70 -6.05 21.00
09:00:45 -31.05 -7.80 0.24 21.15
09:00:45 -31.05 9.30 15.97 21.04
09:00:45 -28.35 12.90 40.66 21.13
09:00:46 -26.85 -3.15 67.76 21.06
09:00:46 -28.05 -28.65 73.57 21.11
09:00:46 -27.60 -57.90 46.22 21.08
09:00:46 -25.05 -76.20 31.70 21.11
09:00:47 -25.35 -69.90 11.37 20.97
09:00:47 -25.95 -48.60 -7.99 21.04
09:00:47 -24.75 -22.50 -9.20 21.22
09:00:47 -25.50 5.70 2.90 21.31
09:00:48 -23.40 12.90 33.15 21.08
09:00:48 -21.00 15.00 47.92 20.97
09:00:48 -20.85 6.45 60.26 21.13
09:00:49 -20.70 -22.05 78.65 21.11
09:00:49 -20.85 -54.00 73.33 21.15
09:00:49 -19.95 -68.10 40.41 20.97
09:00:49 -18.60 -78.15 14.76 21.11
09:00:50 -17.25 -39.30 -11.37 21.08
09:00:50 -17.25 -19.80 -11.62 21.19
09:00:50 -15.90 3.90 2.42 21.04
09:00:50 -17.85 9.45 30.25 21.31
09:00:51 -14.40 16.05 37.27 21.13
09:00:51 -14.40 2.85 65.10 21.17
09:00:51 -13.80 -27.75 80.34 21.00
09:00:52 -14.10 -67.50 57.35 21.15
09:00:52 -14.10 -76.65 20.57 21.04
09:00:52 -12.30 -74.25 10.16 21.19
09:00:52 -11.55 -61.80 -0.48 21.13
09:00:53 -10.95 -57.15 -5.81 21.26
09:00:53 -10.80 -52.65 -5.57 21.24
09:00:53 -12.75 -48.90 -8.95 21.24
09:00:53 -16.65 -52.80 -6.05 21.17
09:00:54 -17.70 -49.20 -7.74 21.22
09:00:54 -18.90 -45.45 -8.95 21.13
09:00:54 -21.90 -44.25 -9.20 21.22
09:00:54 -22.50 -42.30 -9.44 21.19
09:00:55 -22.05 -39.60 -10.16 21.08
09:00:55 -21.00 -30.90 -12.10 21.15
09:00:55 -20.10 -9.60 -7.02 21.26
09:00:56 -18.15 0.90 9.44 21.24
09:00:56 -22.35 14.40 30.98 21.24
09:00:56 -24.90 11.25 55.42 21.13
09:00:56 -21.15 -10.05 75.75 21.33
09:00:57 -21.30 -39.45 78.65 21.24
09:00:57 -21.30 -61.35 66.31 21.08
09:00:57 -20.85 -73.80 41.62 21.13
09:00:57 -16.65 -75.75 6.78 21.00
09:00:58 -19.35 -61.65 -5.57 21.13
09:00:58 -24.15 -37.05 -11.37 21.11
09:00:58 -24.60 -18.15 -8.71 21.24
09:00:59 -24.45 -1.05 -0.97 21.11
09:00:59 -27.00 11.85 21.54 21.17
09:00:59 -23.85 11.25 46.22 21.28
09:00:59 -22.65 -1.35 67.52 21.13
09:01:00 -21.60 -15.45 78.89 21.19
09:01:00 -23.25 -44.25 69.70 21.22
09:01:00 -26.70 -65.40 53.72 21.15
09:01:00 -25.95 -75.75 37.27 20.91
09:01:01 -26.85 -69.75 10.16 21.17
09:01:01 -26.40 -61.35 0.48 21.04
09:01:01 -24.00 -38.85 -9.20 21.13
09:01:02 -25.35 -19.05 -10.16 21.24
09:01:02 -23.10 -3.00 -0.48 21.11
09:01:02 -22.50 8.85 14.04 21.13
09:01:02 -21.45 14.55 45.74 21.13
09:01:03 -23.70 12.00 60.98 21.11
09:01:03 -30.45 -2.55 67.52 21.19
09:01:03 -29.40 -22.20 76.47 21.08
09:01:03 -30.45 -50.10 73.08 21.15
09:01:04 -31.05 -65.25 61.47 21.06
09:01:04 -30.45 -73.95 37.51 21.02
09:01:04 -32.85 -70.95 23.72 21.04
09:01:05 -32.40 -64.80 7.26 21.24
09:01:05 -30.60 -50.40 -6.53 21.22
09:01:05 -34.05 -39.00 -7.50 21.15
09:01:05 -38.10 -8.70 1.21 21.11
09:01:06 -37.65 5.70 20.57 21.11
09:01:06 -38.10 7.35 35.09 21.19
09:01:06 -35.85 -0.90 58.08 21.00
09:01:07 -35.25 -23.10 71.39 21.06
09:01:07 -33.60 -49.05 70.66 21.24
09:01:07 -34.35 -67.80 47.67 21.19
09:01:07 -33.45 -68.40 9.92 21.08
09:01:08 -35.70 -56.70 -2.42 21.19
09:01:08 -39.15 -35.70 -2.90 21.15
09:01:08 -42.30 -16.35 1.69 21.13
09:01:08 -41.55 -2.25 11.62 21.15
09:01:09 -42.30 2.55 29.04 21.15
09:01:09 -44.40 1.50 42.11 21.06
09:01:09 -44.40 -5.70 56.14 21.22
09:01:09 -45.00 -16.50 63.16 21.19
09:01:10 -44.85 -31.50 62.68 21.15
09:01:10 -46.65 -54.90 44.04 21.28
09:01:10 -47.85 -64.20 24.44 21.08
09:01:11 -47.40 -57.00 10.65 21.33
09:01:11 -48.00 -41.55 2.90 21.08
09:01:11 -48.90 -22.35 5.32 21.19
09:01:11 -49.05 -11.25 10.65 21.22
09:01:12 -48.15 -3.90 21.78 21.26
09:01:12 -49.20 -2.10 37.99 21.15
09:01:12 -47.70 -9.30 51.30 21.17
09:01:12 -48.45 -32.10 61.23 21.15
09:01:13 -46.65 -40.50 59.53 21.15
09:01:13 -50.55 -55.35 47.67 21.19
09:01:13 -48.15 -59.85 24.20 21.24
09:01:13 -48.75 -45.00 7.02 21.15
09:01:14 -48.00 -20.40 8.95 21.22
09:01:14 -48.45 -7.20 22.99 21.19
09:01:14 -49.20 -3.30 34.12 21.22
09:01:15 -48.45 -4.35 49.37 21.22
09:01:15 -50.10 -9.75 55.18 21.22
09:01:15 -49.50 -21.15 60.50 21.13
09:01:15 -50.70 -39.60 50.82 21.13
09:01:16 -51.15 -55.65 36.30 21.26
09:01:16 -51.30 -58.35 17.18 21.08
09:01:16 -50.40 -45.45 5.08 21.13
09:01:16 -52.20 -20.40 13.79 21.19
09:01:17 -52.35 -4.80 27.59 21.15
09:01:17 -50.25 -7.65 51.06 21.22
09:01:17 -49.65 -17.10 59.53 21.19
09:01:18 -50.85 -33.45 61.23 21.24
09:01:18 -50.55 -48.00 52.51 21.24
09:01:18 -49.95 -61.65 35.09 21.24
09:01:18 -49.35 -55.35 12.34 21.00
09:01:19 -47.55 -48.15 4.36 21.11
09:01:19 -49.05 -36.00 4.60 21.19
09:01:19 -50.55 -25.35 8.71 21.26
09:01:19 -49.95 -10.80 22.51 21.06
09:01:20 -49.20 -3.75 24.93 21.22
09:01:20 -46.35 -1.95 42.59 21.11
09:01:20 -45.45 -2.25 51.06 20.91
09:01:21 -46.65 -8.40 62.44 21.24
09:01:21 -47.85 -23.25 61.47 21.22
09:01:21 -47.25 -52.20 45.25 21.08
09:01:21 -46.20 -61.95 15.49 21.04
09:01:22 -46.65 -30.60 3.87 21.15
09:01:22 -47.25 -27.75 9.20 21.11
09:01:22 -44.55 -1.80 23.47 21.15
09:01:23 -43.05 2.55 42.83 21.08
09:01:23 -44.10 -11.55 60.02 21.19
09:01:23 -44.40 -39.75 66.31 21.26
09:01:23 -43.20 -60.00 57.60 21.26
09:01:24 -41.70 -68.40 36.06 21.26
09:01:24 -42.00 -58.65 10.89 21.11
09:01:24 -43.35 -37.50 -1.21 21.17
09:01:24 -43.20 -26.25 -0.73 21.11
09:01:25 -40.65 -22.20 -1.94 21.26
09:01:25 -35.10 8.25 22.02 21.13
09:01:25 -34.95 9.45 34.36 21.13
09:01:25 -36.00 -0.60 58.08 21.17
09:01:26 -35.10 -21.30 72.12 21.17
09:01:26 -35.40 -42.00 71.63 21.00
09:01:26 -34.95 -60.90 34.85 21.19
09:01:26 -32.85 -73.05 15.00 21.04
09:01:27 -33.45 -63.45 6.78 21.17
09:01:27 -32.25 -36.15 -7.02 21.15
09:01:27 -33.15 -11.25 -4.36 21.22
09:01:28 -34.65 -13.20 -3.63 21.28
09:01:28 -33.60 -12.60 -3.39 21.26
09:01:28 -31.35 9.45 15.49 21.19
09:01:28 -31.35 11.10 41.38 21.28
09:01:29 -30.75 3.30 71.87 21.22
09:01:29 -29.85 -7.65 75.02 21.28
09:01:29 -31.80 -34.50 75.26 21.33
09:01:29 -30.60 -50.85 70.91 21.22
09:01:30 -28.65 -74.85 41.38 21.04
09:01:30 -31.50 -72.60 11.62 21.19
09:01:30 -29.25 -65.10 -5.32 21.22
09:01:31 -27.30 -38.40 -7.50 21.17
09:01:31 -28.35 -19.20 -6.05 21.04
09:01:31 -27.00 -13.80 -6.29 21.11
09:01:31 -28.20 -16.20 -8.71 21.15
09:01:32 -26.25 -14.55 -7.74 21.08
09:01:32 -25.35 5.55 11.13 21.08
09:01:32 -26.10 7.95 30.98 21.26
09:01:32 -25.65 14.10 38.24 21.28
09:01:33 -26.25 -8.85 71.39 21.22
09:01:33 -24.45 -45.45 75.02 21.31
09:01:33 -24.90 -53.25 57.11 21.24
09:01:34 -23.70 -76.05 37.03 21.17
09:01:34 -23.40 -72.00 12.83 21.17
09:01:34 -21.75 -51.15 -8.23 21.08
09:01:34 -21.45 -48.15 -6.78 21.08
09:01:35 -27.60 -49.05 -4.36 21.24
09:01:35 -31.05 -48.45 -3.87 21.26
09:01:35 -31.65 -44.85 -5.32 21.28
09:01:35 -30.15 -30.60 -8.23 21.28
09:01:36 -27.90 -13.05 0.00 21.19
09:01:36 -28.65 4.50 14.04 21.22
09:01:36 -31.50 12.15 38.24 21.04
09:01:37 -31.05 4.50 58.56 21.26
09:01:37 -30.60 -20.70 75.02 21.22
09:01:37 -31.35 -46.50 73.57 21.28
09:01:37 -30.90 -64.65 55.66 21.22
09:01:38 -30.75 -73.35 31.22 21.26
09:01:38 -32.25 -71.55 20.09 21.13
09:01:38 -32.55 -69.75 14.76 21.04
09:01:39 -28.80 -67.20 -6.29 21.24
09:01:39 -27.30 -36.45 -9.20 21.15
09:01:39 -25.95 -6.00 -2.18 21.33
09:01:39 -29.55 10.65 17.42 21.24
09:01:40 -26.55 12.00 17.91 21.15
09:01:40 -22.35 9.15 11.86 21.19
09:01:40 -28.20 12.30 40.90 21.17
09:01:40 -27.45 -0.15 64.13 21.00
09:01:41 -26.40 -23.40 77.92 21.22
09:01:41 -27.00 -41.70 66.55 21.15
09:01:41 -28.05 -67.50 52.27 21.22
09:01:41 -27.30 -75.30 29.04 21.28
09:01:42 -26.55 -59.10 1.45 21.22
09:01:42 -27.15 -34.05 -8.71 21.28
09:01:42 -26.70 -10.80 -3.15 21.42
09:01:42 -25.20 -2.85 7.74 21.22
09:01:43 -28.80 10.95 18.39 21.22
09:01:43 -30.00 6.90 53.48 21.19
09:01:43 -32.25 -14.70 75.50 21.17
09:01:44 -34.50 -32.40 74.78 21.31
09:01:44 -32.70 -63.15 61.95 21.15
09:01:44 -33.45 -65.40 59.29 21.17
09:01:44 -30.60 -73.95 31.46 21.11
09:01:45 -29.70 -55.35 -2.42 21.08
09:01:45 -28.95 -48.75 -9.44 21.13
09:01:45 -28.50 -28.80 -9.68 21.17
09:01:45 -28.65 4.05 7.74 21.15
09:01:46 -31.20 11.40 34.61 21.24
09:01:46 -33.45 9.15 51.30 21.24
09:01:46 -37.05 1.95 55.90 21.24
09:01:47 -36.45 -20.10 71.39 21.31
09:01:47 -36.00 -53.55 68.00 21.19
09:01:47 -36.75 -67.35 40.66 21.24
09:01:47 -34.95 -71.25 30.98 21.19
09:01:48 -35.40 -63.45 10.16 21.19
09:01:48 -35.10 -39.00 -4.84 21.31
09:01:48 -34.35 -30.30 -6.05 21.31
09:01:49 -34.65 -22.95 -5.32 21.11
09:01:49 -37.20 3.15 11.13 21.31
09:01:49 -36.90 7.65 45.98 21.19
09:01:49 -36.30 2.25 60.74 21.26
09:01:50 -32.10 -8.10 64.86 21.17
09:01:50 -40.95 -33.00 67.52 21.19
09:01:50 -43.65 -61.80 46.46 21.19
09:01:50 -42.60 -67.95 33.15 21.24
09:01:51 -43.95 -63.00 21.78 21.17
09:01:51 -42.15 -62.85 12.83 21.24
09:01:51 -43.05 -24.15 -1.69 21.37
09:01:51 -42.75 1.35 18.88 21.24
09:01:52 -43.35 -6.45 55.90 21.35
09:01:52 -43.80 -27.30 61.23 21.31
09:01:52 -45.00 -48.60 51.06 21.15
09:01:53 -43.65 -63.30 46.71 21.35
09:01:53 -46.35 -57.30 24.20 21.22
09:01:53 -49.95 -51.60 14.28 21.24
09:01:53 -48.75 -39.30 4.84 21.46
09:01:54 -48.60 -27.45 11.62 21.35
09:01:54 -49.05 -7.50 20.33 21.19
09:01:54 -49.95 -5.40 45.01 21.31
09:01:55 -49.80 -27.60 60.74 21.15
09:01:55 -49.65 -40.50 57.11 21.33
09:01:55 -50.25 -42.60 57.84 21.35
09:01:55 -49.50 -58.65 40.41 21.19
09:01:56 -50.70 -58.50 28.56 21.37
09:01:56 -49.80 -59.70 25.89 21.24
09:01:56 -49.50 -48.15 13.07 21.22
09:01:56 -51.90 -21.30 11.13 21.33
09:01:57 -52.35 -15.45 25.65 21.15
09:01:57 -54.75 -12.60 35.82 21.17
09:01:57 -55.95 -19.65 42.83 21.28
09:01:57 -55.95 -35.55 49.13 21.44
09:01:58 -56.10 -45.30 43.80 21.44
09:01:58 -56.40 -41.70 37.03 21.37
09:01:58 -55.80 -49.20 31.94 21.28
09:01:58 -54.60 -39.00 15.97 21.39
09:01:59 -55.65 -20.25 22.26 21.44
09:01:59 -55.20 -14.40 32.67 21.37
09:01:59 -55.35 -13.20 35.82 21.57
09:02:00 -53.55 -15.45 44.53 21.31
09:02:00 -53.55 -28.50 53.48 21.17
09:02:00 -53.55 -48.75 43.08 21.42
09:02:00 -54.60 -52.05 22.26 21.37
09:02:01 -53.85 -49.50 16.46 21.44
09:02:01 -52.50 -31.80 10.89 21.22
09:02:01 -52.35 -22.80 10.41 21.28
09:02:01 -51.45 -4.65 37.99 21.26
09:02:02 -49.05 -1.65 50.09 21.24
09:02:02 -46.50 -10.80 62.92 21.24
09:02:02 -44.25 -32.85 65.58 21.39
09:02:03 -44.55 -65.40 42.59 21.19
09:02:03 -45.75 -63.30 14.28 21.26
09:02:03 -46.20 -59.40 13.55 21.44
09:02:03 -44.10 -37.50 4.36 21.50
09:02:04 -42.45 -16.35 -1.45 21.33
09:02:04 -38.85 -12.30 -0.24 21.13
09:02:04 -38.70 5.70 15.00 21.33
09:02:04 -36.75 8.40 37.51 21.42
09:02:05 -40.05 5.25 62.44 21.28
09:02:05 -37.65 -5.40 66.79 21.24
09:02:06 -36.30 -31.65 72.12 21.37
09:02:06 -37.50 -56.55 65.82 21.37
09:02:06 -37.50 -68.55 46.46 21.24
09:02:06 -37.05 -71.10 18.63 21.31
09:02:06 -35.55 -66.75 6.53 21.19
09:02:07 -35.10 -35.55 -5.08 21.22
09:02:07 -37.35 -40.80 -4.84 21.22
09:02:07 -34.35 -12.30 -3.87 21.24
09:02:07 -34.65 2.70 9.68 21.46
09:02:08 -37.80 1.65 19.84 21.28
09:02:08 -42.60 4.20 34.85 21.26
09:02:08 -40.20 -0.45 59.77 21.35
09:02:09 -38.70 -11.70 66.31 21.42
09:02:09 -48.30 -33.75 64.37 21.24
09:02:09 -45.15 -51.45 56.63 21.44
09:02:09 -37.65 -72.45 23.47 21.42
09:02:10 -36.00 -60.90 5.81 21.19
09:02:10 -39.30 -36.60 -5.57 21.44
09:02:10 -36.30 -7.35 4.36 21.42
09:02:10 -40.05 2.85 29.52 21.33
09:02:11 -44.85 0.15 50.58 21.39
09:02:11 -41.70 -14.55 66.31 21.46
09:02:11 -42.00 -34.65 67.28 21.33
09:02:12 -42.30 -55.80 56.63 21.46
09:02:12 -41.10 -66.75 39.69 21.35
09:02:12 -44.10 -61.20 11.13 21.33
09:02:12 -40.50 -45.60 -1.69 21.42
09:02:13 -42.15 -27.90 0.24 21.42
09:02:13 -42.30 -3.45 22.26 21.33
09:02:13 -44.25 1.50 45.50 21.44
09:02:13 -41.10 -7.95 64.86 21.39
09:02:14 -40.80 -27.00 68.24 21.37
09:02:14 -43.95 -62.40 41.38 21.37
09:02:14 -47.25 -58.20 19.84 21.33
09:02:15 -51.75 -44.40 10.41 21.22
09:02:15 -49.65 -33.60 7.26 21.35
09:02:15 -51.00 -13.50 22.02 21.28
09:02:15 -53.25 -10.05 36.78 21.44
09:02:16 -53.25 -13.05 45.98 21.28
09:02:16 -54.75 -20.55 50.34 21.31
09:02:16 -54.15 -43.20 46.71 21.46
09:02:16 -56.25 -45.30 32.43 21.26
09:02:17 -57.60 -37.80 19.60 21.35
09:02:17 -55.35 -27.15 16.70 21.50
09:02:17 -55.65 -17.55 26.14 21.55
09:02:17 -55.35 -15.90 39.20 21.46
09:02:18 -57.00 -27.90 46.22 21.42
09:02:18 -57.00 -39.30 40.41 21.42
09:02:18 -56.55 -45.00 34.12 21.31
09:02:19 -57.15 -41.40 28.31 21.53
09:02:19 -57.45 -33.90 22.26 21.46
09:02:19 -56.55 -27.45 21.78 21.50
09:02:19 -56.70 -23.70 25.17 21.57
09:02:20 -57.60 -25.20 38.96 21.26
09:02:20 -58.35 -32.10 39.93 21.44
09:02:20 -57.45 -35.70 45.50 21.22
09:02:20 -57.15 -44.55 36.06 21.42
09:02:21 -57.00 -41.40 22.26 21.35
09:02:21 -55.20 -24.45 16.21 21.57
09:02:22 -54.30 -11.25 37.03 21.35
09:02:22 -53.40 -19.20 52.51 21.37
09:02:22 -53.10 -29.40 57.11 21.46
09:02:22 -50.85 -50.85 50.09 21.31
09:02:22 -50.25 -59.55 31.22 21.48
09:02:23 -47.55 -58.35 13.07 21.48
09:02:23 -46.35 -44.40 4.11 21.28
09:02:23 -46.05 -8.10 15.00 21.53
09:02:23 -49.65 -3.45 42.35 21.39
09:02:24 -47.85 -21.90 58.56 21.46
09:02:24 -52.05 -38.55 55.18 21.50
09:02:24 -51.60 -55.35 39.93 21.39
09:02:25 -51.15 -53.25 18.88 21.31
09:02:25 -49.95 -33.45 5.81 21.35
09:02:25 -48.75 -7.05 17.91 21.59
09:02:25 -47.25 -1.50 44.53 21.44
09:02:26 -47.25 -26.10 61.95 21.39
09:02:26 -45.75 -57.00 36.54 21.24
09:02:26 -47.55 -58.35 16.21 21.35
09:02:26 -49.80 -38.10 4.36 21.53
09:02:27 -46.50 -19.50 4.84 21.39
09:02:27 -45.15 -4.35 20.57 21.46
09:02:27 -46.50 0.45 38.48 21.50
09:02:28 -46.95 -9.60 60.26 21.35
09:02:28 -48.75 -30.00 59.77 21.44
09:02:28 -52.80 -49.35 44.53 21.33
09:02:28 -51.60 -57.00 37.75 21.39
09:02:29 -50.25 -57.15 27.10 21.66
09:02:29 -51.60 -43.05 7.26 21.50
09:02:29 -49.05 -21.30 5.57 21.50
09:02:29 -45.75 -6.15 17.67 21.31
09:02:30 -48.75 -1.50 33.15 21.50
09:02:30 -39.45 5.85 54.93 21.55
09:02:30 -16.65 5.10 63.16 21.53
09:02:31 -5.40 5.40 61.47 21.53
09:02:31 3.75 1.65 64.13 21.37
09:02:31 7.95 -0.45 59.29 21.28
09:02:31 8.55 -2.55 66.07 21.37
09:02:32 7.05 -13.95 75.02 21.33
09:02:32 8.25 -22.35 77.44 21.37
09:02:32 5.55 -31.20 78.41 21.44
09:02:32 2.55 -32.55 79.86 21.46
09:02:33 -2.55 -34.05 80.59 21.33
09:02:33 -6.90 -34.65 81.31 21.24
09:02:33 -4.35 -34.80 80.59 21.31
09:02:33 -3.60 -33.60 80.59 21.28
09:02:34 -1.05 -34.05 79.38 21.37
09:02:34 7.20 -36.60 75.50 21.33
09:02:34 12.00 -34.80 73.81 21.46
09:02:35 13.80 -37.05 73.57 21.46
09:02:35 14.10 -36.00 74.05 21.33
09:02:35 12.75 -34.95 75.02 21.35
09:02:35 10.35 -32.85 76.47 21.26
09:02:36 10.80 -33.60 75.50 21.28
09:02:36 12.15 -33.90 74.78 21.39
09:02:36 13.20 -34.50 74.05 21.42
09:02:36 14.40 -34.35 73.81 21.55
09:02:37 13.80 -33.90 74.05 21.31
09:02:37 13.50 -33.45 74.29 21.48
09:02:38 13.65 -33.60 74.29 21.46
09:02:38 14.40 -33.00 73.81 21.35
09:02:38 14.25 -32.40 73.57 21.48
09:02:38 14.25 -32.70 74.05 21.42
09:02:38 14.40 -31.95 73.33 21.33
09:02:39 14.85 -32.10 73.57 21.35
