16.80 -14.40 -19.12 24.49
16.35 -15.00 -19.12 24.54
16.20 -17.55 -21.30 24.54
16.05 -21.60 -22.02 24.56
18.15 -21.15 -20.81 24.69
22.05 -23.85 -20.81 24.45
24.75 -23.85 -20.09 24.49
24.30 -23.70 -20.09 24.54
23.85 -20.55 -19.36 24.40
24.15 -21.45 -19.12 24.56
27.00 -27.75 -20.09 24.38
26.10 -32.85 -21.78 24.49
24.75 -30.45 -20.09 24.40
25.05 -25.05 -19.60 24.58
22.95 -9.90 -13.07 24.36
21.15 -3.90 -6.29 24.29
23.85 4.95 5.08 24.49
22.65 8.40 23.23 24.47
23.40 8.55 31.46 24.38
23.55 4.95 41.38 24.42
23.25 -3.45 52.51 24.40
22.80 -8.55 62.92 24.62
25.20 -21.30 65.10 24.54
25.05 -43.20 67.03 24.34
25.20 -58.35 60.26 24.36
25.50 -63.90 58.56 24.45
24.90 -75.15 46.46 24.60
26.25 -79.65 22.26 24.47
27.00 -80.85 16.94 24.36
27.60 -74.70 1.21 24.38
26.70 -64.05 -15.49 24.56
27.75 -55.50 -17.18 24.58
26.40 -39.75 -21.54 24.31
25.50 -20.70 -18.39 24.40
25.80 -14.70 -10.16 24.34
24.15 -2.85 -7.26 24.49
25.50 2.10 -0.24 24.47
23.70 8.25 13.79 24.58
23.55 8.40 29.77 24.42
22.65 7.35 35.57 24.69
20.40 2.70 48.40 24.38
17.85 -2.85 52.03 24.42
17.70 -11.55 60.50 24.49
19.05 -14.70 67.03 24.42
19.20 -27.90 69.21 24.40
18.00 -38.10 69.45 24.49
16.80 -53.25 67.52 24.49
19.50 -62.70 56.14 24.49
19.80 -71.85 50.58 24.51
20.40 -80.55 36.06 24.47
20.55 -82.80 23.23 24.56
19.50 -82.95 9.44 24.45
20.70 -79.95 5.08 24.56
19.50 -71.40 -9.44 24.31
19.20 -51.75 -19.84 24.36
19.20 -45.30 -23.72 24.40
20.70 -36.60 -22.99 24.40
19.80 -22.80 -21.54 24.51
18.75 -7.05 -15.97 24.40
12.90 -7.65 -12.10 24.31
10.50 5.10 1.45 24.42
9.45 8.70 23.96 24.31
9.45 9.75 33.40 24.40
7.65 -0.30 53.72 24.71
6.90 -21.60 66.55 24.40
9.00 -42.90 67.28 24.67
8.70 -59.70 57.60 24.62
10.50 -81.30 37.75 24.54
10.05 -82.20 9.92 24.60
9.75 -67.20 -18.63 24.31
10.35 -54.00 -23.23 24.51
9.45 -29.55 -22.99 24.62
6.90 -12.00 -16.94 24.58
7.50 -2.25 -4.36 24.42
8.40 5.85 18.15 24.45
7.50 9.00 33.15 24.45
5.55 -2.70 53.97 24.56
7.50 -19.20 66.79 24.56
7.05 -26.25 70.42 24.45
7.65 -43.65 69.45 24.38
7.35 -71.85 53.24 24.31
8.55 -84.15 33.64 24.47
10.05 -82.35 -4.60 24.45
8.40 -72.60 -12.34 24.40
7.80 -60.60 -18.15 24.65
6.15 -37.50 -23.72 24.58
6.15 -14.85 -20.57 24.47
3.90 -0.15 -8.71 24.42
1.95 1.95 9.20 24.42
0.45 7.95 17.18 24.49
-0.30 7.95 35.57 24.56
0.15 -4.65 55.18 24.31
-1.20 -24.30 66.55 24.54
-0.75 -30.45 68.49 24.42
-0.30 -46.05 68.00 24.25
-0.15 -63.60 60.98 24.34
-0.60 -77.25 50.58 24.38
-0.45 -82.95 30.01 24.49
0.45 -83.70 8.23 24.62
0.90 -78.75 -0.48 24.58
-0.30 -65.25 -14.28 24.49
-1.65 -50.85 -20.57 24.42
-0.90 -28.05 -22.26 24.60
-1.95 -14.40 -16.94 24.42
0.90 -15.45 -10.16 24.34
-5.25 -3.75 -5.08 24.31
-5.85 -1.65 -1.69 24.60
-6.15 6.60 16.46 24.47
-6.75 5.25 31.94 24.40
-7.20 -2.55 51.55 24.27
-6.00 -7.95 60.98 24.49
-9.15 -18.60 63.16 24.38
-8.25 -27.60 65.58 24.47
-8.55 -49.50 64.86 24.47
-8.40 -62.10 58.81 24.42
-7.05 -74.10 46.71 24.36
-5.85 -81.30 30.73 24.42
-7.20 -81.15 17.91 24.38
-6.45 -77.85 7.99 24.36
-7.50 -66.15 -10.16 24.45
-7.80 -52.50 -16.21 24.47
-8.40 -39.15 -20.09 24.56
-7.80 -34.35 -20.09 24.47
-8.10 -19.50 -16.46 24.51
-7.35 -1.20 -5.32 24.29
-8.25 1.95 3.39 24.40
-6.75 5.85 29.77 24.42
-6.90 5.40 44.29 24.34
-8.70 -3.75 54.21 24.65
-7.50 -18.75 65.10 24.42
-6.45 -39.60 67.03 24.51
-8.40 -59.85 61.47 24.47
-9.00 -75.60 47.19 24.29
-6.60 -81.15 18.39 24.34
-7.35 -78.00 1.94 24.42
-9.60 -73.35 -6.05 24.40
-7.95 -64.20 -14.52 24.45
-9.75 -55.20 -18.15 24.16
-9.30 -46.50 -20.09 24.56
-10.20 -32.10 -19.36 24.38
-9.15 -15.75 -15.25 24.47
-8.25 -2.55 -2.42 24.45
-7.20 5.40 7.50 24.49
-4.50 7.80 36.78 24.54
-6.30 3.90 45.01 24.54
-5.85 0.00 50.58 24.40
-6.30 -17.55 63.16 24.49
-5.70 -38.55 68.49 24.42
-3.15 -55.65 65.58 24.49
-0.45 -64.50 51.06 24.34
-2.55 -73.95 43.32 24.38
-1.80 -83.40 19.84 24.38
-2.40 -79.65 5.32 24.40
-3.00 -73.95 -2.66 24.45
-2.40 -60.60 -14.04 24.40
-3.30 -50.55 -20.33 24.40
-1.65 -44.85 -22.75 24.36
-2.10 -38.25 -22.26 24.58
-3.45 -18.15 -17.91 24.47
-4.65 -1.65 -4.36 24.42
-4.80 8.10 22.51 24.58
-2.25 4.50 44.53 24.40
-1.65 0.90 55.42 24.34
3.75 -9.60 63.89 24.56
3.15 -28.95 68.97 24.36
3.00 -44.40 69.21 24.49
3.30 -60.30 63.40 24.14
5.25 -72.30 49.61 24.42
6.30 -77.70 39.45 24.62
5.40 -82.95 28.31 24.36
5.55 -84.30 17.91 24.27
5.70 -82.65 11.86 24.40
5.85 -78.45 0.97 24.51
5.85 -70.95 -9.92 24.47
5.55 -58.65 -15.49 24.47
5.25 -49.05 -21.54 24.34
4.80 -33.75 -23.96 24.38
5.85 -22.80 -22.51 24.54
8.40 -5.10 -7.26 24.69
10.95 2.55 2.42 24.51
15.30 8.70 23.23 24.34
12.00 8.55 37.75 24.40
12.00 4.80 46.46 24.62
14.40 3.00 47.92 24.47
13.35 -8.10 61.71 24.40
13.65 -23.55 67.28 24.38
14.25 -47.40 69.21 24.60
14.10 -64.65 62.19 24.31
16.20 -77.55 38.96 24.42
12.30 -82.95 20.33 24.47
14.70 -83.25 6.29 24.45
15.75 -81.30 0.48 24.38
12.90 -74.55 -5.57 24.40
16.80 -69.45 -15.00 24.49
16.50 -60.15 -22.02 24.38
14.55 -47.25 -23.23 24.29
14.55 -17.55 -16.94 24.27
19.05 0.60 -5.57 24.42
26.85 7.80 25.89 24.36
26.85 5.85 46.22 24.34
23.70 -3.30 60.50 24.23
21.75 -32.70 67.28 24.31
23.55 -52.05 64.86 24.31
26.85 -69.90 38.96 24.25
25.65 -81.30 8.47 24.27
27.75 -69.60 -6.78 24.42
26.70 -43.80 -21.30 24.40
25.50 -18.90 -13.55 24.36
26.55 0.75 -0.73 24.38
22.95 9.30 32.91 24.36
20.85 3.60 47.92 24.47
21.30 -19.35 65.82 24.40
21.45 -46.20 65.10 24.42
22.20 -62.85 58.08 24.34
21.30 -81.45 28.80 24.58
23.25 -78.75 -1.94 24.45
24.15 -50.40 -21.78 24.42
24.00 -25.35 -18.39 24.51
21.30 3.00 9.92 24.36
22.95 5.70 38.72 24.27
22.65 -15.60 66.79 24.47
23.10 -52.65 59.05 24.34
22.20 -81.30 31.46 24.34
24.15 -76.80 -8.95 24.47
25.05 -56.40 -17.91 24.36
27.75 -23.40 -14.52 24.40
30.15 -2.10 9.68 24.45
27.90 4.05 41.87 24.27
28.50 -13.35 64.37 24.54
30.45 -42.75 64.13 24.38
29.85 -64.65 48.88 24.54
29.85 -78.60 21.30 24.29
28.20 -72.75 -1.69 24.51
30.00 -54.90 -14.28 24.54
30.90 -44.55 -19.12 24.40
30.15 -20.40 -14.28 24.36
27.90 -0.45 7.02 24.40
28.50 6.60 31.22 24.40
27.45 -7.80 55.42 24.45
30.75 -33.30 64.13 24.40
28.50 -63.45 46.46 24.45
29.85 -79.05 20.81 24.42
30.60 -67.05 -11.37 24.60
29.25 -48.00 -19.36 24.27
27.60 -13.80 -15.00 24.71
29.40 -1.65 14.04 24.42
28.35 6.60 31.94 24.29
26.55 -5.10 55.90 24.49
27.15 -33.30 66.31 24.25
26.70 -65.10 54.45 24.42
26.70 -80.70 18.63 24.29
28.05 -75.45 -7.99 24.51
25.80 -60.60 -19.60 24.38
26.25 -23.55 -17.91 24.42
25.50 -0.75 4.60 24.42
23.40 7.05 34.36 24.16
24.15 -16.80 62.19 24.42
26.10 -48.00 66.07 24.38
26.25 -53.55 59.05 24.29
28.65 -69.15 45.01 24.36
28.20 -80.25 21.05 24.36
26.55 -78.90 7.26 24.36
24.60 -64.95 -9.92 24.49
30.75 -61.80 -8.47 24.31
37.50 -54.75 -11.62 24.42
39.15 -47.85 -10.89 24.36
39.30 -27.75 -8.23 24.40
37.35 -11.70 -2.18 24.25
40.65 -4.05 11.86 24.42
39.45 0.60 24.93 24.36
38.10 -9.45 51.30 24.38
39.15 -28.50 59.53 24.42
40.35 -42.90 53.72 24.42
38.85 -57.90 41.87 24.60
39.30 -72.90 24.93 24.40
37.95 -73.80 16.46 24.45
36.75 -67.05 0.73 24.40
36.30 -50.25 -12.83 24.38
34.20 -28.80 -15.97 24.27
35.10 -15.90 3.39 24.42
35.10 1.95 20.81 24.47
34.20 -1.65 45.74 24.16
34.65 -28.50 61.23 24.42
36.30 -49.35 60.74 24.42
34.80 -71.70 45.74 24.34
34.80 -75.60 18.63 24.34
36.00 -65.40 -7.50 24.38
37.65 -51.60 -16.70 24.40
35.55 -26.85 -13.07 24.36
33.60 -13.95 -4.36 24.40
33.00 0.60 7.50 24.27
32.55 1.65 38.24 24.31
31.35 -25.65 61.71 24.38
32.25 -49.95 62.44 24.27
32.55 -71.10 46.95 24.27
33.30 -73.20 22.51 24.38
33.75 -76.65 12.83 24.29
33.00 -57.75 -10.89 24.34
32.70 -28.05 -18.39 24.27
33.00 -6.60 -3.39 24.58
33.60 0.45 26.38 24.38
33.75 3.45 37.27 24.31
33.15 -10.50 56.14 24.14
33.00 -27.75 62.19 24.27
34.35 -57.15 58.32 24.29
33.15 -76.65 16.21 24.34
35.70 -74.10 10.41 24.29
30.45 -61.35 -19.12 24.20
30.60 -37.50 -16.21 24.45
30.15 -17.85 -5.57 24.23
31.20 1.05 9.92 24.38
30.00 6.30 25.65 24.34
29.70 -3.00 48.64 24.18
28.65 -21.00 62.68 24.18
28.20 -34.05 65.82 24.25
28.95 -60.15 60.26 24.40
30.30 -67.05 50.34 24.25
29.25 -75.00 29.04 24.27
31.35 -78.30 34.36 24.27
28.95 -71.40 2.18 24.27
31.95 -50.85 -19.60 24.40
30.30 -40.65 -17.67 24.49
29.10 -14.70 -13.55 24.12
28.80 5.85 12.83 24.23
29.25 -4.05 47.92 24.38
27.75 -2.85 58.81 24.31
28.20 -26.25 65.58 24.29
28.20 -49.80 64.61 24.42
28.05 -79.65 25.17 24.29
28.80 -75.00 -5.32 24.38
25.80 -70.20 -17.18 24.14
25.95 -47.55 -20.81 24.36
23.25 -22.80 -20.57 24.27
23.55 -3.90 -11.37 24.45
23.10 6.45 14.28 24.29
20.70 8.85 39.45 24.38
20.85 1.65 51.79 24.29
21.00 -17.70 64.86 24.20
21.15 -44.10 68.73 24.36
21.60 -73.05 53.48 24.18
21.45 -77.25 24.93 24.29
21.75 -82.50 5.81 24.34
21.30 -75.00 -6.53 24.31
20.55 -35.25 -23.23 24.36
19.65 6.60 0.48 24.38
22.65 7.05 28.07 24.34
19.65 9.45 34.61 24.25
21.00 -6.45 58.08 24.18
18.30 -31.65 68.24 24.40
18.60 -57.60 66.55 24.45
18.60 -64.80 47.43 24.40
18.15 -75.60 38.72 24.47
19.50 -83.40 19.12 24.45
18.15 -68.25 -11.86 24.31
17.85 -29.25 -23.47 24.40
18.00 -10.05 -13.31 24.23
16.65 1.95 24.44 24.14
18.15 8.10 33.40 24.40
17.70 -9.75 58.32 24.34
18.00 -38.85 68.97 24.34
18.15 -52.95 59.05 24.31
15.60 -66.90 49.13 24.29
17.25 -78.15 37.03 24.40
17.55 -83.85 20.81 24.42
18.75 -78.00 1.21 24.12
17.85 -77.70 -2.90 24.34
16.95 -52.80 -20.09 24.40
18.15 -15.60 -20.09 24.29
17.55 6.60 2.18 24.31
16.95 8.55 39.93 24.47
16.65 5.85 52.03 24.34
16.05 -14.10 64.37 24.65
17.85 -53.40 66.07 24.29
19.05 -79.95 44.53 24.38
19.20 -78.15 -11.13 24.51
23.25 -61.35 -15.49 24.20
20.10 -63.00 -19.84 24.34
25.05 -46.95 -21.30 24.45
23.55 -17.10 -17.67 24.40
20.10 2.10 -4.36 24.60
20.25 9.15 25.17 24.42
20.85 7.65 47.19 24.27
19.50 3.00 55.42 24.47
18.90 -16.05 65.58 24.36
19.65 -50.85 66.79 24.47
21.30 -73.65 52.76 24.27
21.90 -81.60 19.12 24.36
22.20 -74.70 -17.91 24.42
22.50 -56.85 -20.09 24.16
20.85 -34.50 -22.99 24.05
21.90 -1.80 -6.78 24.34
23.40 -0.30 10.16 24.45
26.40 7.80 24.93 24.18
28.80 -6.45 52.76 24.34
30.60 -22.05 61.47 24.14
30.15 -26.40 66.31 24.38
30.45 -39.60 60.74 24.38
30.90 -57.00 58.08 24.23
29.55 -74.85 41.38 24.27
30.15 -78.75 13.55 24.07
31.80 -66.60 -11.13 24.31
31.50 -59.55 -18.15 24.29
32.55 -35.40 -15.97 24.34
30.75 -10.65 -10.65 24.25
28.80 6.00 11.62 24.47
30.75 3.75 46.22 24.31
29.40 -2.55 60.50 24.16
31.95 -19.50 63.16 24.09
32.10 -61.35 55.66 24.31
30.00 -76.35 42.83 24.38
30.60 -75.15 2.18 24.49
34.95 -72.45 5.08 24.27
33.90 -71.10 -1.45 24.16
37.35 -50.10 -11.37 24.31
39.15 -26.10 -13.55 24.29
41.10 -17.40 1.69 24.12
40.20 -6.15 9.68 24.34
40.05 -0.75 17.42 24.31
39.90 -0.75 30.98 24.29
38.70 -6.60 46.71 24.38
37.50 -27.30 60.26 24.29
37.65 -39.60 59.29 24.31
39.15 -49.80 47.92 24.42
39.75 -64.35 42.59 24.29
39.90 -73.05 27.59 24.23
41.70 -65.55 5.08 24.14
41.70 -48.15 -9.20 24.31
41.40 -39.45 -10.16 24.34
42.60 -23.85 -6.29 24.42
43.80 -5.70 13.79 24.36
45.90 -7.05 30.98 24.27
46.80 -6.60 37.99 24.12
46.65 -15.45 44.77 24.29
45.90 -29.40 53.48 24.29
45.30 -48.45 51.30 24.38
46.20 -58.80 36.06 24.31
47.40 -63.30 18.63 24.38
46.65 -61.35 3.87 24.23
47.55 -53.40 -2.42 24.27
47.40 -40.65 -5.32 24.29
46.65 -20.10 -3.15 24.16
47.10 -10.80 16.46 24.29
48.00 -9.00 29.77 24.12
48.60 -12.90 36.30 24.36
49.50 -26.25 45.98 24.38
49.80 -40.80 48.40 24.27
49.95 -50.10 40.17 24.18
50.25 -55.20 31.70 24.09
49.65 -61.50 24.68 24.40
49.50 -61.05 15.73 24.36
49.05 -54.45 3.39 24.12
48.30 -46.20 -1.21 24.20
47.70 -34.65 -2.90 24.38
48.90 -21.60 10.65 24.27
49.80 -11.55 20.81 24.05
49.05 -10.05 27.83 24.12
48.75 -21.60 43.80 24.31
50.70 -27.90 47.92 24.20
49.35 -35.40 50.09 24.20
48.90 -54.60 41.62 24.23
51.45 -56.55 23.23 24.29
53.10 -56.10 22.99 24.23
51.90 -53.25 7.99 24.20
51.45 -39.90 0.97 24.34
51.75 -37.65 0.00 24.23
50.85 -27.60 -1.21 24.12
50.40 -13.95 10.65 24.09
50.70 -12.30 23.72 24.09
49.50 -11.25 37.99 24.29
49.50 -16.65 38.96 24.31
49.50 -27.15 45.98 24.23
49.50 -39.15 49.13 24.45
47.85 -42.45 44.29 24.36
48.15 -56.55 33.40 24.34
47.85 -65.25 22.26 24.18
46.95 -64.05 11.13 24.12
45.45 -54.45 -1.69 24.38
44.85 -51.30 -7.50 24.18
45.45 -43.50 -8.47 24.31
44.25 -27.90 -8.71 24.18
44.70 -29.10 -7.74 24.20
44.10 -21.45 -6.78 24.31
43.35 -9.45 1.94 24.27
43.05 -3.45 15.97 24.16
43.05 -3.30 31.70 24.42
42.30 -4.95 43.56 24.23
42.00 -9.30 48.64 24.20
42.60 -22.05 54.21 24.29
43.50 -45.90 55.66 24.40
42.75 -60.15 48.88 24.29
41.85 -68.10 38.96 24.25
41.85 -68.55 26.62 24.12
41.70 -70.95 17.18 24.38
42.15 -68.85 8.47 24.23
42.45 -62.70 0.97 24.45
42.30 -32.85 -11.13 24.29
42.60 -34.50 -9.68 24.09
39.75 -18.90 -7.26 24.09
38.25 -1.35 9.68 24.29
38.70 -0.90 8.71 24.31
37.20 1.20 29.04 24.23
35.25 -3.30 50.82 24.27
34.80 -9.15 54.93 24.14
33.15 -11.25 57.60 24.25
31.80 -28.50 63.65 24.25
34.05 -46.35 61.95 24.09
33.60 -66.00 55.18 24.14
33.15 -72.45 36.54 24.25
33.75 -75.90 24.68 24.42
32.55 -78.30 18.63 23.98
33.45 -73.95 5.57 24.36
34.05 -56.10 -11.86 24.20
33.75 -35.25 -17.91 24.20
34.80 -28.80 -14.76 24.25
34.20 -23.85 -10.16 24.16
33.60 -8.55 -4.84 24.23
33.30 -0.75 1.69 24.34
32.10 5.10 18.15 24.27
32.70 2.55 33.40 24.25
33.15 -0.15 52.76 24.31
32.55 -8.40 60.98 24.29
32.40 -29.70 63.16 24.16
34.35 -50.25 60.98 24.29
33.75 -72.75 44.53 24.29
33.15 -76.80 18.88 24.14
34.20 -72.75 -6.53 24.31
33.75 -64.65 -14.28 24.20
32.40 -43.20 -18.88 24.36
32.10 -14.55 -13.55 24.29
31.80 4.20 22.75 24.07
31.95 4.80 43.32 24.12
30.30 -7.65 56.87 24.16
30.90 -20.10 61.71 24.38
31.65 -43.95 64.13 24.14
32.70 -61.20 59.29 24.20
32.40 -70.65 43.32 24.09
32.85 -73.95 29.52 24.34
33.30 -77.70 18.88 24.12
32.55 -71.40 0.97 24.27
32.85 -63.75 -6.29 24.25
31.95 -37.65 -19.12 24.12
31.95 -24.75 -18.88 24.36
30.15 -11.25 -8.23 24.23
30.30 -6.00 6.05 24.23
28.20 2.10 2.66 24.14
25.65 6.90 35.33 24.14
25.20 4.95 37.51 24.16
23.25 -19.05 63.16 24.20
25.05 -26.10 67.76 24.23
21.90 -38.55 65.82 24.14
22.50 -48.00 65.10 24.09
21.45 -64.95 60.26 24.16
19.50 -74.25 56.14 24.23
18.90 -79.35 39.93 24.29
19.65 -83.10 13.07 24.12
18.75 -82.65 -1.69 24.29
17.55 -72.90 -16.21 24.18
18.90 -42.45 -23.23 24.27
18.45 -27.90 -22.75 24.09
16.95 -3.90 -14.04 24.16
17.25 6.45 7.74 24.20
16.50 9.45 30.98 24.12
15.00 9.75 34.61 24.42
13.95 5.10 44.77 24.14
16.80 -15.45 63.89 24.03
18.00 -38.85 69.21 24.12
16.95 -63.75 60.26 24.29
17.25 -68.70 50.34 24.07
14.40 -74.70 35.57 24.25
12.45 -84.60 22.51 24.20
14.25 -74.85 -1.94 24.16
15.00 -61.05 -14.76 24.25
13.95 -59.25 -22.99 24.27
10.65 -48.15 -23.23 24.23
11.25 -24.45 -17.91 24.20
12.90 -3.00 -8.95 24.31
12.15 8.85 10.65 24.25
9.60 7.50 43.32 24.18
12.00 3.15 53.00 24.14
12.45 -0.15 61.71 24.34
12.90 -23.10 68.49 24.09
13.05 -45.30 69.21 24.18
15.45 -49.50 68.00 24.14
9.75 -61.80 46.71 24.18
12.90 -82.05 19.36 24.25
15.60 -83.85 17.18 24.12
13.65 -68.70 -7.74 24.14
20.70 -33.00 -21.05 24.25
23.10 -23.10 -14.04 24.07
26.10 6.15 13.55 24.20
25.95 7.05 31.94 24.23
29.55 -6.90 53.24 24.14
26.85 -13.65 64.61 24.20
28.50 -22.20 65.58 24.18
28.05 -52.50 64.61 24.42
29.55 -68.70 54.93 24.12
29.10 -80.10 33.64 24.23
26.55 -81.00 14.76 24.14
30.15 -78.60 -3.63 24.16
34.20 -63.45 -8.95 24.23
36.15 -33.30 -16.46 24.07
35.85 -8.40 -5.81 24.18
36.00 0.90 6.29 24.14
36.00 1.95 26.86 24.16
40.05 -0.30 30.98 24.14
38.70 0.45 34.61 24.12
39.15 -7.65 43.80 24.14
41.10 -23.40 55.66 24.12
41.55 -39.15 57.11 24.18
42.45 -50.55 52.03 24.18
44.10 -63.75 40.66 24.07
43.35 -68.40 30.98 24.23
41.55 -70.50 23.72 23.96
42.90 -69.30 10.65 24.05
42.00 -64.50 6.29 24.12
41.25 -54.90 -8.47 24.27
44.10 -36.30 -9.20 24.03
45.15 -33.15 -9.92 24.09
44.55 -13.80 0.48 24.16
46.95 -9.00 16.46 24.20
45.60 -5.70 18.88 24.23
46.20 -7.50 31.46 24.29
46.80 -20.85 45.01 24.14
48.00 -31.65 49.37 24.27
48.75 -40.80 46.46 24.05
48.30 -55.05 40.66 24.14
49.65 -61.05 28.31 24.16
50.10 -59.25 16.21 24.12
49.80 -54.15 3.87 24.18
50.25 -49.35 -0.73 24.14
51.75 -35.10 0.48 24.23
51.30 -32.10 1.21 24.07
52.20 -16.95 10.65 24.18
50.55 -13.05 24.68 24.14
51.75 -17.40 40.66 24.03
53.25 -28.35 40.17 24.09
53.85 -44.55 37.51 24.07
53.85 -52.35 19.84 24.20
55.05 -48.30 16.94 24.09
55.65 -38.85 12.34 24.14
56.70 -35.25 17.67 24.00
56.10 -32.85 11.37 24.20
54.60 -26.55 15.49 24.18
55.50 -21.30 20.57 24.12
54.30 -20.55 32.43 24.12
54.90 -27.75 39.20 24.07
53.25 -34.20 42.35 24.23
53.40 -44.55 36.78 24.14
54.45 -47.55 28.31 24.31
56.85 -42.45 29.28 24.16
56.40 -39.90 29.52 24.25
57.00 -30.15 24.93 24.09
57.00 -33.00 26.14 24.05
57.60 -36.90 17.42 24.05
56.70 -38.70 16.70 24.07
56.85 -41.25 21.30 24.18
55.80 -49.80 25.17 24.07
55.50 -47.55 32.91 24.20
55.80 -39.90 36.06 24.14
54.75 -41.85 38.96 23.96
53.70 -34.05 37.75 24.07
53.70 -26.10 37.03 24.05
53.25 -18.60 30.73 24.29
53.70 -16.20 20.33 24.12
53.70 -19.80 12.10 24.14
53.40 -22.20 8.71 24.14
52.35 -30.60 1.94 24.12
52.35 -44.25 1.45 24.05
51.00 -56.25 8.47 24.14
50.10 -58.20 22.99 24.14
48.60 -61.80 30.49 24.12
48.90 -59.40 36.06 24.14
49.05 -46.95 49.37 24.05
49.20 -27.45 51.30 24.18
48.30 -17.70 43.08 24.16
44.70 -11.85 32.43 24.18
44.25 -6.45 25.65 24.14
45.90 -7.05 14.76 24.16
47.25 -14.10 4.36 24.05
47.85 -20.10 -4.11 24.12
47.25 -36.15 -7.02 24.00
48.15 -47.10 -1.94 24.16
47.85 -56.70 9.68 24.16
48.45 -62.70 19.84 24.23
46.95 -65.55 34.36 24.05
44.85 -63.30 44.77 24.14
39.90 -57.30 53.48 24.09
42.45 -45.00 56.39 23.89
39.45 -31.35 58.32 24.03
40.80 -15.00 49.37 24.14
37.65 -3.00 38.48 23.98
35.85 3.45 24.20 24.09
34.50 3.15 11.62 24.05
35.25 -8.85 -8.95 24.20
34.65 -24.45 -16.21 24.00
39.75 -39.75 -13.55 24.12
37.05 -58.50 -5.57 24.23
34.35 -73.05 17.67 23.96
37.50 -73.80 36.30 24.00
36.00 -60.90 55.66 23.94
36.30 -43.20 60.74 24.00
37.80 -25.95 59.29 23.96
38.70 -8.70 44.29 24.05
33.30 4.50 21.05 24.12
34.80 2.85 8.95 24.12
40.05 -8.85 -2.90 24.09
38.10 -28.95 -14.52 24.00
39.00 -41.25 -11.62 24.09
41.55 -49.65 -0.48 24.09
49.05 -62.10 21.54 24.00
47.85 -60.75 39.93 24.14
46.95 -48.45 49.13 24.00
52.35 -32.25 43.56 24.03
51.90 -19.20 30.49 24.05
54.45 -24.00 20.33 24.05
56.70 -28.80 16.46 24.07
56.55 -33.75 17.91 24.16
55.50 -32.25 5.08 23.98
52.50 -36.30 -1.21 24.05
49.05 -53.40 1.21 23.96
48.00 -63.00 16.46 24.20
45.45 -66.60 40.41 24.09
37.95 -51.00 56.63 23.98
36.75 -34.80 61.71 23.85
40.20 -10.95 38.24 24.25
45.15 -5.55 16.21 24.07
50.55 -16.50 5.81 24.16
49.20 -28.65 -4.11 24.00
47.10 -45.45 -6.29 24.14
44.25 -59.10 7.26 24.20
47.25 -65.10 27.10 24.12
45.30 -61.05 43.08 23.94
45.75 -51.75 53.00 24.25
49.20 -28.35 43.32 24.09
52.20 -21.75 31.94 24.07
52.95 -16.35 24.20 24.12
51.75 -16.35 7.74 23.98
51.15 -27.00 0.73 24.12
51.45 -32.85 0.73 23.89
50.40 -53.40 7.99 24.16
49.80 -61.35 10.89 24.12
48.00 -64.80 28.07 24.09
48.75 -61.50 25.41 24.09
48.30 -58.80 35.33 24.09
52.50 -45.75 44.77 24.09
52.35 -33.30 39.69 24.16
52.95 -20.70 36.30 23.96
55.05 -22.65 21.30 24.14
54.60 -25.80 15.25 23.87
54.75 -28.35 9.44 24.00
53.85 -44.25 10.65 24.03
54.30 -53.25 17.18 23.89
53.10 -54.75 25.17 24.05
52.80 -53.70 29.28 24.03
53.10 -45.75 41.87 23.83
53.70 -39.75 43.80 24.16
51.75 -30.00 35.82 23.98
52.95 -17.40 34.85 24.12
54.00 -17.70 22.75 24.14
51.75 -16.20 19.84 24.03
54.30 -19.80 1.94 23.89
52.20 -21.30 20.57 24.12
55.05 -24.90 31.94 24.09
53.70 -29.55 45.50 24.07
46.95 -35.85 58.32 24.09
33.45 -46.05 64.37 23.98
28.35 -46.20 65.58 24.05
29.70 -54.45 62.92 24.20
23.85 -79.80 20.57 24.20
27.60 -73.35 -2.90 24.14
20.85 -63.00 -15.25 23.96
19.80 -41.25 -22.51 24.09
17.40 -19.05 -10.89 24.25
11.55 1.05 -4.36 24.18
4.80 9.60 19.12 24.09
4.35 4.95 43.56 23.98
10.50 -0.75 62.44 24.25
9.30 -17.40 68.00 24.09
7.80 -40.65 70.18 24.05
8.10 -64.05 62.44 24.00
7.20 -81.30 42.35 24.03
10.80 -84.90 15.97 24.09
9.15 -84.15 5.08 23.89
8.10 -76.65 -8.95 24.07
5.10 -53.85 -21.05 24.09
2.40 -30.75 -22.99 24.12
2.85 -3.45 -11.37 24.16
4.20 9.75 15.73 24.18
1.50 4.50 48.16 24.07
-1.50 -1.65 61.71 24.03
-3.15 -19.35 68.24 23.92
-3.60 -45.90 67.52 24.05
-3.45 -68.25 54.69 24.00
-5.40 -81.45 31.94 24.14
-9.00 -77.85 11.86 24.29
-10.50 -69.45 -2.18 23.98
-11.85 -66.30 -14.28 24.00
-14.25 -46.05 -14.76 24.00
-14.85 -18.60 -12.10 23.94
-15.45 -7.95 -1.45 24.00
-18.00 0.45 24.20 24.23
-17.70 -0.60 37.99 24.07
-19.05 -11.70 51.06 23.96
-18.30 -34.95 61.71 24.05
-18.00 -62.85 52.03 23.92
-17.85 -72.75 42.83 24.16
-17.70 -75.45 23.72 24.23
-20.85 -64.95 1.94 23.98
-21.15 -47.85 -12.34 23.89
-21.15 -36.90 -9.92 24.03
-23.70 -33.00 -8.23 24.18
-23.85 -32.10 -7.50 23.96
-23.55 -13.80 -0.48 24.05
-23.40 -4.20 15.73 24.03
-22.65 -4.20 32.67 24.16
-23.25 -15.90 45.98 24.09
-22.95 -21.15 52.76 24.03
-23.70 -35.70 55.90 23.96
-21.15 -40.95 55.66 24.05
-20.85 -51.45 53.48 24.05
-19.50 -62.55 57.11 23.98
-17.25 -73.20 43.32 23.85
-13.35 -79.05 25.65 24.16
-7.50 -76.50 -12.34 24.14
-10.20 -57.15 -15.73 24.05
-13.35 -22.50 -17.18 24.18
-9.00 -14.40 -1.94 24.09
-11.25 3.45 11.62 24.14
-6.30 2.55 49.37 24.09
-6.60 -28.50 67.52 24.07
-1.80 -64.65 59.29 23.98
-1.95 -80.10 21.30 24.03
-4.20 -77.10 -12.10 24.16
0.90 -52.35 -23.96 23.98
5.55 -6.90 -12.83 24.14
7.80 9.75 31.22 24.05
10.50 3.15 59.53 24.00
10.65 -40.20 70.66 23.98
11.85 -77.25 50.58 24.00
12.90 -84.60 12.58 24.00
10.80 -82.05 -2.42 24.07
10.80 -49.20 -22.51 23.94
12.60 -12.45 -19.84 24.29
13.50 6.15 20.81 24.18
7.95 8.10 49.85 24.03
6.90 -32.55 70.66 24.12
2.25 -79.05 37.27 24.03
7.35 -75.30 -4.60 24.07
12.00 -50.70 -24.44 23.98
9.45 -24.45 -11.37 24.00
7.35 8.40 15.25 23.85
5.40 0.15 57.84 23.98
7.95 -45.15 70.18 23.98
9.75 -75.60 45.74 23.89
7.80 -84.00 8.47 23.92
1.65 -78.90 0.24 24.14
2.70 -39.45 -23.23 24.18
1.50 -5.55 -12.58 24.03
3.60 6.45 28.31 24.09
-2.40 7.80 51.06 23.92
-6.15 -16.20 64.13 24.05
-8.70 -49.20 66.55 24.03
-9.00 -76.50 42.35 23.94
-9.45 -72.00 2.18 24.27
-11.70 -53.25 -17.18 24.05
-14.85 -43.05 -18.39 24.14
-16.05 -8.55 -1.69 24.09
-20.40 -1.35 23.96 24.09
-18.45 -3.00 45.74 24.18
-26.10 -12.30 45.74 24.09
-24.30 -34.95 58.81 23.92
-25.35 -59.10 47.19 24.07
-25.65 -69.30 23.72 24.16
-25.65 -72.00 16.46 23.98
-25.50 -60.15 0.48 24.00
-26.40 -40.65 -6.29 24.14
-26.55 -25.65 0.48 24.00
-28.05 -21.60 -0.24 24.07
-25.35 -7.05 15.73 23.87
-24.60 -15.30 44.77 24.07
-23.25 -46.20 55.42 24.09
-18.90 -61.80 35.33 24.07
-18.30 -77.10 22.51 24.03
-19.20 -65.70 0.97 24.03
-14.85 -44.70 -16.70 23.96
-17.25 -26.40 -12.34 24.09
-13.05 -1.80 1.21 23.96
-10.65 -0.45 39.69 24.12
-13.20 -22.05 65.82 23.98
-5.85 -39.60 64.61 24.00
-3.90 -80.40 32.91 23.98
5.85 -71.85 -14.04 24.12
9.30 -49.35 -23.47 24.14
4.20 -10.80 -9.20 24.00
0.90 8.85 20.57 24.07
7.20 -3.60 54.21 24.00
5.40 -26.85 69.45 23.98
1.95 -41.55 69.70 23.85
1.50 -49.50 68.24 23.98
4.20 -49.80 68.49 24.05
4.20 -55.65 65.34 23.96
-6.15 -69.75 51.79 24.05
-3.00 -83.55 14.52 24.09
0.90 -73.50 -10.41 24.00
-1.80 -47.10 -22.26 24.16
-2.70 -8.85 -7.99 24.27
-8.25 5.55 20.09 24.05
-7.20 4.05 52.51 23.87
-8.10 -12.15 59.29 23.87
-6.15 -39.45 67.28 23.96
-4.50 -58.50 63.40 24.05
-7.65 -71.55 46.95 24.07
-9.45 -77.70 34.12 23.98
-7.05 -82.05 27.83 24.14
-5.40 -75.30 -2.90 23.98
-6.75 -66.30 -12.58 24.09
-6.15 -45.45 -21.05 24.07
-3.00 -35.40 -19.84 23.96
-6.90 -19.65 -12.10 24.07
-6.75 5.70 9.20 24.12
-8.40 -2.25 47.67 23.85
-6.90 -32.10 65.58 24.09
-13.20 -43.20 62.92 24.00
-18.90 -53.85 59.53 24.09
-19.35 -73.20 19.60 23.92
-20.10 -73.20 1.94 23.98
-20.55 -55.05 -8.95 24.00
-22.95 -40.95 -11.86 24.09
-24.60 -13.80 -1.45 24.23
-22.95 -8.40 25.41 24.03
-25.20 -6.30 37.51 24.20
-25.20 -12.30 46.22 23.96
-23.55 -42.90 58.08 23.92
-22.05 -62.70 44.53 24.12
-21.30 -69.75 37.51 24.00
-20.55 -74.85 27.10 24.03
-19.20 -75.45 1.94 23.92
-15.75 -67.05 -8.71 23.96
-14.70 -57.00 -13.07 23.87
-12.60 -24.75 -15.25 23.98
-13.80 -1.80 -0.24 24.07
-12.30 1.95 38.72 23.96
-9.60 1.50 48.40 24.03
-6.15 -27.90 68.24 24.05
-4.20 -58.95 61.47 24.03
-1.95 -80.70 19.84 23.89
2.55 -79.20 -3.63 24.07
2.55 -62.10 -18.88 23.94
-0.30 -28.50 -18.39 23.98
-0.60 6.00 -0.73 23.98
4.20 6.30 57.35 23.87
8.10 -31.80 69.70 24.03
9.00 -64.35 56.87 24.05
10.65 -79.35 36.30 23.98
5.70 -74.85 -5.32 24.09
9.15 -52.95 -24.20 24.03
4.95 -6.15 -6.53 24.03
5.85 9.60 43.56 23.78
10.20 -14.85 69.45 23.85
7.50 -53.55 62.19 23.87
7.35 -82.65 30.01 24.09
9.30 -75.30 -9.92 24.29
8.40 -32.40 -24.20 24.07
7.05 -5.70 0.00 24.05
6.00 7.05 22.02 23.94
2.25 0.15 55.90 23.94
2.10 -52.05 67.28 23.96
-0.45 -75.90 31.70 24.12
-4.05 -84.00 22.51 23.98
-3.75 -66.00 -4.11 23.87
-16.65 -46.65 -13.79 23.85
-15.60 -14.70 1.94 23.96
-20.25 -2.25 37.99 23.87
-24.90 -9.30 45.01 23.94
-27.15 -30.30 52.03 24.07
-30.90 -52.95 37.75 23.98
-32.85 -56.55 14.28 24.03
-32.85 -46.80 9.44 23.98
-35.85 -40.80 6.53 23.89
-33.75 -18.60 23.47 24.03
-32.70 -24.75 44.04 24.05
-29.10 -35.55 51.30 23.83
-24.90 -66.45 41.38 24.00
-18.00 -73.95 -1.45 23.87
-18.30 -45.00 -15.00 23.83
-11.40 -6.45 0.48 23.89
-10.80 5.10 43.32 24.05
-4.95 -15.90 67.28 24.05
-5.10 -61.65 58.08 23.83
-6.00 -82.80 17.91 24.05
4.35 -66.75 -20.57 24.00
4.80 -24.90 -19.60 23.89
-3.30 4.05 8.71 23.94
-2.55 3.75 51.79 23.92
1.65 -32.10 68.97 23.89
4.65 -79.95 37.75 23.81
8.25 -79.65 -6.29 23.69
5.40 -50.55 -23.47 23.83
2.10 -4.65 -7.50 23.89
2.55 8.85 28.56 23.92
-5.10 -8.10 60.74 23.92
-8.85 -39.75 64.86 24.12
-9.75 -76.50 38.96 23.85
-13.35 -77.40 0.73 23.94
-15.15 -49.35 -17.42 23.92
-15.00 -6.60 1.21 23.96
-20.10 -3.30 36.06 24.05
-21.30 -20.85 58.56 23.87
-22.50 -52.80 46.95 23.85
-26.55 -65.25 31.22 23.96
-31.05 -57.90 10.41 23.94
-34.80 -36.45 4.36 23.96
-31.05 -15.75 15.25 23.85
-32.25 -21.30 33.40 23.94
-32.85 -39.15 41.87 23.81
-31.80 -63.15 20.81 23.96
-30.15 -51.00 -0.24 23.94
-33.15 -28.80 11.86 23.87
-31.80 -14.25 30.25 23.92
-31.65 -31.35 46.46 24.00
-32.55 -51.90 33.64 23.96
-30.15 -62.70 15.73 23.78
-32.70 -44.55 4.36 23.76
-34.80 -30.90 13.07 23.78
-36.60 -28.20 24.68 23.92
-35.85 -30.30 33.15 23.83
-34.05 -34.80 40.66 23.96
-35.85 -46.95 37.03 23.78
-34.65 -55.95 21.54 23.96
-31.05 -53.85 3.15 23.98
-33.30 -33.15 6.05 23.89
-35.25 -22.35 31.94 23.74
-34.35 -43.80 37.51 23.96
-32.40 -59.85 15.00 23.92
-32.85 -40.95 -0.48 23.87
-30.30 -21.15 10.16 23.83
-34.95 -25.35 25.89 23.78
-36.00 -30.90 35.57 23.92
-37.05 -45.00 19.84 23.83
-37.05 -32.55 19.12 23.92
-37.35 -31.35 17.67 24.07
-37.65 -36.00 14.04 24.05
-36.00 -43.50 4.60 23.89
-32.40 -31.80 -0.73 23.94
-28.05 -12.30 18.88 23.87
-26.85 -5.10 36.78 24.03
-19.35 -25.65 63.89 23.81
-8.10 -78.45 34.36 23.83
-1.95 -70.20 -16.94 23.76
1.20 -39.45 -19.84 23.98
5.70 6.45 7.26 23.89
6.60 -3.75 61.23 24.00
8.70 -58.35 60.50 23.92
7.50 -76.65 52.27 23.69
3.90 -68.40 60.74 23.81
8.85 -63.90 63.40 23.87
11.25 -54.45 68.00 23.92
1.80 -48.15 68.97 23.92
0.15 -45.00 69.21 23.87
-3.30 -38.70 67.76 23.94
-7.20 -39.75 68.49 23.76
0.60 -43.35 69.45 23.83
5.70 -43.50 69.70 23.94
12.30 -46.05 69.21 23.81
16.80 -49.20 68.73 23.92
14.70 -48.75 69.45 23.81
15.75 -48.00 68.73 23.87
16.95 -47.10 68.49 23.94
18.30 -46.80 69.21 23.94
17.55 -46.80 69.21 23.85
17.55 -46.50 68.49 24.07
17.40 -46.20 69.21 23.89
16.95 -46.95 69.21 23.76
16.80 -47.10 69.94 23.85
16.50 -47.85 68.97 23.74
16.80 -47.10 68.73 24.00
17.10 -47.10 68.49 23.87
16.80 -48.00 68.97 23.92
16.95 -47.40 68.73 23.85
17.10 -47.85 68.97 23.81
16.80 -46.95 68.24 23.83
16.80 -47.55 68.73 24.00
16.65 -47.40 68.49 23.89
16.65 -47.25 68.97 24.09
17.10 -47.10 68.73 23.81
17.25 -47.70 68.73 23.78
16.95 -47.25 68.73 23.94
16.80 -47.25 68.97 23.92
17.10 -47.40 69.45 24.03
16.35 -47.55 68.49 23.83
16.80 -47.25 68.97 23.94
