3.15 -44.85 -11.13 26.22
3.45 -45.45 -11.62 26.19
2.55 -49.35 -13.07 26.33
-0.45 -49.95 -13.31 26.22
-0.60 -47.55 -13.31 26.35
2.70 -49.80 -12.58 26.35
3.00 -50.40 -13.31 26.31
3.00 -46.65 -12.34 26.26
2.10 -43.50 -11.37 26.17
3.45 -41.55 -11.13 26.11
3.75 -40.50 -11.13 26.26
1.20 -37.35 -11.13 26.22
-0.30 -38.25 -11.13 26.24
-0.75 -37.20 -11.62 26.13
-2.70 -36.30 -11.13 26.19
-1.05 -30.15 -7.26 26.22
-2.40 -22.05 -1.45 26.22
-3.00 -12.00 10.41 26.28
0.00 -9.75 17.67 26.28
-1.05 -7.20 30.01 26.35
-1.35 -7.50 37.27 26.08
-0.60 -10.05 45.98 26.33
-0.15 -14.40 58.32 26.22
-0.75 -16.95 59.05 26.19
1.05 -26.10 66.31 26.26
0.30 -30.60 71.87 26.19
-0.30 -38.40 73.81 26.11
0.45 -52.05 74.54 26.31
1.20 -54.60 75.02 26.31
1.05 -64.50 73.57 26.06
0.30 -74.25 70.66 26.31
0.60 -76.05 66.79 26.31
0.75 -87.15 60.74 26.06
-0.15 -95.25 47.67 26.33
0.90 -96.15 45.01 26.02
1.20 -98.10 34.85 26.31
0.90 -97.50 17.91 26.22
0.30 -96.45 15.73 26.11
2.55 -88.80 6.05 26.17
1.95 -85.65 -4.84 26.22
1.95 -75.45 -7.99 26.22
2.85 -56.85 -12.58 26.08
1.05 -51.60 -12.58 26.15
2.40 -39.60 -10.65 26.28
2.10 -22.05 -2.42 26.22
0.45 -18.60 7.74 26.00
0.60 -10.80 15.73 26.22
0.60 -7.95 23.23 26.11
0.75 -7.50 37.75 26.11
-0.15 -7.65 41.87 26.22
-1.20 -14.85 58.56 26.39
-4.95 -19.20 64.86 26.37
-3.45 -34.50 72.12 26.31
-1.95 -47.40 75.50 26.24
-0.15 -59.85 74.78 26.33
-3.60 -79.95 69.21 26.31
-4.05 -90.00 56.39 26.26
-6.30 -93.30 52.27 26.26
-5.25 -99.45 37.27 26.19
-7.20 -99.30 22.99 26.33
-8.25 -96.15 4.36 26.22
-10.20 -89.55 -2.42 26.24
-10.95 -75.45 -10.89 26.08
-10.35 -54.15 -15.49 26.42
-11.40 -46.20 -13.07 26.13
-12.60 -34.65 -9.44 26.24
-15.00 -19.35 -0.48 26.19
-16.35 -9.45 12.34 26.17
-14.85 -5.85 25.41 26.13
-15.00 -6.00 40.41 26.15
-15.75 -7.80 53.24 26.19
-17.85 -14.25 56.87 26.19
-20.25 -22.65 65.58 26.11
-21.00 -34.80 73.57 26.15
-21.15 -59.40 76.23 26.35
-21.00 -80.25 63.16 26.26
-19.35 -95.55 38.96 26.28
-14.25 -100.20 23.23 26.17
-15.60 -88.80 -1.69 26.11
-17.10 -68.40 -12.10 26.02
-16.05 -46.95 -15.00 26.11
-16.05 -33.15 -5.32 26.24
-15.90 -21.30 5.08 26.33
-15.15 -9.90 15.00 26.08
-15.45 -5.85 32.19 26.35
-16.50 -9.30 47.92 26.35
-16.35 -21.45 65.58 26.19
-17.40 -27.00 70.91 26.19
-18.45 -30.45 75.02 26.17
-17.70 -39.75 76.23 26.08
-18.75 -56.85 75.99 26.22
-18.75 -70.95 72.84 26.39
-20.25 -85.50 64.13 26.13
-20.25 -96.45 50.58 26.06
-21.75 -99.60 41.62 26.28
-21.90 -99.00 17.67 26.22
-23.40 -93.90 6.29 26.02
-24.45 -86.10 -7.26 26.24
-24.75 -72.15 -13.79 26.11
-25.20 -57.00 -12.83 26.24
-25.50 -39.30 -9.92 26.26
-25.05 -25.50 -4.60 26.15
-23.40 -13.50 7.99 26.11
-23.55 -7.80 16.46 26.24
-24.45 -8.25 35.57 26.22
-25.35 -13.95 56.14 26.24
-24.30 -24.30 64.13 26.17
-25.80 -39.60 73.81 26.35
-25.50 -63.45 73.08 26.31
-26.40 -84.75 65.34 26.28
-26.25 -96.45 51.06 26.15
-24.90 -99.60 29.77 26.00
-26.10 -93.60 12.10 26.19
-25.50 -81.30 -3.87 26.26
-25.65 -60.90 -12.83 26.04
-28.20 -49.35 -13.07 26.19
-27.90 -36.45 -5.57 26.19
-27.60 -24.60 1.45 26.24
-27.15 -18.30 8.71 26.26
-27.45 -12.75 20.81 26.22
-27.90 -9.15 31.94 26.11
-26.40 -7.80 44.04 26.13
-25.05 -11.10 48.40 26.28
-27.60 -26.25 65.10 26.28
-26.70 -42.15 74.78 26.19
-26.40 -55.50 73.57 26.13
-27.45 -75.90 68.49 26.19
-27.00 -91.35 56.14 26.19
-26.85 -97.95 40.41 26.17
-26.70 -97.65 17.42 26.44
-27.30 -89.70 -4.11 26.08
-27.45 -75.30 -12.10 26.22
-27.75 -51.90 -12.58 26.02
-26.70 -30.90 -4.84 25.97
-26.55 -15.00 9.68 26.08
-25.80 -7.50 34.61 26.08
-25.80 -15.15 58.81 26.15
-26.55 -30.15 71.15 26.11
-29.40 -56.25 74.29 26.02
-28.50 -86.25 62.19 26.11
-27.00 -97.35 36.54 26.22
-27.90 -96.45 9.92 26.08
-27.00 -85.05 -8.23 26.11
-26.70 -56.55 -14.04 26.13
-24.75 -24.00 -0.24 26.15
-25.80 -7.80 30.25 26.08
-24.90 -12.00 54.45 26.04
-24.60 -31.95 73.08 26.15
-25.80 -58.50 73.81 26.06
-26.40 -78.75 62.19 26.13
-25.35 -98.25 34.61 26.19
-25.80 -93.60 5.57 26.19
-26.55 -70.95 -11.86 26.11
-26.40 -42.00 -10.89 26.11
-27.30 -21.00 1.69 26.15
-24.90 -8.55 28.80 26.06
-23.10 -12.75 55.90 26.11
-22.35 -30.00 72.84 26.33
-21.15 -63.60 74.54 26.13
-22.20 -85.20 58.32 26.11
-22.35 -98.10 32.67 26.19
-21.90 -99.15 8.71 26.04
-23.40 -89.70 -4.36 26.15
-22.35 -76.80 -10.41 26.08
-21.15 -51.30 -15.25 26.13
-20.85 -24.30 -4.11 26.19
-20.55 -8.70 19.12 26.08
-21.90 -7.95 40.17 26.28
-22.05 -12.15 54.69 26.13
-22.95 -27.30 70.91 26.06
-17.10 -36.00 74.29 26.02
-14.85 -48.30 77.44 26.28
-9.90 -63.75 75.26 26.11
-11.10 -78.90 69.45 26.15
-11.55 -88.65 64.13 26.13
-10.20 -96.30 51.55 26.17
-10.95 -100.80 36.78 26.24
-8.70 -98.10 17.18 26.11
-9.30 -92.10 6.29 25.84
-9.30 -81.60 -6.05 26.24
-7.20 -66.00 -14.76 26.02
-8.25 -54.30 -14.76 26.13
-11.10 -38.70 -10.41 26.22
-6.60 -25.35 3.39 26.19
-10.95 -13.80 13.31 26.19
-14.70 -6.30 27.10 26.17
-9.75 -5.70 42.83 26.02
-10.35 -14.40 60.50 26.11
-9.00 -28.20 71.63 26.17
-9.90 -42.45 76.47 26.24
-13.50 -69.90 72.36 26.22
-13.35 -84.90 62.44 25.97
-10.65 -98.55 42.83 26.04
-4.95 -99.75 28.80 26.08
-4.05 -97.65 14.76 26.31
-4.65 -80.25 -5.81 26.19
-4.50 -60.60 -13.31 26.26
-4.95 -38.40 -13.55 26.11
-3.30 -21.00 -3.87 26.15
-1.20 -10.95 10.16 26.15
-3.15 -7.05 24.68 26.08
-2.25 -7.35 39.69 26.02
-1.80 -13.20 60.02 26.24
-0.30 -21.15 69.70 26.15
-1.35 -31.05 74.78 26.17
-5.55 -47.25 75.75 26.00
-5.55 -69.60 69.45 26.22
-4.65 -82.20 58.32 26.15
-3.90 -96.00 35.57 26.24
-3.90 -99.15 14.28 26.04
0.00 -89.70 5.32 26.02
6.60 -83.70 -2.18 26.17
3.75 -65.40 -10.89 26.13
4.20 -45.15 -11.37 26.06
3.15 -30.75 -7.02 26.04
3.45 -19.65 0.73 26.24
3.90 -9.75 17.18 26.08
4.95 -10.05 40.41 26.19
3.60 -17.70 55.90 26.13
5.25 -37.65 69.94 26.00
4.50 -55.50 73.81 26.26
4.65 -73.95 69.94 26.19
5.40 -88.65 57.84 26.17
4.95 -97.05 30.01 26.15
6.75 -92.25 11.62 26.17
4.95 -78.90 -1.45 26.13
3.60 -67.50 -8.95 26.19
2.70 -54.00 -10.65 26.11
9.45 -39.45 0.24 26.22
5.10 -12.30 22.51 26.22
9.90 -14.25 50.82 26.31
11.10 -37.05 68.97 26.11
11.40 -70.35 66.07 25.97
8.70 -96.15 37.51 26.06
8.55 -86.40 4.84 26.19
8.55 -68.25 -8.95 26.13
8.70 -42.15 -8.23 26.06
9.15 -23.85 8.47 26.22
10.95 -17.10 9.92 26.04
15.45 -54.15 -1.94 26.00
18.45 -28.50 13.31 26.17
14.25 -33.75 1.94 26.04
13.35 -13.35 28.07 25.84
9.60 -16.35 53.48 26.33
9.00 -51.15 72.60 26.04
10.20 -72.00 58.56 26.06
8.55 -90.45 44.53 26.08
10.35 -94.35 32.19 26.22
9.75 -91.20 8.71 26.13
9.00 -80.70 -6.53 26.17
7.35 -58.20 -10.41 26.08
10.05 -28.95 2.66 26.11
10.05 -12.60 26.86 26.06
10.95 -17.10 54.45 26.17
11.70 -36.90 69.45 26.06
10.35 -62.85 68.73 26.17
10.80 -85.80 47.67 26.00
10.05 -94.05 14.52 26.19
8.85 -71.40 -7.02 26.28
7.95 -45.00 -8.95 26.02
8.25 -17.25 12.58 26.22
7.05 -9.90 43.08 26.31
7.80 -19.50 60.98 26.11
7.65 -32.40 71.39 26.15
5.85 -57.90 70.91 25.91
6.60 -88.20 51.79 26.11
2.10 -98.25 19.36 26.00
-0.60 -83.55 -7.26 26.17
-0.15 -53.85 -13.31 26.31
0.60 -23.40 2.18 26.22
0.30 -9.00 25.17 26.11
-0.75 -10.50 51.79 26.06
0.75 -28.80 71.87 26.00
0.00 -59.85 73.57 25.86
-2.70 -93.60 46.22 26.06
-3.75 -97.35 12.83 26.17
-4.50 -69.30 -14.04 26.15
-4.80 -35.10 -3.87 26.24
-4.50 -10.95 25.65 26.00
-3.75 -7.95 49.13 26.19
-4.95 -23.70 71.63 26.13
-4.80 -59.70 74.78 26.11
-7.20 -87.00 58.56 26.00
-9.15 -100.50 21.30 26.17
-12.45 -87.15 -6.78 26.19
-15.30 -50.70 -15.73 25.97
-13.20 -19.20 -0.24 26.19
-13.50 -6.00 33.40 26.13
-13.95 -17.25 68.00 26.08
-15.60 -55.95 75.26 25.80
-16.65 -88.95 50.58 26.04
-13.80 -98.85 0.48 26.19
-15.30 -63.30 -15.00 26.02
-17.25 -34.05 -5.57 25.93
-20.10 -8.85 30.01 25.93
-22.05 -14.85 55.42 25.97
-23.70 -36.00 74.05 26.06
-23.85 -60.15 70.18 26.00
-22.35 -93.75 43.56 26.17
-25.20 -96.30 8.71 25.88
-27.30 -73.05 -12.34 26.19
-28.20 -37.05 -5.81 25.84
-28.65 -12.60 10.65 26.06
-27.00 -10.80 47.43 26.11
-26.70 -25.80 72.36 26.13
-26.25 -68.55 62.68 26.08
-31.05 -95.85 30.73 26.13
-32.25 -87.00 -2.18 26.13
-31.20 -63.45 -12.58 26.13
-29.40 -23.40 2.66 26.02
-26.85 -7.95 33.40 26.11
-27.00 -31.50 70.18 26.15
-26.85 -72.00 60.74 26.28
-29.55 -98.10 18.15 26.11
-30.75 -82.80 -3.63 26.13
-33.60 -73.05 -6.29 26.17
-30.15 -73.35 -7.50 26.19
-27.60 -56.85 -13.79 26.15
-26.85 -34.20 -6.05 26.02
-27.90 -8.55 26.38 26.13
-26.10 -12.30 60.26 26.08
-26.25 -42.30 74.05 25.93
-25.20 -81.15 59.53 26.00
-28.80 -98.40 31.70 26.11
-27.45 -94.65 -2.42 25.88
-25.35 -71.85 -12.34 25.75
-21.60 -52.50 -15.00 26.19
-19.20 -37.35 -5.32 25.91
-20.10 -10.80 13.07 26.17
-20.25 -6.90 45.74 26.15
-19.50 -18.45 66.31 26.22
-19.95 -57.30 75.50 26.04
-16.05 -84.90 57.11 25.86
-11.40 -99.15 28.07 25.86
-8.85 -96.00 0.00 26.08
-6.75 -76.50 -10.16 26.02
-6.15 -40.65 -11.37 25.80
-3.60 -18.60 7.26 25.97
3.90 -9.90 28.80 26.13
4.50 -22.35 65.82 26.00
7.05 -53.25 70.66 26.08
9.00 -78.30 57.60 26.22
8.25 -94.65 35.57 25.95
13.05 -87.00 4.60 26.17
10.35 -59.25 -8.95 26.15
10.20 -40.50 -0.73 26.19
16.20 -31.20 2.42 26.04
19.05 -30.90 6.78 25.95
20.10 -27.00 12.10 26.28
19.95 -18.60 34.61 25.93
16.95 -21.75 52.51 26.15
19.65 -28.50 62.68 25.91
18.90 -49.35 65.58 26.26
18.00 -79.95 55.18 26.11
15.60 -90.60 38.48 26.15
16.65 -89.25 23.96 26.00
17.10 -84.30 8.47 26.19
17.25 -78.90 -0.48 26.04
17.25 -71.25 -2.18 26.19
16.20 -61.20 -5.81 26.02
13.20 -46.65 -9.20 25.93
10.65 -31.35 -4.60 26.04
10.95 -19.35 4.36 26.08
9.00 -12.90 36.78 26.08
9.45 -10.20 40.66 26.24
-0.15 -8.55 52.27 26.17
-0.15 -23.55 65.10 26.11
-3.00 -36.30 73.33 26.17
-4.80 -77.55 70.66 26.22
-7.20 -97.20 50.58 26.22
-9.60 -99.00 19.12 26.17
-9.90 -96.15 1.45 26.17
-14.85 -86.55 -13.31 26.00
-15.00 -61.50 -15.00 26.08
-16.65 -29.25 -5.81 25.86
-15.75 -11.85 9.68 26.19
-16.20 -6.15 35.82 25.77
-15.45 -17.55 61.47 26.04
-13.50 -46.50 77.20 26.15
-13.20 -78.00 71.39 26.31
-12.45 -89.10 45.98 25.84
-11.40 -98.70 31.70 25.91
-11.25 -100.50 18.88 26.19
-9.00 -93.15 4.36 26.15
-6.75 -74.10 -10.41 26.02
-3.30 -45.75 -13.79 25.82
0.60 -20.70 -1.45 25.91
1.65 -9.90 18.63 26.19
3.30 -9.90 36.30 26.02
11.70 -13.05 45.74 26.15
14.85 -18.00 54.69 26.11
17.10 -29.40 60.98 26.13
18.75 -51.60 65.10 26.22
18.30 -67.80 63.65 26.19
18.15 -87.15 43.32 25.88
21.45 -82.80 12.58 26.13
23.10 -78.45 11.37 26.02
21.15 -70.20 5.81 26.17
23.25 -49.80 1.21 26.06
21.45 -29.55 6.53 26.31
20.70 -20.85 23.72 25.91
22.65 -25.95 48.16 25.93
23.25 -29.25 56.87 25.86
20.85 -37.05 61.47 26.13
22.35 -43.05 61.95 26.17
20.70 -46.65 61.71 25.80
19.20 -70.05 52.03 26.02
15.15 -87.75 36.54 26.15
12.60 -93.00 20.81 25.82
9.45 -82.65 2.42 25.97
8.25 -63.90 -8.47 25.88
4.95 -47.25 -12.10 26.19
1.05 -33.60 0.73 26.31
-0.90 -17.10 5.57 25.95
-4.65 -6.90 23.96 26.15
-6.30 -7.35 41.62 26.08
-9.15 -13.50 56.87 26.11
-12.00 -46.65 76.23 26.13
-11.70 -72.00 73.33 26.02
-14.85 -87.00 52.51 25.95
-15.45 -98.25 31.22 26.13
-15.75 -100.35 16.46 26.19
-18.60 -85.65 -4.84 25.95
-21.00 -43.05 -15.00 26.04
-17.85 -16.05 -2.18 26.11
-17.70 -11.85 5.81 26.00
-18.60 -6.00 26.14 25.91
-15.15 -9.60 56.14 25.97
-12.60 -19.65 70.18 25.91
-10.20 -25.65 68.73 26.00
-10.35 -28.80 72.12 26.17
-10.05 -28.05 71.87 26.17
-7.50 -36.00 75.26 26.08
-1.95 -58.80 68.49 26.02
3.45 -91.50 52.27 25.82
0.60 -88.35 3.39 26.13
1.20 -80.10 -11.86 26.06
1.65 -46.80 -11.62 26.17
11.55 -18.30 22.02 26.00
20.85 -19.95 30.98 26.19
22.50 -31.05 50.82 26.00
25.05 -52.50 58.08 25.82
26.85 -62.85 49.37 25.91
29.10 -65.25 49.13 25.77
28.80 -68.70 39.93 26.17
29.25 -73.20 31.94 26.11
28.95 -75.30 29.04 25.97
28.95 -73.80 24.20 26.17
28.65 -70.20 15.97 26.13
25.80 -58.65 3.39 25.93
24.00 -47.40 3.63 25.91
24.30 -38.70 8.47 26.11
21.00 -27.90 24.44 26.02
17.85 -16.50 45.98 26.00
15.75 -23.55 59.05 25.86
12.00 -30.30 70.18 26.04
10.50 -63.45 66.79 26.17
8.10 -92.70 47.67 26.19
4.95 -93.60 7.26 26.04
5.25 -87.30 2.42 26.11
0.30 -83.55 -9.44 25.91
-3.30 -63.30 -13.31 26.17
-4.20 -21.30 1.21 26.08
-5.70 -9.15 20.81 26.02
-5.70 -11.70 54.21 26.17
-8.55 -33.00 73.81 26.17
-9.75 -55.95 76.96 26.04
-9.60 -73.20 73.08 26.13
-10.65 -90.30 59.05 26.13
-8.25 -99.90 40.90 26.17
-8.55 -94.95 12.58 26.02
-8.85 -79.95 -13.07 26.19
-6.90 -65.55 -14.76 25.97
-9.00 -46.95 -13.07 26.17
-9.30 -42.00 -13.79 25.91
-8.85 -29.25 -6.29 26.24
-5.70 -24.75 -6.05 25.77
-4.80 -26.40 -2.42 25.93
0.45 -9.00 45.01 26.04
2.70 -15.75 57.11 26.04
4.05 -25.95 65.82 26.19
5.70 -39.15 73.33 26.15
6.15 -54.75 70.42 26.08
7.65 -73.50 59.05 26.04
12.30 -90.00 39.69 25.97
15.00 -89.40 18.39 26.06
16.65 -80.40 7.50 26.17
20.40 -55.20 0.97 26.00
22.95 -46.65 1.94 26.06
22.35 -34.80 11.86 25.97
25.95 -28.80 34.36 25.77
28.20 -31.05 38.96 26.04
29.25 -31.50 40.17 26.11
30.30 -36.60 41.62 25.91
30.60 -44.70 45.98 26.17
31.20 -56.10 48.16 25.97
30.60 -64.50 47.43 26.13
28.80 -71.70 44.29 26.04
27.75 -76.80 33.64 26.06
25.80 -78.45 24.20 26.15
23.70 -80.85 9.44 25.82
22.95 -72.45 5.32 26.00
23.25 -55.20 1.94 26.17
20.85 -47.10 1.94 26.28
15.75 -28.05 15.25 26.04
15.15 -16.50 35.57 26.13
13.50 -14.70 53.97 25.97
14.85 -32.25 65.10 25.95
12.60 -48.60 71.15 26.15
11.40 -84.30 57.84 26.11
10.80 -92.10 22.51 26.04
11.70 -91.95 8.95 26.17
12.00 -71.40 -5.57 25.97
10.50 -26.70 2.42 26.15
12.30 -20.40 23.23 25.82
7.50 -9.45 45.74 25.95
5.40 -27.60 67.03 25.84
5.55 -63.00 73.08 25.88
5.70 -93.00 47.19 26.06
5.70 -94.95 24.44 26.08
9.45 -90.30 10.16 26.19
10.05 -69.60 -6.53 25.84
12.00 -43.35 -6.29 26.08
15.15 -18.00 17.18 25.86
15.90 -16.50 36.30 26.08
19.20 -19.05 42.35 26.11
20.40 -33.00 58.32 26.13
20.55 -51.60 61.47 26.02
23.10 -54.00 60.98 26.22
23.85 -62.25 57.35 26.13
25.80 -73.35 46.95 25.77
26.70 -76.95 31.70 25.95
28.80 -72.45 19.36 26.26
29.70 -67.80 18.15 26.13
31.05 -63.30 18.39 26.15
31.20 -42.75 21.78 26.04
32.40 -44.55 24.68 25.95
32.85 -44.25 35.09 26.02
33.30 -46.80 36.78 26.04
32.55 -53.40 45.98 26.22
31.65 -51.60 47.67 26.17
31.20 -57.60 46.71 26.06
29.55 -68.55 43.56 26.19
28.50 -75.90 31.70 26.06
28.05 -76.95 28.07 26.06
26.70 -76.95 18.88 26.11
25.20 -68.10 5.32 26.15
22.80 -53.70 -0.24 25.93
22.95 -46.35 4.11 26.04
22.35 -34.05 11.86 26.11
22.05 -23.55 22.75 26.11
17.25 -18.60 45.01 26.13
16.95 -25.05 55.18 26.06
17.10 -41.40 67.03 26.24
17.70 -60.45 65.10 26.04
15.45 -76.95 55.18 26.06
13.35 -89.10 40.90 26.11
13.05 -93.00 23.47 26.08
12.45 -85.50 1.21 26.19
11.85 -66.90 -5.08 26.06
11.25 -47.70 -5.81 26.04
11.10 -33.15 -6.29 26.22
10.35 -25.95 7.26 26.22
18.00 -22.80 21.54 26.15
10.80 -12.15 34.12 25.82
18.45 -21.90 45.98 25.93
19.05 -34.20 58.56 26.15
19.35 -60.15 65.10 26.00
20.85 -72.30 57.35 25.95
22.95 -77.55 42.35 26.15
22.65 -81.00 32.19 25.91
23.40 -79.95 25.17 26.13
28.05 -67.20 15.73 26.11
29.70 -54.60 9.44 26.19
30.00 -49.05 16.46 26.17
30.30 -36.45 24.93 26.04
29.70 -33.60 27.83 26.22
32.10 -41.40 40.17 26.22
32.10 -48.75 45.74 25.91
30.90 -52.65 47.92 26.19
28.05 -65.25 50.34 26.13
28.05 -69.75 48.16 26.02
25.50 -78.75 37.75 26.11
21.00 -86.10 22.75 26.02
16.20 -83.40 -0.48 26.17
13.80 -69.45 -4.84 25.97
11.10 -52.95 -9.20 26.11
5.40 -34.80 -7.99 26.02
8.25 -27.00 1.21 26.19
6.00 -15.60 15.00 26.13
6.15 -10.65 26.14 26.19
13.35 -13.05 39.69 26.24
12.90 -18.15 50.82 26.17
12.15 -30.00 62.68 26.22
11.55 -48.90 71.63 26.06
10.20 -62.25 69.94 26.15
11.40 -74.10 60.74 26.19
13.80 -86.85 48.16 26.11
22.20 -85.35 34.61 25.97
24.30 -80.55 25.89 26.19
22.20 -77.70 10.65 26.17
25.20 -61.80 7.99 26.04
30.60 -61.80 20.57 26.02
32.85 -58.95 27.35 26.13
33.60 -54.90 32.43 26.17
33.90 -58.65 37.75 26.17
32.40 -63.15 39.20 26.15
30.45 -71.25 32.91 26.22
30.15 -71.40 22.02 26.06
30.45 -66.00 18.88 26.22
29.85 -60.90 10.89 26.15
28.95 -51.15 10.16 26.13
28.05 -32.10 18.63 26.22
23.85 -26.40 36.78 26.13
28.80 -34.80 43.32 26.00
30.60 -45.60 48.64 26.17
30.60 -60.75 47.19 26.19
29.25 -70.80 37.99 26.17
29.55 -73.80 26.62 26.13
29.85 -68.85 15.73 26.00
30.90 -54.15 15.73 26.17
31.80 -46.05 21.30 26.02
32.70 -43.65 26.38 26.19
32.85 -42.60 34.85 26.11
33.15 -43.80 38.24 26.13
33.00 -51.15 40.41 26.15
32.40 -60.00 43.56 26.15
30.15 -70.65 35.82 26.00
27.60 -76.80 17.91 26.17
28.50 -61.05 12.58 26.15
30.60 -47.10 19.60 26.19
31.95 -39.75 35.57 26.04
32.70 -44.55 41.14 26.04
33.00 -56.85 38.96 25.84
33.30 -60.00 27.59 26.22
33.30 -47.10 22.51 25.97
33.30 -51.15 26.62 25.84
34.50 -49.65 31.94 25.91
33.60 -46.20 37.51 26.26
33.30 -50.70 37.03 26.19
33.90 -53.40 38.72 26.00
33.45 -53.70 42.83 25.86
30.60 -55.20 54.21 26.08
23.10 -58.50 65.82 26.08
13.05 -62.25 71.87 26.02
-0.90 -65.55 75.26 26.17
-8.40 -58.35 76.71 26.11
-2.40 -54.45 76.47 26.22
-9.45 -66.60 73.08 26.08
-15.15 -91.80 56.63 26.13
-16.95 -100.20 21.05 26.13
-19.50 -93.15 0.73 26.11
-19.95 -67.80 -14.76 26.04
-22.50 -27.60 -3.39 25.95
-21.30 -10.05 20.81 26.04
-21.60 -12.30 57.35 26.11
-24.60 -55.50 75.50 25.91
-24.30 -75.00 60.50 26.04
-29.55 -93.90 44.29 26.17
-36.75 -94.05 24.20 26.19
-40.80 -81.00 -4.11 26.24
-38.85 -63.90 -7.02 26.00
-41.25 -48.60 -6.78 26.15
-42.00 -33.75 6.53 26.17
-43.80 -21.75 17.67 26.17
-43.80 -19.35 43.80 26.00
-45.75 -36.30 62.19 26.04
-43.50 -51.00 63.89 26.11
-43.80 -75.30 57.35 26.00
-45.75 -87.45 43.32 26.08
-43.95 -88.50 23.72 25.97
-42.60 -87.60 7.99 26.22
-42.00 -75.75 -1.69 26.13
-41.25 -65.25 -6.29 26.06
-41.55 -47.10 -6.78 26.13
-39.45 -26.10 4.84 26.08
-38.25 -18.45 13.79 26.11
-36.90 -13.35 21.78 26.22
-32.70 -10.50 41.38 26.04
-29.40 -21.45 62.92 25.91
-25.05 -37.35 74.78 26.08
-23.85 -61.35 73.81 26.11
-22.80 -93.00 50.82 26.08
-19.35 -99.30 17.91 26.19
-17.85 -89.10 -4.36 26.02
-15.60 -71.40 -14.76 26.00
-12.90 -41.10 -12.34 26.04
-11.70 -17.10 6.53 26.11
-9.75 -6.30 36.06 25.86
-7.35 -16.35 71.63 25.86
-8.55 -48.90 77.20 25.97
-8.40 -85.65 65.34 26.19
-6.15 -98.10 37.51 26.22
-7.95 -96.45 7.02 26.22
-6.30 -70.20 -15.00 26.06
-9.60 -43.20 -13.55 26.11
-11.55 -18.45 6.53 26.00
-14.25 -6.00 32.67 25.91
-14.40 -9.90 51.79 25.82
-16.05 -30.60 74.29 26.31
-21.45 -61.20 74.54 26.11
-23.85 -78.30 62.44 26.11
-22.35 -97.65 44.77 25.91
-23.40 -93.45 0.97 26.13
-23.10 -64.65 -13.31 25.82
-23.55 -42.30 -7.99 26.06
-21.15 -13.80 10.65 26.04
-23.10 -6.90 40.66 26.08
-23.70 -23.10 69.45 25.75
-24.00 -51.90 73.33 26.08
-29.55 -83.70 56.14 25.97
-34.05 -96.90 32.19 26.06
-34.80 -88.20 -1.69 26.11
-37.05 -56.85 -8.95 26.15
-40.20 -43.35 -1.45 26.06
-42.30 -33.90 1.69 26.06
-42.45 -18.45 19.60 26.04
-42.90 -22.20 42.59 26.00
-42.00 -29.10 63.40 25.84
-43.50 -45.90 65.34 26.06
-45.45 -66.15 63.89 26.19
-44.40 -84.00 46.71 26.02
-44.40 -88.35 24.68 26.26
-47.10 -88.05 19.36 26.08
-48.75 -75.15 8.23 26.13
-46.65 -65.70 1.45 26.11
-47.25 -69.75 -1.45 25.93
-46.50 -56.70 -2.18 26.11
-45.45 -46.05 1.94 26.13
-48.45 -35.10 4.11 26.19
-44.70 -19.80 24.93 26.13
-45.45 -17.85 34.12 26.19
-41.85 -18.30 47.19 25.80
-39.60 -21.60 55.18 26.17
-39.00 -45.15 66.07 26.13
-40.80 -55.20 66.79 26.06
-42.60 -79.20 53.48 26.17
-40.35 -92.10 23.23 26.13
-42.75 -88.50 8.23 26.08
-46.20 -70.50 -4.60 26.02
-37.80 -40.80 -6.29 26.13
-35.70 -30.00 -5.08 25.77
-31.50 -11.55 18.88 26.17
-29.55 -9.90 45.74 26.13
-34.65 -22.50 60.98 26.08
-34.05 -53.55 70.18 25.82
-35.55 -65.85 65.10 26.02
-35.55 -86.70 55.18 26.06
-25.95 -99.30 24.68 26.04
-25.50 -97.80 9.20 26.15
-25.05 -87.00 -0.97 25.80
-22.20 -58.50 -13.79 25.86
-21.15 -56.10 -15.00 26.00
-25.50 -30.00 -6.29 26.19
-20.40 -7.05 28.31 25.84
-16.20 -6.60 45.01 25.80
-13.65 -27.00 72.12 25.95
-8.70 -61.20 71.87 25.93
-10.20 -80.85 68.00 25.97
-12.30 -100.65 41.62 25.84
-11.85 -101.40 11.37 25.97
-15.75 -81.00 -8.47 26.19
-13.05 -36.90 -13.07 26.02
-15.30 -25.80 6.78 26.15
-16.80 -6.75 28.56 25.93
-14.85 -21.75 68.49 26.04
-13.95 -29.40 72.12 26.04
-14.70 -56.25 76.96 26.19
-10.95 -54.15 76.96 26.00
-15.90 -61.95 75.75 26.19
-24.00 -69.75 72.84 26.15
-28.50 -71.55 68.49 26.22
-31.20 -93.90 42.11 25.86
-28.50 -98.85 26.14 25.77
-30.00 -90.45 5.32 26.15
-27.75 -73.20 -11.62 26.08
-29.55 -60.00 -13.79 25.80
-28.05 -20.40 2.90 26.13
-27.30 -9.45 37.75 25.93
-31.20 -14.40 51.55 26.00
-28.20 -42.60 71.87 26.04
-29.70 -60.75 67.52 25.80
-32.10 -84.30 60.50 26.11
-29.10 -97.20 28.80 25.82
-31.65 -91.05 1.21 26.02
-34.65 -80.55 -4.84 25.82
-37.50 -55.65 -7.99 26.00
-38.25 -52.65 -8.95 26.02
-40.05 -29.55 -0.48 26.06
-40.80 -29.40 3.87 25.86
-45.30 -22.35 16.46 26.08
-42.90 -18.45 22.26 25.93
-46.65 -21.30 33.40 26.17
-44.10 -19.95 39.45 26.26
-48.90 -33.90 49.85 26.04
-49.20 -37.35 56.87 26.06
-51.75 -53.10 59.29 26.06
-48.30 -65.40 56.87 25.88
-46.50 -74.10 55.90 25.88
-48.00 -82.50 42.83 26.17
-46.50 -87.45 31.94 25.84
-47.70 -87.00 26.38 26.17
-45.60 -81.15 10.41 26.06
-45.00 -81.00 8.71 26.06
-49.50 -68.25 4.36 25.86
-48.60 -58.20 2.18 25.80
-53.40 -50.85 3.15 25.86
-52.20 -45.90 10.65 25.95
-53.85 -35.25 8.71 26.11
-48.75 -24.90 17.18 25.97
-47.70 -21.30 30.25 25.80
-47.55 -21.60 38.24 26.08
-42.15 -22.50 57.60 25.80
-43.05 -34.50 62.92 26.00
-38.25 -57.75 68.97 25.84
-37.65 -64.05 68.49 26.11
-36.90 -84.45 55.90 26.02
-35.55 -93.45 33.40 26.02
-40.35 -94.05 27.35 25.91
-39.15 -80.40 2.90 26.04
-37.05 -68.85 -8.47 26.02
-38.85 -46.50 -9.44 26.00
-32.25 -20.40 3.87 25.91
-27.45 -14.85 8.71 25.93
-24.30 -8.10 35.09 26.06
-21.90 -8.40 46.22 25.97
-20.55 -24.60 68.24 25.95
-18.15 -37.95 76.96 26.04
-18.90 -62.40 76.96 25.91
-17.25 -89.25 62.92 25.77
-18.75 -95.25 47.92 26.06
-25.05 -98.10 15.97 26.02
-27.00 -83.25 -10.89 25.88
-27.30 -70.80 -12.10 26.08
-25.35 -31.80 -8.47 25.95
-27.45 -28.05 0.00 26.06
-30.15 -10.35 28.31 26.06
-25.65 -12.60 60.26 26.02
-29.40 -18.45 60.26 26.11
-24.00 -46.50 73.57 26.04
-31.65 -65.70 71.39 25.86
-34.65 -90.45 47.67 26.06
-35.70 -95.40 32.19 25.97
-36.60 -82.20 -2.42 25.71
-36.45 -39.30 -0.97 26.08
-36.45 -16.05 13.31 25.69
-36.90 -16.65 49.13 25.75
-41.70 -32.40 64.61 26.22
-37.65 -65.10 65.10 25.82
-35.85 -93.75 45.01 26.15
-30.90 -98.40 23.96 26.06
-29.70 -85.05 -0.24 26.02
-34.20 -78.30 -4.11 25.93
-30.00 -55.20 -13.31 25.95
-29.40 -46.05 -11.37 25.93
-28.95 -19.35 9.44 25.97
-37.05 -14.55 36.06 25.93
-41.40 -18.90 43.56 26.00
-41.10 -17.25 46.46 26.13
-43.65 -25.65 57.35 25.97
-44.55 -33.75 58.32 26.08
-43.35 -46.20 65.34 25.95
-47.40 -68.40 53.48 25.77
-49.50 -75.00 47.67 26.15
-51.30 -81.30 36.54 25.93
-53.40 -78.15 22.75 25.73
-51.60 -77.70 17.18 25.93
-54.00 -71.10 13.07 25.93
-55.05 -60.75 10.89 25.95
-55.80 -56.70 10.16 25.77
-56.10 -54.60 8.95 25.84
-56.85 -49.35 17.42 26.00
-58.65 -51.15 16.21 25.75
-57.30 -50.10 12.10 26.02
-57.00 -49.50 16.94 25.95
-59.10 -52.05 19.12 25.95
-58.35 -47.25 14.52 25.80
-58.50 -46.80 22.02 25.77
-58.95 -43.20 23.96 26.00
-58.05 -39.45 28.31 25.88
-59.40 -43.20 33.64 25.97
-59.40 -48.90 40.90 26.11
-58.50 -55.20 43.08 25.86
-57.90 -61.35 44.77 26.04
-55.80 -71.85 37.75 25.91
-57.60 -70.20 24.93 26.17
-57.00 -64.50 13.31 26.06
-56.70 -57.00 11.62 25.73
-54.90 -57.75 6.05 26.04
-53.25 -59.70 3.87 25.77
-51.30 -54.75 0.97 26.08
-48.60 -33.45 7.26 26.00
-45.90 -21.90 22.99 25.88
-40.95 -15.30 35.57 25.93
-41.70 -24.75 53.48 25.91
-43.80 -46.80 63.89 25.82
-44.55 -60.30 60.98 25.93
-44.55 -75.75 56.87 25.86
-42.00 -91.65 32.43 25.80
-41.85 -89.85 20.33 25.82
-49.50 -82.80 17.42 26.11
-47.70 -77.10 1.94 25.91
-41.25 -52.65 -7.02 25.82
-43.20 -44.55 -1.69 25.95
-43.95 -26.70 9.92 25.95
-45.60 -21.15 28.80 26.13
-45.60 -24.15 53.97 25.84
-46.50 -43.80 65.82 25.73
-45.30 -72.75 54.45 25.88
-50.10 -82.05 31.94 26.13
-52.50 -78.60 15.00 25.82
-54.60 -63.90 4.84 25.82
-48.00 -31.80 7.99 25.80
-39.15 -16.35 18.88 26.02
-32.55 -9.75 41.38 25.97
-33.15 -21.60 69.94 25.88
-32.85 -67.65 68.24 26.13
-38.85 -90.30 38.24 25.80
-46.65 -81.75 2.90 25.80
-48.00 -44.55 7.02 26.02
-47.70 -20.10 38.48 25.73
-39.30 -32.40 71.15 25.80
-16.80 -71.10 68.97 26.00
-11.40 -99.90 16.46 25.64
-7.80 -54.00 -14.76 25.73
2.55 -25.20 6.78 25.91
1.80 -11.85 58.08 25.71
6.75 -56.10 71.39 25.84
13.35 -87.15 45.50 25.91
7.95 -98.40 24.20 25.60
-8.25 -95.85 8.47 25.91
11.25 -64.95 -5.32 25.71
17.55 -39.30 -8.95 25.64
-3.30 -85.95 10.89 25.71
-19.50 -99.75 16.94 25.75
-4.95 -84.75 -3.15 26.00
16.50 -50.85 -1.94 25.95
13.50 -69.00 -4.60 26.00
3.30 -78.75 -3.15 25.95
8.55 -80.40 1.69 25.95
10.05 -82.20 3.15 25.66
9.00 -82.65 1.21 25.73
8.85 -78.30 -2.66 26.00
8.85 -71.70 -7.02 25.80
4.05 -64.95 -11.86 25.75
-4.95 -63.45 -14.28 25.82
-6.00 -60.30 -14.52 25.84
-7.80 -58.20 -15.00 26.06
-10.95 -57.00 -15.49 25.82
-8.25 -56.40 -15.00 26.02
-6.90 -57.60 -15.25 25.80
-5.55 -62.70 -13.55 25.77
-2.40 -68.40 -10.89 25.69
-1.05 -72.30 -8.95 25.58
-1.65 -74.70 -9.20 25.73
-2.25 -76.20 -8.71 25.97
-4.05 -77.70 -7.99 25.82
-3.15 -77.10 -7.50 25.73
-1.05 -75.90 -7.50 25.69
-0.15 -75.75 -7.74 25.97
0.75 -75.75 -6.78 25.88
1.95 -76.35 -6.29 25.69
2.55 -76.50 -6.05 25.69
1.65 -77.25 -6.29 25.91
1.80 -77.10 -5.57 25.88
2.40 -77.70 -4.84 25.80
3.30 -77.70 -4.84 25.80
3.00 -78.15 -5.08 25.66
3.15 -78.30 -5.32 25.71
2.85 -77.85 -4.84 25.86
2.85 -78.15 -5.32 25.86
2.10 -78.45 -4.11 25.82
