09:52:51 32.55 -38.70 -4.84 24.65
09:52:51 32.55 -38.70 -5.08 24.62
09:52:51 31.35 -38.55 -5.08 24.62
09:52:52 32.25 -38.40 -5.81 24.49
09:52:52 25.20 -41.70 -8.47 24.67
09:52:52 20.40 -45.45 -8.23 24.51
09:52:52 22.80 -43.80 -7.50 24.58
09:52:53 23.40 -44.85 -8.23 24.56
09:52:53 22.50 -37.80 -6.53 24.47
09:52:53 25.50 -34.20 -5.32 24.71
09:52:53 28.05 -40.20 -6.29 24.76
09:52:54 30.60 -38.10 -1.94 24.51
09:52:54 28.80 -9.00 33.88 24.49
09:52:54 29.40 -5.25 46.71 24.51
09:52:55 27.60 -10.65 63.16 24.60
09:52:55 28.35 -37.05 82.04 24.62
09:52:55 29.10 -44.55 82.52 24.51
09:52:55 29.70 -81.45 57.35 24.51
09:52:56 34.20 -93.30 33.64 24.58
09:52:56 32.25 -84.90 4.60 24.54
09:52:56 31.80 -55.65 -6.53 24.58
09:52:56 30.75 -44.85 -6.78 24.51
09:52:57 31.35 -43.65 -5.81 24.51
09:52:57 33.15 -43.50 -4.84 24.56
09:52:57 33.90 -17.85 9.92 24.62
09:52:58 35.40 -16.50 12.34 24.54
09:52:58 34.80 -7.20 48.16 24.80
09:52:58 36.00 -9.30 53.72 24.67
09:52:58 34.95 -40.35 80.10 24.51
09:52:59 36.45 -48.90 79.38 24.60
09:52:59 36.15 -87.30 51.79 24.69
09:52:59 37.95 -90.75 38.24 24.56
09:52:59 37.05 -82.95 7.99 24.40
09:53:00 36.60 -63.75 -2.66 24.51
09:53:00 36.45 -48.00 -4.84 24.51
09:53:00 37.20 -50.70 -3.63 24.49
09:53:01 37.50 -54.60 -3.15 24.49
09:53:01 37.05 -42.00 0.97 24.51
09:53:01 34.35 -15.90 14.28 24.58
09:53:01 36.00 -7.35 52.51 24.40
09:53:02 34.95 -16.35 63.65 24.51
09:53:02 36.60 -39.00 80.34 24.51
09:53:02 35.10 -63.30 77.92 24.56
09:53:02 36.30 -90.75 40.17 24.29
09:53:03 36.00 -88.20 17.91 24.36
09:53:03 36.75 -80.10 2.66 24.49
09:53:03 34.65 -56.85 -5.57 24.45
09:53:04 34.20 -55.50 -4.36 24.51
09:53:04 35.10 -57.45 -4.36 24.49
09:53:04 31.80 -60.90 -6.05 24.47
09:53:04 28.35 -16.95 6.29 24.42
09:53:05 28.95 -11.25 26.86 24.51
09:53:05 26.10 -12.90 61.47 24.49
09:53:05 30.75 -15.00 71.63 24.51
09:53:05 27.60 -74.70 77.20 24.51
09:53:06 30.90 -77.10 69.45 24.40
09:53:06 30.60 -91.05 20.81 24.49
09:53:06 31.65 -87.45 10.89 24.56
09:53:07 30.60 -64.95 -5.32 24.45
09:53:07 28.95 -62.25 -5.08 24.60
09:53:07 27.90 -66.00 -4.60 24.62
09:53:07 24.60 -68.70 -4.11 24.54
09:53:08 20.70 -33.75 0.73 24.58
09:53:08 21.15 -22.05 0.97 24.49
09:53:08 20.40 -3.60 42.35 24.42
09:53:08 21.00 -4.20 53.97 24.49
09:53:09 18.00 -26.85 80.10 24.51
09:53:09 22.20 -45.30 80.83 24.51
09:53:09 19.65 -78.75 74.05 24.42
09:53:09 20.85 -91.35 54.45 24.56
09:53:10 20.70 -96.90 24.44 24.60
09:53:10 19.35 -80.85 2.18 24.40
09:53:10 18.90 -78.00 0.24 24.49
09:53:11 20.55 -76.20 -0.48 24.71
09:53:11 15.30 -76.50 -1.45 24.65
09:53:11 9.90 -24.00 -1.69 24.56
09:53:11 12.75 -19.65 9.92 24.47
09:53:12 7.05 -7.05 57.35 24.51
09:53:12 10.50 -43.65 84.70 24.38
09:53:12 12.30 -69.90 62.19 24.54
09:53:12 11.25 -94.05 45.74 24.51
09:53:13 9.60 -90.30 8.71 24.49
09:53:13 7.50 -66.90 -5.08 24.51
09:53:13 8.85 -67.35 -5.08 24.71
09:53:14 7.05 -66.15 -5.32 24.62
09:53:14 2.55 -15.30 9.68 24.42
09:53:14 1.95 -7.35 49.85 24.42
09:53:14 2.70 -14.40 75.26 24.40
09:53:15 2.85 -35.25 81.31 24.51
09:53:15 3.30 -66.90 72.84 24.47
09:53:15 4.50 -84.45 57.35 24.47
09:53:15 4.35 -93.00 49.61 24.40
09:53:16 -0.30 -86.70 12.34 24.51
09:53:16 0.45 -73.50 -1.69 24.51
09:53:16 -0.60 -57.60 -4.11 24.56
09:53:17 1.05 -59.25 -5.57 24.51
09:53:17 -0.60 -53.10 -4.84 24.47
09:53:17 -1.35 -27.90 19.60 24.36
09:53:17 -1.50 -8.25 54.93 24.47
09:53:18 -4.20 -14.40 71.39 24.42
09:53:18 -0.15 -30.15 81.07 24.54
09:53:18 1.05 -57.75 66.55 24.54
09:53:18 0.15 -92.70 28.31 24.49
09:53:19 2.10 -91.50 10.41 24.27
09:53:19 -0.15 -67.20 -3.15 24.45
09:53:19 -1.05 -52.05 -5.32 24.58
09:53:19 -1.65 -52.80 -5.08 24.51
09:53:20 0.45 -51.30 -5.32 24.51
09:53:20 0.30 -49.65 -6.53 24.45
09:53:20 -1.20 -16.20 13.07 24.51
09:53:21 0.75 -6.00 43.08 24.60
09:53:21 2.85 -21.45 71.15 24.49
09:53:21 3.90 -47.25 81.07 24.60
09:53:21 1.20 -65.70 81.31 24.40
09:53:22 4.05 -88.35 65.34 24.34
09:53:22 4.35 -95.25 47.19 24.49
09:53:22 4.80 -92.10 17.91 24.51
09:53:23 4.50 -88.20 7.74 24.47
09:53:23 2.25 -66.45 -5.08 24.42
09:53:23 1.65 -39.30 -5.81 24.31
09:53:23 3.30 -40.05 -6.29 24.51
09:53:24 7.05 -37.35 -6.05 24.51
09:53:24 10.95 -12.00 24.93 24.49
09:53:24 11.10 -4.35 55.18 24.29
09:53:24 11.10 -14.25 78.17 24.54
09:53:25 11.25 -30.60 83.73 24.36
09:53:25 10.65 -59.55 82.04 24.62
09:53:25 10.65 -84.90 68.97 24.47
09:53:25 10.20 -97.05 37.03 24.51
09:53:26 11.70 -88.35 14.76 24.38
09:53:26 13.35 -63.90 -6.05 24.29
09:53:26 13.80 -32.70 -5.81 24.36
09:53:27 15.00 -33.00 -5.81 24.42
09:53:27 19.05 -9.30 16.94 24.34
09:53:27 20.40 -3.45 42.11 24.38
09:53:27 23.10 -15.60 73.57 24.38
09:53:28 23.25 -46.35 83.97 24.60
09:53:28 22.65 -73.50 71.87 24.36
09:53:28 23.70 -93.00 44.29 24.62
09:53:28 22.95 -88.95 7.26 24.40
09:53:29 21.15 -55.35 -7.99 24.29
09:53:29 20.70 -48.75 -8.23 24.49
09:53:29 23.55 -44.70 -7.74 24.56
09:53:30 24.75 -15.00 6.78 24.51
09:53:30 27.00 -5.10 33.64 24.36
09:53:30 29.40 -10.50 61.23 24.34
09:53:30 30.90 -32.10 79.13 24.38
09:53:31 30.30 -60.60 76.47 24.47
09:53:31 30.75 -87.30 53.48 24.45
09:53:31 32.25 -84.45 9.20 24.67
09:53:31 36.60 -74.55 2.18 24.34
09:53:32 40.65 -63.00 1.45 24.42
09:53:32 45.75 -59.85 5.08 24.36
09:53:32 50.10 -52.50 6.78 24.27
09:53:33 51.45 -37.50 10.16 24.36
09:53:33 51.00 -24.90 21.05 24.34
09:53:33 50.70 -18.60 40.66 24.47
09:53:33 50.25 -26.25 57.35 24.51
09:53:34 50.85 -48.00 67.52 24.34
09:53:34 51.75 -66.30 63.89 24.29
09:53:34 51.60 -79.20 47.92 24.23
09:53:34 52.50 -79.80 32.43 24.20
09:53:35 52.05 -76.05 14.76 24.29
09:53:35 52.05 -62.25 7.02 24.29
09:53:35 52.65 -44.40 12.34 24.34
09:53:36 52.50 -34.95 14.28 24.36
09:53:36 52.05 -23.55 29.28 24.29
09:53:36 51.45 -20.55 49.37 24.38
09:53:36 52.35 -32.70 63.89 24.29
09:53:37 51.15 -58.95 65.34 24.34
09:53:37 52.05 -78.30 41.87 24.54
09:53:37 52.05 -74.25 22.51 24.25
09:53:37 51.15 -60.60 9.92 24.34
09:53:38 51.30 -34.80 11.13 24.36
09:53:38 52.05 -19.50 30.49 24.47
09:53:38 52.95 -21.90 51.30 24.27
09:53:38 52.50 -30.90 65.82 24.34
09:53:39 53.25 -51.75 67.28 24.51
09:53:39 50.85 -61.65 58.08 24.51
09:53:39 50.25 -81.15 31.70 24.47
09:53:40 48.15 -83.70 19.84 24.36
09:53:40 49.05 -75.00 6.53 24.34
09:53:40 47.85 -52.20 4.11 24.47
09:53:40 47.85 -32.40 14.52 24.42
09:53:41 48.60 -18.75 29.52 24.42
09:53:41 45.30 -14.10 50.82 24.31
09:53:41 42.60 -40.80 73.33 24.34
09:53:41 44.40 -68.40 71.39 24.29
09:53:42 43.20 -87.00 54.93 24.38
09:53:42 43.95 -85.35 23.23 24.47
09:53:42 44.10 -61.20 0.48 24.45
09:53:43 43.80 -29.55 12.34 24.27
09:53:43 43.95 -13.50 44.77 24.49
09:53:43 41.85 -11.85 64.86 24.31
09:53:43 39.75 -27.60 77.20 24.34
09:53:44 36.15 -47.10 79.38 24.56
09:53:44 35.70 -75.60 69.21 24.31
09:53:44 38.55 -90.75 44.04 24.27
09:53:44 37.95 -87.45 20.57 24.29
09:53:45 37.35 -75.60 6.29 24.40
09:53:45 38.25 -55.05 -3.87 24.47
09:53:45 38.10 -16.20 10.41 24.31
09:53:46 36.45 -8.55 23.72 24.49
09:53:46 30.90 -7.20 69.45 24.31
09:53:46 30.60 -23.25 81.07 24.49
09:53:46 32.25 -43.80 79.38 24.31
09:53:47 30.90 -74.40 73.08 24.42
09:53:47 29.55 -84.30 64.13 24.54
09:53:47 32.10 -93.75 34.61 24.51
09:53:47 34.50 -75.00 2.42 24.31
09:53:48 31.80 -35.70 -6.05 24.40
09:53:48 29.55 -11.10 28.80 24.42
09:53:48 26.85 -4.80 67.03 24.36
09:53:48 26.25 -15.60 76.96 24.47
09:53:49 26.70 -37.05 82.52 24.42
09:53:49 25.80 -77.10 71.39 24.38
09:53:49 25.65 -94.20 48.64 24.36
09:53:50 28.35 -88.35 11.86 24.42
09:53:50 29.10 -59.70 -6.29 24.42
09:53:50 27.30 -11.70 8.23 24.49
09:53:50 23.25 -6.90 51.30 24.42
09:53:51 25.20 -24.75 80.83 24.38
09:53:51 22.95 -39.15 84.94 24.40
09:53:51 21.75 -56.70 73.33 24.45
09:53:51 25.80 -81.75 49.61 24.40
09:53:52 26.85 -95.25 29.77 24.45
09:53:52 27.30 -79.80 -0.48 24.29
09:53:52 25.05 -63.45 -6.78 24.49
09:53:53 24.60 -33.75 -3.39 24.49
09:53:53 24.00 -9.60 17.42 24.40
09:53:53 24.60 -4.05 38.24 24.45
09:53:53 27.00 -9.90 54.93 24.36
09:53:54 29.25 -30.15 75.99 24.31
09:53:54 27.75 -58.95 82.04 24.42
09:53:54 26.85 -75.60 65.10 24.42
09:53:54 25.65 -90.90 44.53 24.34
09:53:55 28.65 -94.80 15.25 24.49
09:53:55 28.80 -87.15 0.24 24.38
09:53:55 31.20 -66.00 -4.36 24.54
09:53:56 31.05 -32.10 -0.48 24.27
09:53:56 30.15 -13.50 14.04 24.47
09:53:56 30.60 -6.75 27.10 24.38
09:53:56 31.35 -6.30 46.22 24.40
09:53:57 34.35 -14.70 63.40 24.38
09:53:57 33.90 -23.70 69.70 24.38
09:53:57 34.50 -48.45 79.38 24.51
09:53:57 38.10 -68.55 76.23 24.23
09:53:58 39.00 -84.30 58.32 24.36
09:53:58 39.30 -87.30 45.25 24.38
09:53:58 40.95 -88.50 27.59 24.36
09:53:59 45.00 -83.85 15.25 24.29
09:53:59 46.65 -75.60 7.74 24.20
09:53:59 47.25 -59.85 2.42 24.36
09:53:59 46.50 -40.35 3.87 24.38
09:54:00 47.55 -25.95 19.36 24.40
09:54:00 49.65 -20.10 33.15 24.29
09:54:00 48.30 -15.75 41.14 24.47
09:54:00 51.60 -24.75 55.42 24.38
09:54:01 54.00 -45.75 62.44 24.40
09:54:01 57.15 -51.60 59.29 24.36
09:54:01 57.00 -65.85 52.27 24.49
09:54:01 58.05 -69.90 38.96 24.38
09:54:02 58.50 -64.80 22.99 24.34
09:54:02 59.40 -56.70 21.78 24.31
09:54:02 59.10 -51.60 20.57 24.36
09:54:03 59.85 -42.45 24.20 24.27
09:54:03 60.00 -33.75 32.91 24.47
09:54:03 59.70 -32.85 39.45 24.42
09:54:03 59.70 -33.00 47.43 24.31
09:54:04 57.90 -35.25 58.08 24.51
09:54:04 56.70 -46.80 60.74 24.31
09:54:04 57.45 -57.00 59.53 24.45
09:54:04 57.00 -67.50 50.58 24.25
09:54:05 58.05 -70.20 44.04 24.34
09:54:05 56.25 -73.05 31.22 24.27
09:54:05 55.20 -66.00 16.70 24.42
09:54:06 53.85 -55.05 9.44 24.42
09:54:06 53.10 -38.70 9.92 24.38
09:54:06 52.80 -23.10 19.36 24.40
09:54:06 49.35 -15.45 33.15 24.47
09:54:07 47.55 -18.60 53.00 24.25
09:54:07 46.50 -35.25 70.18 24.47
09:54:07 45.90 -51.00 75.50 24.27
09:54:07 45.30 -58.95 74.05 24.42
09:54:08 46.65 -79.20 52.76 24.42
09:54:08 46.80 -85.20 43.32 24.36
09:54:08 45.60 -86.25 19.84 24.47
09:54:09 46.35 -76.95 12.83 24.47
09:54:09 45.00 -52.80 0.97 24.25
09:54:09 44.55 -26.10 7.26 24.42
09:54:09 43.80 -11.55 26.14 24.47
09:54:10 41.55 -12.15 64.13 24.45
09:54:10 40.05 -20.25 75.50 24.47
09:54:10 41.40 -42.15 77.44 24.45
09:54:10 41.25 -72.90 69.94 24.36
09:54:11 40.80 -89.10 46.22 24.47
09:54:11 39.60 -88.35 27.35 24.25
09:54:11 39.60 -79.20 9.44 24.47
09:54:12 38.70 -74.25 -1.45 24.34
09:54:12 39.00 -59.55 -2.18 24.47
09:54:12 36.90 -38.25 1.94 24.31
09:54:12 36.30 -22.50 11.37 24.47
09:54:13 35.25 -9.60 24.20 24.42
09:54:13 34.50 -6.75 37.27 24.23
09:54:13 35.85 -15.30 56.63 24.31
09:54:13 34.65 -35.55 77.92 24.20
09:54:14 33.90 -55.80 79.38 24.47
09:54:14 35.70 -63.00 69.70 24.36
09:54:14 36.00 -81.75 62.92 24.31
09:54:15 34.35 -91.50 48.16 24.34
09:54:15 34.20 -93.30 38.48 24.18
09:54:15 34.65 -89.25 21.30 24.27
09:54:15 34.35 -72.00 3.39 24.34
09:54:16 35.85 -54.15 -4.36 24.40
09:54:16 36.15 -38.40 -3.63 24.31
09:54:16 34.20 -28.80 9.44 24.23
09:54:16 33.45 -13.20 30.98 24.27
09:54:17 32.10 -6.00 48.64 24.49
09:54:17 32.40 -12.30 64.13 24.40
09:54:17 32.85 -34.35 78.41 24.31
09:54:17 33.75 -70.35 77.44 24.16
09:54:18 32.70 -88.80 63.65 24.29
09:54:18 32.10 -94.05 32.67 24.25
09:54:18 32.25 -90.60 13.07 24.23
09:54:19 31.50 -84.90 -1.21 24.36
09:54:19 31.05 -71.10 -2.18 24.29
09:54:19 30.75 -40.05 -4.60 24.40
09:54:19 30.90 -13.95 8.71 24.34
09:54:20 30.45 -5.85 35.09 24.42
09:54:20 30.30 -14.70 66.31 24.29
09:54:20 31.95 -24.75 80.10 24.23
09:54:20 33.60 -54.75 76.96 24.20
09:54:21 32.10 -71.25 68.73 24.14
09:54:21 33.60 -88.65 52.76 24.34
09:54:21 34.05 -93.45 32.19 24.20
09:54:22 33.75 -82.05 8.95 24.36
09:54:22 33.00 -57.45 -3.63 24.27
09:54:22 33.00 -29.70 -1.69 24.36
09:54:22 33.45 -16.80 23.72 24.49
09:54:23 33.30 -7.05 51.06 24.23
09:54:23 34.80 -9.15 58.81 24.18
09:54:23 35.40 -23.25 71.39 24.56
09:54:23 35.55 -39.90 79.13 24.29
09:54:24 35.55 -62.85 78.65 24.40
09:54:24 37.35 -81.90 65.82 24.29
09:54:24 37.35 -85.50 57.35 24.51
09:54:25 38.70 -90.00 27.10 24.27
09:54:25 42.00 -85.65 17.67 24.20
09:54:25 42.00 -60.90 -0.48 24.23
09:54:25 40.80 -28.95 4.60 24.38
09:54:26 41.10 -11.85 21.78 24.42
09:54:26 42.00 -14.10 51.55 24.31
09:54:26 43.35 -32.55 70.91 24.27
09:54:26 43.65 -47.10 72.84 24.27
09:54:27 46.50 -61.05 61.47 24.29
09:54:27 47.40 -78.00 49.13 24.27
09:54:27 50.10 -81.75 33.15 24.49
09:54:28 51.00 -73.65 16.21 24.49
09:54:28 51.15 -54.45 7.26 24.34
09:54:28 50.55 -32.55 10.16 24.23
09:54:28 51.15 -24.60 21.05 24.40
09:54:29 53.10 -22.65 39.20 24.45
09:54:29 53.25 -20.85 46.95 24.51
09:54:29 52.65 -25.35 60.50 24.25
09:54:29 54.75 -36.15 63.65 24.47
09:54:30 55.65 -51.60 56.63 24.42
09:54:30 55.80 -67.20 52.03 24.47
09:54:30 58.05 -71.55 37.03 24.45
09:54:31 57.60 -67.80 27.35 24.31
09:54:31 59.10 -58.65 20.57 24.45
09:54:31 58.50 -45.30 18.15 24.23
09:54:31 58.50 -41.10 20.33 24.40
09:54:32 59.40 -42.30 20.57 24.25
09:54:32 59.25 -43.20 20.57 24.18
09:54:32 58.95 -43.65 20.09 24.42
09:54:32 60.90 -46.20 28.31 24.25
09:54:33 62.40 -48.60 31.70 24.36
09:54:33 63.30 -49.80 37.03 24.36
09:54:33 62.55 -51.60 41.87 24.47
09:54:33 62.25 -50.55 42.83 24.27
09:54:34 61.65 -42.75 39.69 24.27
09:54:34 62.40 -40.80 40.41 24.40
09:54:34 61.20 -38.70 32.43 24.31
09:54:35 61.80 -44.10 27.10 24.47
09:54:35 61.50 -48.30 24.93 24.36
09:54:35 60.90 -52.65 20.33 24.27
09:54:35 59.25 -62.10 21.05 24.20
09:54:36 57.90 -69.75 24.93 24.49
09:54:36 56.70 -74.40 37.27 24.47
09:54:36 56.55 -70.35 53.72 24.38
09:54:36 55.05 -57.90 63.40 24.20
09:54:37 55.65 -41.85 62.19 24.29
09:54:37 56.55 -30.90 54.45 24.31
09:54:37 55.05 -24.30 43.32 24.20
09:54:38 56.40 -25.35 32.91 24.18
09:54:38 55.80 -26.55 21.78 24.45
09:54:38 54.45 -33.30 12.34 24.40
09:54:38 54.90 -48.45 12.58 24.25
09:54:39 55.50 -62.10 19.84 24.23
09:54:39 55.80 -72.60 25.17 24.31
09:54:39 54.75 -76.65 32.19 24.40
09:54:39 55.50 -75.75 42.83 24.31
09:54:40 54.60 -73.95 58.32 24.25
09:54:40 52.05 -64.80 66.55 24.20
09:54:40 53.10 -48.90 66.79 24.23
09:54:41 49.65 -30.00 62.44 24.29
09:54:41 50.85 -28.80 57.35 24.27
09:54:41 51.90 -21.30 48.16 24.20
09:54:41 49.35 -16.80 29.28 24.31
09:54:42 49.35 -23.40 15.25 24.31
09:54:42 49.50 -37.65 5.08 24.27
09:54:42 49.95 -63.75 8.95 24.25
09:54:42 51.15 -63.75 8.95 24.20
09:54:43 48.75 -62.25 5.32 24.31
09:54:43 45.60 -62.10 3.63 24.25
09:54:43 45.90 -75.90 17.42 24.31
09:54:44 46.80 -86.55 42.83 24.38
09:54:44 42.45 -89.10 44.04 24.16
09:54:44 44.55 -85.20 52.03 24.27
09:54:44 46.35 -73.65 71.39 24.27
09:54:45 42.45 -27.15 66.07 24.25
09:54:45 39.15 -23.85 66.79 24.09
09:54:45 43.65 -17.70 49.61 24.25
09:54:45 45.75 -13.65 18.15 24.27
09:54:46 42.60 -40.80 -1.45 24.12
09:54:46 40.50 -39.75 -2.18 24.29
09:54:46 37.35 -38.25 -3.63 24.31
09:54:46 31.50 -40.80 -5.57 24.34
09:54:47 31.35 -40.20 -4.84 24.20
09:54:47 37.05 -75.90 15.00 24.16
09:54:47 32.25 -94.20 36.06 24.23
09:54:48 34.50 -92.70 44.04 24.23
09:54:48 37.65 -89.70 56.39 24.16
09:54:48 37.65 -63.60 79.62 24.09
09:54:48 35.40 -52.35 80.59 24.36
09:54:49 34.50 -44.55 79.38 24.31
09:54:49 37.05 -21.30 58.56 24.12
09:54:49 35.85 -7.05 24.68 24.31
09:54:49 31.20 -6.45 30.98 24.27
09:54:50 36.00 -9.60 21.54 24.12
09:54:50 39.15 -26.70 -0.73 24.29
09:54:50 36.45 -60.15 -4.11 24.23
09:54:51 35.10 -54.00 -5.08 24.18
09:54:51 34.20 -52.35 -4.84 24.25
09:54:51 34.95 -45.45 -4.84 24.34
09:54:51 35.10 -66.00 6.29 24.31
09:54:52 36.30 -92.70 33.40 24.18
09:54:52 36.15 -91.05 33.40 24.29
09:54:52 38.85 -91.20 45.98 24.23
09:54:52 39.15 -76.05 75.26 24.38
09:54:53 35.40 -72.30 73.57 24.34
09:54:53 34.20 -68.25 79.13 24.27
09:54:53 32.55 -33.00 70.91 24.23
09:54:54 36.90 -9.90 53.48 24.36
09:54:54 40.80 -12.15 49.61 24.36
09:54:54 38.10 -10.05 17.42 24.16
09:54:54 39.00 -42.75 -4.11 24.18
09:54:55 37.95 -44.40 -4.36 24.29
09:54:55 33.75 -74.85 12.34 24.29
09:54:55 32.70 -90.60 59.05 24.29
09:54:55 33.90 -87.00 61.23 24.31
09:54:56 37.65 -85.95 59.05 24.27
09:54:56 36.00 -75.45 76.71 24.38
09:54:56 35.55 -19.05 63.40 24.16
09:54:57 33.15 -17.70 64.13 24.20
09:54:57 37.20 -12.60 44.53 24.34
09:54:57 36.90 -25.05 -1.45 24.07
09:54:57 35.70 -30.15 0.24 24.34
09:54:58 35.85 -39.00 -4.11 24.36
09:54:58 37.80 -69.60 7.02 24.25
09:54:58 38.70 -78.75 7.02 24.29
09:54:58 39.15 -76.05 7.26 24.05
09:54:59 40.20 -73.35 6.78 24.20
09:54:59 41.10 -83.85 26.62 24.27
09:54:59 43.20 -70.95 72.36 24.34
09:54:59 40.80 -70.80 70.91 24.27
09:55:00 41.85 -50.85 74.78 24.20
09:55:00 41.55 -13.35 44.29 24.16
09:55:00 43.05 -13.35 45.98 24.09
09:55:01 41.55 -11.55 24.93 24.18
09:55:01 44.85 -35.70 0.97 24.18
09:55:01 43.95 -60.75 1.21 24.16
09:55:01 42.00 -55.95 0.73 24.34
09:55:02 44.85 -55.05 1.45 24.29
09:55:02 45.00 -53.25 2.90 24.23
09:55:02 46.95 -68.70 16.70 24.23
09:55:02 50.55 -75.60 58.32 24.25
09:55:03 46.80 -78.00 60.02 24.29
09:55:03 48.75 -61.35 69.21 24.23
09:55:03 51.00 -22.50 47.92 24.34
09:55:04 46.50 -18.00 49.37 24.16
09:55:04 50.55 -18.90 33.64 24.27
09:55:04 54.30 -38.70 10.89 24.12
09:55:04 53.85 -46.20 9.92 24.18
09:55:05 54.45 -45.75 12.34 24.34
09:55:05 57.30 -46.95 19.12 24.18
09:55:05 60.00 -59.55 36.30 24.23
09:55:05 60.30 -63.90 38.96 24.27
09:55:06 62.25 -58.65 38.72 24.18
09:55:06 61.50 -50.55 49.37 24.27
09:55:06 61.50 -48.60 46.95 24.16
09:55:07 61.35 -40.80 41.62 24.29
09:55:07 61.20 -39.15 30.49 24.18
09:55:07 62.70 -46.35 37.99 24.12
09:55:07 62.25 -48.00 45.50 24.34
09:55:08 61.50 -47.40 51.06 24.18
09:55:08 60.60 -47.10 52.51 24.49
09:55:08 59.85 -39.30 51.30 24.25
09:55:08 59.25 -37.20 46.22 24.18
09:55:09 60.15 -34.05 36.30 24.20
09:55:09 60.15 -35.55 36.78 24.29
09:55:09 60.60 -37.95 26.38 24.27
09:55:10 60.75 -48.45 24.44 24.18
09:55:10 60.30 -58.20 27.35 24.14
09:55:10 61.05 -59.10 36.06 24.34
09:55:10 61.20 -60.90 39.93 24.16
09:55:11 59.70 -62.55 45.98 24.18
09:55:11 60.90 -53.55 50.58 24.23
09:55:11 60.90 -45.30 52.76 24.29
09:55:11 60.45 -44.70 48.16 24.18
09:55:12 60.45 -36.75 42.11 24.18
09:55:12 61.05 -35.40 37.75 24.25
09:55:12 60.45 -35.85 27.83 24.25
09:55:12 60.15 -38.85 22.75 24.27
09:55:13 59.40 -46.95 20.33 24.23
09:55:13 58.65 -58.35 22.51 24.18
09:55:13 58.20 -67.05 28.31 24.25
09:55:14 58.05 -70.95 36.30 24.23
09:55:14 58.05 -69.75 53.48 24.18
09:55:14 55.05 -62.40 60.02 24.29
09:55:14 54.45 -47.10 62.92 24.27
09:55:15 54.75 -30.30 55.66 24.18
09:55:15 55.35 -24.60 32.19 24.31
09:55:15 54.90 -28.20 17.67 24.12
09:55:15 54.45 -41.40 11.62 24.29
09:55:16 53.70 -66.75 16.46 24.14
09:55:16 54.00 -78.15 38.24 24.27
09:55:16 55.65 -70.35 56.63 24.25
09:55:17 54.75 -58.50 65.58 24.18
09:55:17 52.80 -43.80 63.16 24.25
09:55:17 51.60 -27.75 54.93 24.29
09:55:17 48.90 -16.05 34.12 24.18
09:55:18 50.10 -20.70 18.15 24.36
09:55:18 50.10 -39.45 5.81 24.20
09:55:18 50.55 -61.95 14.04 24.23
09:55:18 48.45 -79.20 31.94 24.05
09:55:19 51.45 -77.55 50.09 24.18
09:55:19 53.25 -61.65 67.52 24.14
09:55:19 52.05 -36.00 64.86 24.16
09:55:20 52.65 -23.25 42.11 24.29
09:55:20 52.95 -22.20 26.62 24.27
09:55:20 51.30 -35.10 12.10 24.27
09:55:20 52.65 -59.40 12.83 24.29
09:55:21 53.55 -76.20 27.59 24.27
09:55:21 54.90 -76.50 45.98 24.20
09:55:21 55.65 -67.95 60.02 24.27
09:55:21 54.30 -48.60 61.95 24.27
09:55:22 55.95 -34.20 53.00 24.25
09:55:22 55.35 -22.95 32.67 24.34
09:55:22 55.05 -32.25 14.04 24.18
09:55:23 55.65 -46.95 14.04 24.20
09:55:23 56.70 -62.55 21.30 24.27
09:55:23 56.10 -75.30 45.50 24.23
09:55:23 56.40 -63.60 59.53 24.18
09:55:24 57.75 -46.05 57.35 24.31
09:55:24 57.60 -33.90 45.25 24.23
09:55:24 58.05 -29.85 32.19 24.23
09:55:24 57.75 -35.70 21.05 24.40
09:55:25 60.00 -47.10 24.20 24.29
09:55:25 62.10 -53.70 27.35 24.25
09:55:25 61.50 -57.75 30.25 24.25
09:55:26 62.70 -54.90 37.27 24.40
09:55:26 61.50 -57.45 42.35 24.31
09:55:26 61.35 -58.05 47.92 24.34
09:55:26 60.45 -50.10 50.09 24.27
09:55:27 61.50 -46.95 42.11 24.47
09:55:27 61.80 -41.70 29.04 24.16
09:55:27 60.45 -47.40 22.99 24.25
09:55:27 60.75 -59.10 27.59 24.27
09:55:28 60.15 -66.30 41.87 24.29
09:55:28 57.90 -64.05 52.76 24.23
09:55:28 58.20 -44.70 54.93 24.18
09:55:28 58.65 -29.25 40.66 24.20
09:55:29 58.80 -35.40 20.57 24.27
09:55:29 58.80 -52.80 20.09 24.29
09:55:29 59.40 -62.10 29.52 24.27
09:55:30 58.80 -68.25 51.79 24.18
09:55:30 58.50 -46.50 57.11 24.25
09:55:30 59.10 -34.20 39.20 24.25
09:55:30 59.25 -33.15 27.35 24.18
09:55:31 59.40 -44.70 20.57 24.25
09:55:31 59.10 -65.25 30.73 24.27
09:55:31 60.30 -65.85 45.01 24.38
09:55:31 60.75 -58.65 53.00 24.25
09:55:32 59.25 -38.85 49.37 24.20
09:55:32 58.65 -30.45 34.12 24.20
09:55:32 60.45 -39.90 21.54 24.18
09:55:33 61.05 -49.65 30.01 24.31
09:55:33 62.55 -36.75 32.43 24.23
09:55:33 55.80 -25.05 24.44 24.18
09:55:33 48.60 -20.85 12.58 24.14
09:55:34 38.70 -38.40 -3.15 24.23
09:55:34 30.45 -39.00 -4.60 24.18
09:55:34 31.65 -45.15 -6.05 24.34
09:55:34 18.45 -28.35 -3.15 24.31
09:55:35 11.85 -10.50 10.89 24.25
09:55:35 12.45 -11.70 14.04 24.36
09:55:35 12.60 -4.50 57.84 24.18
09:55:36 10.05 -10.95 81.07 24.27
09:55:36 12.00 -43.80 83.97 24.14
09:55:36 12.75 -72.15 77.20 24.07
09:55:36 13.50 -93.75 55.90 24.20
09:55:37 13.95 -95.10 25.17 24.18
09:55:37 13.95 -56.25 -7.02 24.36
09:55:37 12.60 -61.80 -7.50 24.25
09:55:37 13.35 -13.50 6.29 24.31
09:55:38 12.60 -9.30 57.35 24.31
09:55:38 11.70 -49.20 83.73 24.18
09:55:38 12.75 -80.55 73.57 24.18
09:55:39 11.25 -96.45 42.11 24.20
09:55:39 12.30 -85.05 -1.21 24.23
09:55:39 10.80 -77.40 -0.24 24.36
09:55:39 11.85 -77.55 0.73 24.03
09:55:40 11.25 -53.85 -2.42 24.40
09:55:40 10.80 -9.15 49.85 24.29
09:55:40 8.40 -11.25 79.86 24.20
09:55:40 9.30 -42.45 78.41 24.27
09:55:41 9.60 -88.05 37.27 24.25
09:55:41 10.65 -90.90 -4.60 24.14
09:55:41 10.50 -65.25 -5.32 24.20
09:55:42 8.55 -70.95 -2.18 24.23
09:55:42 6.75 -10.50 13.79 24.23
09:55:42 3.15 -16.20 67.52 24.18
09:55:42 2.70 -56.25 82.76 24.34
09:55:43 3.00 -69.60 78.41 24.29
09:55:43 2.40 -92.85 38.48 24.36
09:55:43 3.45 -75.45 -7.50 24.34
09:55:43 3.60 -52.50 -6.05 24.38
09:55:44 0.45 -55.50 -5.08 24.09
09:55:44 -2.55 -8.40 29.04 24.23
09:55:44 -4.05 -16.05 60.50 24.27
09:55:44 -5.10 -48.00 79.38 24.51
09:55:45 -4.80 -70.65 71.15 24.29
09:55:45 -4.95 -85.20 35.09 24.34
09:55:45 -4.35 -87.30 2.18 24.27
09:55:46 -3.15 -76.80 5.57 24.23
09:55:46 -4.65 -77.10 5.81 24.14
09:55:46 -6.90 -41.85 0.48 24.18
09:55:46 -10.80 -14.55 30.25 24.29
09:55:47 -12.15 -17.25 56.63 24.25
09:55:47 -10.80 -33.90 77.20 24.16
09:55:47 -10.20 -46.50 77.44 24.29
09:55:47 -10.65 -54.30 75.50 24.20
09:55:48 -11.10 -83.55 58.56 24.18
09:55:48 -10.20 -74.70 9.92 24.25
09:55:48 -11.40 -75.15 11.62 24.36
09:55:49 -15.60 -72.15 6.29 23.96
09:55:49 -17.85 -41.55 10.89 24.38
09:55:49 -18.00 -21.30 30.73 24.20
09:55:49 -18.30 -19.50 45.25 24.47
09:55:50 -17.10 -33.30 64.61 24.31
09:55:50 -16.80 -65.25 68.00 24.31
09:55:50 -17.85 -81.75 25.89 24.29
09:55:50 -17.40 -78.90 21.05 24.20
09:55:51 -18.75 -73.80 8.95 24.36
09:55:51 -20.25 -37.65 16.94 24.36
09:55:51 -20.85 -29.25 26.38 24.12
09:55:52 -21.60 -25.20 51.79 24.27
09:55:52 -21.30 -46.95 66.55 24.16
09:55:52 -20.85 -68.55 61.23 24.25
09:55:52 -20.85 -79.20 30.01 24.31
09:55:53 -21.00 -71.85 18.88 24.25
09:55:53 -21.15 -67.50 15.97 24.25
09:55:53 -20.70 -36.90 11.62 24.31
09:55:53 -21.30 -23.85 41.62 24.36
09:55:54 -21.60 -46.05 68.49 24.27
09:55:54 -21.45 -63.90 62.44 24.14
09:55:54 -21.30 -74.55 38.96 24.27
09:55:55 -20.70 -79.20 20.09 24.16
09:55:55 -19.80 -58.05 8.23 24.09
09:55:55 -19.05 -51.15 7.26 24.18
09:55:55 -18.45 -44.10 17.91 24.27
09:55:56 -17.10 -22.35 37.03 24.34
09:55:56 -16.80 -18.75 55.90 24.34
09:55:56 -15.90 -26.70 66.31 24.27
09:55:56 -16.65 -55.35 69.94 24.31
09:55:57 -16.65 -68.70 67.28 24.20
09:55:57 -16.65 -83.55 30.73 24.49
09:55:57 -16.65 -68.25 6.29 24.34
09:55:58 -17.40 -60.60 4.60 24.25
09:55:58 -15.15 -46.80 2.42 24.31
09:55:58 -12.15 -43.65 0.97 24.20
09:55:58 -11.10 -20.85 20.57 24.36
09:55:59 -10.65 -12.30 61.95 24.45
09:55:59 -10.20 -26.55 75.50 24.29
09:55:59 -4.20 -48.45 77.44 24.27
09:55:59 -7.35 -75.45 69.45 24.27
09:56:00 -8.85 -91.05 38.24 24.31
09:56:00 -10.20 -75.00 6.29 24.34
09:56:00 -10.05 -34.80 14.04 24.47
09:56:00 -9.00 -23.55 7.99 24.29
09:56:01 -7.20 -23.40 11.37 24.31
09:56:01 -1.35 -6.75 41.38 24.27
09:56:01 -1.80 -27.90 75.50 24.34
09:56:02 -0.90 -70.20 78.65 24.31
09:56:02 -0.90 -94.50 38.48 24.23
09:56:02 -0.30 -91.65 5.81 24.25
09:56:02 0.75 -82.80 -3.39 24.27
09:56:03 0.90 -46.05 -4.11 24.31
09:56:03 -0.45 -7.05 44.04 24.14
09:56:03 1.35 -6.15 38.96 24.14
09:56:03 3.15 -24.60 74.78 24.42
09:56:04 4.20 -56.85 75.99 24.31
09:56:04 3.90 -76.05 63.89 24.20
09:56:04 5.10 -94.05 46.22 24.12
09:56:05 7.80 -89.55 14.04 24.29
09:56:05 7.95 -60.45 -6.78 24.34
09:56:05 6.45 -46.20 -6.78 24.47
09:56:05 6.60 -28.35 -4.11 24.38
09:56:06 5.85 -32.70 -4.36 24.38
09:56:06 2.55 -35.70 -2.90 24.20
09:56:06 -4.35 -38.25 -0.73 24.03
09:56:06 -7.95 -10.80 24.68 24.34
09:56:07 -7.05 -13.20 55.42 24.23
09:56:07 -5.10 -32.70 79.38 24.34
09:56:07 -5.40 -53.25 74.05 24.54
09:56:08 1.20 -85.20 64.13 24.18
09:56:08 2.85 -95.40 34.85 24.34
09:56:08 0.75 -86.70 7.74 24.25
09:56:08 -0.45 -57.30 -5.32 24.45
09:56:09 0.45 -54.00 -6.78 24.29
09:56:09 -1.35 -25.05 3.87 24.09
09:56:09 0.75 -12.30 18.63 24.27
09:56:09 3.90 -5.10 54.21 24.36
09:56:10 4.20 -16.35 80.83 24.34
09:56:10 3.45 -57.90 75.75 24.31
09:56:10 5.10 -84.30 50.09 24.27
09:56:10 -0.15 -92.70 21.54 24.23
09:56:11 3.30 -66.60 -4.60 24.40
09:56:11 1.50 -29.40 12.10 24.29
09:56:11 -0.15 -7.20 54.21 24.16
09:56:12 -1.20 -26.25 76.96 24.16
09:56:12 -1.95 -50.55 75.26 24.23
09:56:12 -1.80 -88.50 29.28 24.31
09:56:12 -4.35 -90.75 22.26 24.27
09:56:13 -5.40 -77.10 2.90 24.27
09:56:13 -4.50 -48.75 -4.36 24.31
09:56:13 -8.10 -25.65 10.89 24.42
09:56:13 -11.25 -12.60 39.20 24.27
09:56:14 -9.90 -18.60 74.78 24.51
09:56:14 -6.90 -62.10 64.37 24.29
09:56:14 -5.25 -88.95 23.47 24.12
09:56:15 -11.70 -82.95 20.57 24.34
09:56:15 -12.00 -80.55 5.57 24.49
09:56:15 -12.60 -57.75 4.11 24.27
09:56:15 -15.30 -30.90 26.14 24.36
09:56:16 -15.45 -17.55 51.06 24.45
09:56:16 -15.90 -24.75 69.21 24.29
09:56:16 -13.50 -52.65 66.31 24.47
09:56:16 -15.75 -78.60 35.82 24.45
09:56:17 -17.85 -81.30 31.22 24.23
09:56:17 -18.15 -82.05 24.93 24.31
09:56:17 -20.25 -62.40 10.65 24.31
09:56:18 -24.15 -38.40 18.39 24.36
09:56:18 -25.35 -28.20 33.64 24.20
09:56:18 -24.45 -29.70 54.21 24.27
09:56:18 -24.45 -47.40 62.44 24.12
09:56:19 -23.10 -70.05 49.37 24.38
09:56:19 -24.15 -73.65 32.43 24.45
09:56:19 -24.45 -69.75 24.68 24.36
09:56:19 -26.40 -62.55 19.36 24.47
09:56:20 -27.15 -40.95 25.89 24.51
09:56:20 -28.05 -31.80 38.96 24.23
09:56:20 -27.75 -36.15 54.45 24.20
09:56:21 -27.90 -49.20 56.87 24.36
09:56:21 -27.00 -68.10 40.66 24.31
09:56:21 -26.40 -71.70 23.23 24.47
09:56:21 -27.45 -57.00 23.72 24.36
09:56:22 -28.35 -53.70 23.23 24.27
09:56:22 -28.65 -44.70 24.68 24.31
09:56:22 -28.05 -34.80 31.94 24.25
09:56:22 -27.60 -34.50 44.29 24.34
09:56:23 -27.60 -43.95 54.45 24.29
09:56:23 -28.35 -53.85 56.63 24.34
09:56:23 -27.45 -65.55 50.82 24.27
09:56:24 -28.05 -66.15 35.09 24.42
09:56:24 -28.65 -64.05 27.10 24.47
09:56:24 -26.85 -57.75 20.57 24.47
09:56:24 -27.00 -52.05 18.63 24.47
09:56:25 -25.50 -40.50 29.04 24.36
09:56:25 -23.70 -29.10 41.14 24.42
09:56:25 -23.55 -25.95 49.61 24.31
09:56:25 -22.35 -32.40 62.44 24.23
09:56:26 -22.35 -48.75 64.86 24.34
09:56:26 -20.85 -74.85 54.93 24.27
09:56:26 -20.85 -79.35 32.67 24.20
09:56:26 -21.00 -42.75 12.34 24.31
09:56:27 -19.50 -39.00 8.71 24.36
09:56:27 -12.90 -33.00 4.11 24.38
09:56:27 -11.70 -12.90 38.24 24.38
09:56:28 -11.40 -18.30 73.81 24.38
09:56:28 -12.60 -41.25 72.84 24.25
09:56:28 -9.15 -90.75 40.17 24.45
09:56:28 -10.95 -78.75 0.24 24.49
09:56:29 -9.15 -63.75 1.21 24.36
09:56:29 -9.75 -28.05 8.23 24.27
09:56:29 -11.85 -26.40 7.50 24.20
09:56:29 -8.55 -28.80 2.90 24.31
09:56:30 -5.55 -13.35 18.88 24.38
09:56:30 -6.30 -11.85 63.16 24.47
09:56:30 -7.95 -37.80 78.17 24.45
09:56:31 -7.35 -64.35 56.63 24.20
09:56:31 -3.30 -92.40 37.03 24.25
09:56:31 -1.65 -71.55 1.69 24.38
09:56:31 -2.40 -45.60 -3.63 24.38
09:56:32 -2.25 -47.70 -5.32 24.31
09:56:32 0.30 -47.70 -5.57 24.45
09:56:32 2.10 -54.00 -6.53 24.34
09:56:32 2.10 -15.30 8.47 24.45
09:56:33 1.05 -11.85 61.23 24.36
09:56:33 -2.10 -51.00 81.07 24.45
09:56:33 -0.60 -72.60 53.48 24.47
09:56:34 2.25 -94.80 35.57 24.58
09:56:34 1.65 -84.15 9.44 24.38
09:56:34 0.45 -65.10 -2.66 24.23
09:56:34 -0.60 -62.10 -2.90 24.42
09:56:35 -2.40 -59.40 -4.11 24.38
09:56:35 -3.75 -55.65 -1.94 24.36
09:56:35 -7.50 -22.50 18.15 24.36
09:56:35 -9.45 -11.40 54.45 24.34
09:56:36 -9.90 -27.45 71.87 24.29
09:56:36 -8.55 -53.10 75.26 24.51
09:56:36 -10.35 -76.20 63.65 24.31
09:56:37 -11.10 -78.00 62.19 24.38
09:56:37 -14.85 -79.35 58.56 24.38
09:56:37 -15.60 -81.60 54.21 24.36
09:56:37 -13.80 -84.90 46.46 24.36
09:56:38 -12.75 -88.50 33.88 24.47
09:56:38 -13.05 -87.45 35.82 24.40
09:56:38 -19.35 -80.25 42.35 24.49
09:56:38 -20.70 -80.25 50.34 24.45
09:56:39 -17.55 -76.50 64.61 24.36
09:56:39 -18.75 -59.70 69.70 24.51
09:56:39 -16.05 -32.10 61.47 24.36
09:56:39 -19.05 -23.25 43.80 24.31
09:56:40 -22.65 -25.05 25.17 24.34
09:56:40 -20.55 -34.05 12.58 24.40
09:56:40 -20.40 -48.60 9.68 24.16
09:56:41 -21.90 -66.15 17.67 24.34
09:56:41 -22.80 -75.00 26.62 24.51
09:56:41 -22.50 -78.45 38.72 24.45
09:56:41 -22.50 -73.20 55.66 24.51
09:56:42 -22.65 -63.75 64.13 24.45
09:56:42 -22.80 -53.70 64.13 24.34
09:56:42 -23.85 -36.90 53.24 24.47
09:56:42 -24.30 -26.55 35.33 24.45
09:56:43 -24.30 -30.45 24.93 24.40
09:56:43 -24.15 -35.85 17.91 24.47
09:56:43 -24.45 -47.70 12.10 24.38
09:56:44 -22.65 -60.45 14.28 24.20
09:56:44 -23.55 -76.65 30.49 24.34
09:56:44 -22.65 -78.00 44.29 24.25
09:56:44 -23.70 -67.35 60.98 24.51
09:56:45 -25.20 -48.30 59.29 24.47
09:56:45 -24.30 -35.10 48.40 24.38
09:56:45 -24.60 -27.90 38.24 24.38
09:56:45 -22.95 -27.00 20.81 24.51
09:56:46 -23.40 -44.10 14.04 24.42
09:56:46 -25.20 -63.90 20.57 24.36
09:56:46 -24.15 -76.20 37.27 24.36
09:56:47 -24.00 -70.65 56.14 24.47
09:56:47 -25.80 -55.95 63.16 24.47
09:56:47 -23.10 -45.90 59.29 24.45
09:56:47 -24.30 -29.85 42.83 24.42
09:56:48 -23.85 -28.50 22.51 24.51
09:56:48 -22.50 -42.60 12.10 24.38
09:56:48 -21.90 -61.35 15.97 24.38
09:56:48 -21.45 -73.80 28.31 24.34
09:56:49 -23.40 -76.20 45.25 24.54
09:56:49 -23.25 -64.65 60.50 24.42
09:56:49 -24.00 -42.60 58.81 24.51
09:56:50 -23.25 -26.85 46.22 24.38
09:56:50 -22.50 -25.05 26.14 24.36
09:56:50 -25.05 -39.75 17.67 24.36
09:56:50 -25.65 -52.20 15.49 24.47
09:56:51 -26.55 -64.05 28.80 24.58
09:56:51 -26.40 -68.10 40.66 24.42
09:56:51 -27.30 -66.60 53.48 24.45
09:56:51 -26.85 -58.50 56.14 24.31
09:56:52 -28.35 -40.05 42.35 24.54
09:56:52 -29.85 -41.40 36.78 24.51
09:56:52 -29.10 -40.65 28.80 24.49
09:56:52 -28.20 -47.85 23.96 24.49
09:56:53 -29.10 -55.80 30.98 24.31
09:56:53 -30.30 -60.15 39.93 24.34
09:56:53 -30.00 -60.75 45.01 24.49
09:56:54 -30.00 -59.55 46.95 24.38
09:56:54 -30.90 -51.00 41.14 24.40
09:56:54 -31.05 -54.30 36.06 24.16
09:56:54 -30.60 -55.95 36.78 24.36
09:56:55 -31.05 -55.50 39.69 24.38
09:56:55 -30.90 -46.20 37.03 24.29
09:56:55 -30.60 -42.60 38.48 24.36
09:56:55 -29.70 -36.90 31.46 24.31
09:56:56 -29.10 -43.95 23.23 24.49
09:56:56 -28.65 -55.80 23.23 24.42
09:56:56 -27.60 -64.50 21.54 24.42
09:56:57 -26.85 -67.95 39.45 24.40
09:56:57 -27.45 -64.05 53.00 24.51
09:56:57 -26.25 -53.85 59.29 24.34
09:56:57 -25.50 -42.00 58.08 24.58
09:56:58 -24.00 -36.90 59.05 24.38
09:56:58 -22.50 -35.85 59.77 24.51
09:56:58 -22.05 -35.70 60.98 24.36
09:56:58 -21.90 -35.10 61.47 24.34
09:56:59 -22.05 -35.85 60.98 24.40
09:56:59 -21.45 -35.25 61.23 24.45
09:56:59 -21.60 -31.95 47.43 24.45
09:57:00 -23.85 -27.15 28.31 24.36
09:57:00 -25.35 -36.30 15.25 24.60
09:57:00 -23.85 -54.60 12.34 24.47
09:57:00 -21.15 -74.85 26.14 24.45
09:57:01 -17.40 -82.05 54.45 24.38
09:57:01 -16.65 -61.80 71.15 24.42
09:57:01 -16.50 -37.50 67.28 24.31
09:57:01 -17.85 -21.00 47.67 24.42
09:57:02 -18.00 -20.70 22.75 24.47
09:57:02 -15.60 -36.00 4.36 24.36
09:57:02 -15.45 -64.05 10.41 24.56
09:57:03 -18.00 -78.90 29.04 24.45
09:57:03 -16.80 -82.65 55.42 24.51
09:57:03 -14.55 -70.50 70.66 24.40
09:57:03 -12.90 -44.40 73.57 24.65
09:57:04 -14.40 -24.45 59.29 24.34
09:57:04 -13.05 -13.65 36.30 24.49
09:57:04 -12.00 -23.10 10.41 24.58
09:57:04 -12.75 -45.90 1.45 24.49
09:57:05 -10.95 -71.70 11.86 24.45
09:57:05 -7.50 -91.05 41.38 24.62
09:57:05 -9.60 -80.10 69.45 24.36
09:57:06 -9.45 -50.10 75.75 24.36
09:57:06 -12.15 -27.60 62.19 24.60
09:57:06 -11.85 -12.60 37.51 24.42
09:57:06 -12.30 -20.70 13.31 24.51
09:57:07 -13.95 -42.90 2.66 24.47
09:57:07 -13.65 -46.95 2.42 24.42
09:57:07 -14.10 -68.10 6.78 24.58
09:57:07 -8.40 -83.70 19.84 24.60
09:57:08 -10.05 -89.55 51.79 24.42
09:57:08 -15.45 -80.10 59.53 24.49
09:57:08 -12.30 -61.65 71.87 24.45
09:57:08 -18.75 -48.00 66.31 24.49
09:57:09 -19.80 -25.05 48.64 24.36
09:57:09 -22.50 -24.15 25.41 24.49
09:57:09 -22.80 -43.20 10.65 24.49
09:57:10 -20.55 -63.60 14.52 24.34
09:57:10 -21.45 -74.10 28.80 24.62
09:57:10 -23.25 -76.05 51.79 24.49
09:57:10 -22.80 -64.95 64.13 24.47
09:57:11 -22.95 -39.60 60.74 24.54
09:57:11 -19.95 -21.30 34.85 24.49
09:57:11 -18.15 -27.60 10.41 24.49
09:57:11 -21.60 -52.80 10.89 24.62
09:57:12 -22.20 -70.80 25.41 24.51
09:57:12 -19.35 -80.10 50.58 24.65
09:57:12 -21.45 -65.25 66.07 24.54
09:57:13 -16.35 -62.10 75.02 24.51
09:57:13 -2.40 -65.10 81.80 24.47
09:57:13 13.05 -63.30 83.01 24.38
09:57:13 18.30 -56.40 83.97 24.51
09:57:14 16.20 -81.30 70.42 24.54
09:57:14 25.50 -89.10 58.32 24.42
09:57:14 35.85 -90.30 52.03 24.45
09:57:14 37.05 -90.60 46.46 24.47
09:57:15 34.65 -93.75 42.11 24.54
09:57:15 30.30 -94.95 37.75 24.47
09:57:15 28.50 -95.85 34.36 24.67
09:57:16 31.20 -93.45 28.56 24.42
09:57:16 33.15 -92.25 27.10 24.65
09:57:16 34.50 -91.80 32.67 24.54
09:57:16 39.45 -90.15 40.41 24.36
09:57:17 42.75 -88.35 45.74 24.34
09:57:17 42.75 -86.70 53.24 24.49
09:57:17 42.60 -84.30 56.39 24.69
09:57:17 43.95 -83.55 55.42 24.56
09:57:18 43.95 -84.00 54.69 24.51
09:57:18 44.40 -83.55 55.42 24.42
09:57:18 44.55 -83.70 55.42 24.40
09:57:19 44.55 -82.65 55.90 24.54
09:57:19 44.55 -82.95 56.63 24.49
09:57:19 45.15 -82.50 56.63 24.51
09:57:19 44.85 -82.05 56.63 24.56
09:57:20 44.25 -82.05 56.87 24.45
09:57:20 44.85 -82.20 57.11 24.47
09:57:20 45.15 -82.05 56.87 24.49
