09:20:57 41.40 -64.35 -13.31 22.01
09:20:57 41.85 -66.60 -13.79 22.04
09:20:57 39.15 -63.75 -16.21 22.12
09:20:58 30.75 -62.40 -17.91 21.95
09:20:58 25.65 -55.95 -16.94 21.95
09:20:58 25.80 -55.65 -16.94 21.79
09:20:58 28.50 -62.40 -17.91 21.92
09:20:59 30.15 -65.85 -18.15 21.92
09:20:59 31.65 -69.30 -17.91 21.97
09:20:59 34.35 -69.15 -17.18 21.77
09:20:59 36.90 -66.75 -15.25 21.79
09:21:00 38.40 -64.05 -15.49 21.84
09:21:00 37.95 -64.05 -15.25 21.70
09:21:00 38.25 -66.90 -16.21 21.86
09:21:01 35.10 -67.95 -16.70 21.92
09:21:01 38.55 -68.40 -14.28 21.99
09:21:01 39.90 -54.60 -9.68 21.84
09:21:01 41.25 -38.85 7.26 21.77
09:21:02 41.40 -32.40 13.07 21.88
09:21:02 40.95 -28.95 31.46 21.64
09:21:02 41.25 -36.00 60.50 21.99
09:21:02 41.40 -55.80 68.97 21.79
09:21:03 41.25 -65.25 72.12 21.90
09:21:03 40.80 -96.00 57.60 21.86
09:21:03 41.55 -106.35 50.82 22.01
09:21:03 41.10 -112.50 29.04 22.10
09:21:04 38.85 -106.50 -0.48 21.92
09:21:04 39.45 -88.80 -10.41 21.95
09:21:04 37.35 -82.65 -15.73 22.01
09:21:05 36.45 -65.10 -15.73 21.90
09:21:05 37.50 -66.15 -15.73 22.01
09:21:05 37.65 -69.45 -15.97 21.79
09:21:05 36.90 -75.15 -15.49 22.08
09:21:06 36.90 -76.05 -15.97 22.08
09:21:06 37.20 -72.45 -15.97 22.06
09:21:06 36.15 -51.45 -5.81 21.92
09:21:06 38.40 -38.40 1.45 21.79
09:21:07 38.85 -33.75 9.20 21.70
09:21:07 37.80 -27.00 40.90 22.01
09:21:07 39.75 -34.95 50.82 21.77
09:21:08 40.95 -40.20 63.65 21.66
09:21:08 39.15 -75.75 70.66 21.92
09:21:08 40.50 -94.20 63.89 21.66
09:21:08 40.20 -110.25 38.96 21.88
09:21:09 37.35 -110.10 6.29 21.90
09:21:09 38.70 -103.65 -3.87 21.97
09:21:09 37.65 -78.15 -15.00 21.70
09:21:09 37.35 -73.35 -15.73 21.97
09:21:10 37.20 -77.85 -14.52 21.95
09:21:10 36.90 -81.15 -14.76 22.01
09:21:10 34.50 -72.75 -15.97 21.86
09:21:11 33.90 -45.60 -6.53 21.99
09:21:11 37.80 -38.70 2.66 22.01
09:21:11 35.25 -25.95 38.96 21.75
09:21:11 36.90 -28.95 41.87 21.99
09:21:12 37.50 -41.85 67.76 21.97
09:21:12 33.75 -68.70 73.57 21.97
09:21:12 39.90 -78.00 70.18 21.95
09:21:12 35.25 -114.45 42.35 21.66
09:21:13 38.25 -113.25 33.40 21.95
09:21:13 34.50 -106.35 -6.29 21.86
09:21:13 32.25 -88.50 -12.34 21.79
09:21:14 33.00 -91.65 -11.13 21.75
09:21:14 33.45 -91.80 -11.86 21.95
09:21:14 28.80 -87.75 -18.63 21.99
09:21:14 27.15 -55.80 -15.73 21.88
09:21:15 29.70 -49.20 -9.92 21.86
09:21:15 27.75 -25.35 15.97 22.06
09:21:15 29.70 -25.80 22.51 21.97
09:21:15 28.50 -32.85 66.31 22.04
09:21:16 28.20 -44.85 67.52 21.88
09:21:16 30.45 -64.05 75.99 21.97
09:21:16 28.50 -90.30 70.66 21.99
09:21:17 31.95 -97.50 57.60 21.90
09:21:17 28.20 -113.25 43.56 21.90
09:21:17 32.55 -116.70 16.21 21.99
09:21:17 27.75 -105.30 -7.02 21.92
09:21:18 25.65 -97.65 -7.99 21.90
09:21:18 29.40 -94.95 -9.92 21.97
09:21:18 30.60 -93.15 -11.86 21.90
09:21:18 27.45 -93.60 -12.83 21.92
09:21:19 22.65 -67.65 -16.94 21.88
09:21:19 23.25 -53.25 -15.73 21.99
09:21:19 24.60 -29.10 15.49 21.97
09:21:19 27.60 -24.90 21.05 22.10
09:21:20 25.65 -30.45 59.05 21.75
09:21:20 28.50 -36.60 61.95 21.90
09:21:20 26.55 -65.40 76.23 21.99
09:21:21 25.80 -83.55 74.05 21.88
09:21:21 24.90 -110.10 51.06 22.10
09:21:21 27.30 -112.65 50.58 22.10
09:21:21 24.45 -117.15 11.86 21.99
09:21:22 23.10 -111.45 -3.39 21.77
09:21:22 21.00 -92.40 -12.58 21.97
09:21:22 22.50 -95.40 -11.86 22.23
09:21:22 24.30 -93.45 -13.79 22.01
09:21:23 18.90 -92.10 -14.52 21.99
09:21:23 17.40 -91.80 -14.28 22.12
09:21:23 16.95 -62.85 -15.49 21.99
09:21:24 17.85 -49.95 -13.79 22.08
09:21:24 15.30 -24.45 21.30 21.95
09:21:24 17.10 -24.15 26.62 21.99
09:21:24 15.45 -40.35 63.65 22.01
09:21:25 17.85 -42.75 70.66 22.04
09:21:25 14.85 -75.90 77.20 21.92
09:21:25 18.75 -87.45 63.89 21.88
09:21:25 16.05 -113.70 49.85 21.81
09:21:26 17.25 -117.75 14.52 22.12
09:21:26 14.40 -112.80 7.02 21.97
09:21:26 15.30 -89.70 -15.49 21.97
09:21:27 16.50 -91.50 -14.04 22.01
09:21:27 16.65 -88.80 -15.73 22.08
09:21:27 12.30 -85.50 -16.94 22.08
09:21:27 9.90 -79.35 -16.70 22.17
09:21:28 7.95 -48.60 -11.86 21.95
09:21:28 9.90 -33.45 21.05 21.86
09:21:28 9.60 -24.60 24.44 22.04
09:21:28 11.55 -34.35 57.60 22.01
09:21:29 12.75 -36.30 63.65 21.97
09:21:29 9.75 -78.45 75.75 22.10
09:21:29 12.60 -91.05 57.35 22.10
09:21:30 10.05 -113.10 50.82 22.12
09:21:30 11.70 -114.00 5.81 22.04
09:21:30 11.85 -111.90 4.84 21.79
09:21:30 8.40 -82.80 -16.70 22.01
09:21:31 8.70 -84.15 -16.46 21.99
09:21:31 11.40 -82.05 -16.94 21.97
09:21:31 9.30 -80.40 -17.18 22.15
09:21:31 5.55 -77.40 -17.67 22.10
09:21:32 6.00 -44.10 -9.44 22.08
09:21:32 7.35 -42.60 0.48 22.08
09:21:32 5.10 -26.55 18.88 22.23
09:21:32 7.95 -27.75 49.85 21.99
09:21:33 6.60 -30.30 49.13 22.06
09:21:33 3.15 -56.70 72.60 22.04
09:21:33 4.80 -65.25 71.15 22.10
09:21:34 2.70 -102.75 61.47 22.04
09:21:34 3.90 -113.55 13.31 22.06
09:21:34 3.15 -112.05 0.97 22.15
09:21:34 2.40 -71.25 -16.70 22.12
09:21:35 3.90 -72.60 -16.94 21.99
09:21:35 1.05 -70.20 -15.00 21.88
09:21:35 1.65 -65.40 -15.97 22.01
09:21:35 2.70 -64.80 -15.73 22.04
09:21:36 0.75 -66.15 -15.97 21.95
09:21:36 2.25 -63.45 -16.46 22.08
09:21:36 6.90 -52.65 2.18 21.95
09:21:37 6.00 -31.65 6.53 21.77
09:21:37 3.90 -27.30 36.30 22.15
09:21:37 4.95 -41.10 66.07 21.95
09:21:37 5.25 -52.65 75.02 21.99
09:21:38 5.25 -72.90 72.12 22.06
09:21:38 4.80 -96.15 59.77 22.10
09:21:38 3.75 -113.40 43.80 22.15
09:21:38 3.90 -116.25 22.02 22.06
09:21:39 2.85 -106.65 0.48 22.19
09:21:39 2.40 -71.55 -16.21 21.90
09:21:39 4.20 -72.00 -16.46 21.92
09:21:40 3.30 -68.40 -16.94 22.06
09:21:40 4.05 -62.85 -16.21 22.26
09:21:40 7.65 -59.40 -17.67 21.92
09:21:40 10.95 -40.50 -0.24 21.97
09:21:41 11.25 -30.15 16.94 22.12
09:21:41 9.45 -25.05 29.77 21.97
09:21:41 9.60 -29.25 51.06 21.99
09:21:41 11.40 -51.15 72.60 22.06
09:21:42 11.85 -83.85 75.50 21.97
09:21:42 8.55 -101.70 66.07 21.92
09:21:42 9.30 -112.05 43.32 21.97
09:21:43 9.75 -117.00 14.76 21.97
09:21:43 7.35 -112.95 -4.36 22.06
09:21:43 7.65 -71.55 -18.39 21.88
09:21:43 10.20 -67.50 -18.88 22.21
09:21:44 10.80 -66.30 -18.63 22.19
09:21:44 11.55 -61.05 -17.42 22.15
09:21:44 14.25 -55.50 -16.94 21.95
09:21:44 16.65 -38.70 3.63 22.04
09:21:45 17.85 -28.80 27.35 22.01
09:21:45 17.70 -23.70 38.48 22.01
09:21:45 18.60 -40.65 68.00 22.15
09:21:46 18.15 -75.30 77.68 22.12
09:21:46 15.75 -100.05 69.70 21.97
09:21:46 16.65 -115.65 43.80 21.92
09:21:46 15.30 -116.85 9.20 22.06
09:21:47 14.70 -113.25 1.21 22.06
09:21:47 13.50 -88.65 -16.21 21.86
09:21:47 13.95 -55.35 -17.67 22.15
09:21:47 19.35 -54.60 -16.94 22.15
09:21:48 19.65 -52.65 -15.49 22.06
09:21:48 22.65 -52.05 -14.52 22.12
09:21:48 27.30 -27.00 11.13 22.21
09:21:48 26.85 -24.60 35.09 22.04
09:21:49 25.65 -27.75 55.42 22.23
09:21:49 28.50 -38.70 72.60 22.08
09:21:49 30.75 -62.25 74.78 22.08
09:21:50 28.65 -92.40 56.63 21.99
09:21:50 26.10 -112.50 34.61 22.01
09:21:50 25.35 -115.95 10.65 22.12
09:21:50 24.30 -109.65 -3.87 22.10
09:21:51 23.55 -94.80 -15.25 22.17
09:21:51 24.75 -75.60 -18.88 22.15
09:21:51 25.80 -47.85 -13.55 21.97
09:21:51 27.60 -51.15 -14.76 22.08
09:21:52 29.85 -55.05 -15.25 22.10
09:21:52 35.55 -58.20 -14.52 22.12
09:21:52 36.30 -61.20 -15.49 22.21
09:21:53 35.25 -57.15 -11.13 22.04
09:21:53 34.20 -39.30 0.73 22.23
09:21:53 37.05 -31.35 21.05 22.15
09:21:53 37.50 -27.15 39.93 22.21
09:21:54 37.65 -41.25 60.02 22.06
09:21:54 38.10 -51.30 65.82 22.12
09:21:54 36.45 -73.95 74.05 22.12
09:21:54 36.60 -91.20 66.07 22.10
09:21:55 37.35 -105.75 48.40 22.15
09:21:55 36.90 -114.15 23.72 22.01
09:21:55 37.50 -107.25 8.95 21.99
09:21:56 37.20 -84.90 -14.04 22.15
09:21:56 37.95 -61.50 -14.28 22.12
09:21:56 40.05 -64.35 -14.04 21.97
09:21:56 42.15 -67.65 -12.58 22.12
09:21:57 46.65 -70.35 -8.47 21.99
09:21:57 50.85 -70.05 -4.36 22.19
09:21:57 55.20 -67.95 -2.18 22.19
09:21:57 55.05 -43.05 14.52 21.97
09:21:58 56.85 -40.35 29.04 21.99
09:21:58 56.40 -40.50 43.08 22.12
09:21:58 58.50 -48.60 47.43 21.99
09:21:59 58.05 -64.20 56.63 22.04
09:21:59 56.85 -88.20 53.24 22.19
09:21:59 57.30 -90.30 41.14 22.30
09:21:59 57.75 -96.90 35.09 21.99
09:22:00 58.05 -93.75 16.21 21.99
09:22:00 57.45 -87.00 0.00 22.12
09:22:00 57.60 -79.05 1.94 22.21
09:22:00 57.30 -81.45 2.18 22.01
09:22:01 56.85 -85.05 4.60 22.01
09:22:01 58.35 -86.70 5.57 22.01
09:22:01 56.40 -68.85 -1.69 22.21
09:22:01 56.25 -55.35 1.94 22.17
09:22:02 55.95 -46.05 11.62 22.08
09:22:02 57.15 -42.60 34.36 22.04
09:22:02 56.70 -41.10 38.96 21.99
09:22:03 56.10 -48.90 50.09 22.23
09:22:03 57.15 -78.15 57.60 22.30
09:22:03 57.00 -96.90 41.14 22.19
09:22:03 57.90 -97.80 17.91 22.15
09:22:04 58.05 -95.10 8.95 21.99
09:22:04 57.90 -84.30 6.05 22.08
09:22:04 57.00 -88.50 3.87 22.17
09:22:04 54.60 -90.75 4.36 22.04
09:22:05 53.25 -92.55 3.87 22.06
09:22:05 52.35 -76.95 -5.57 21.97
09:22:05 51.45 -68.40 -1.69 22.23
09:22:06 52.20 -51.15 1.94 22.06
09:22:06 49.80 -35.10 22.51 22.26
09:22:06 50.85 -38.55 44.77 22.21
09:22:06 52.65 -57.45 63.16 22.28
09:22:07 53.10 -64.20 64.61 22.01
09:22:07 51.00 -72.45 63.16 22.04
09:22:07 52.65 -99.30 45.74 22.23
09:22:07 52.50 -103.20 21.30 22.26
09:22:08 52.35 -92.55 -1.21 22.28
09:22:08 51.30 -88.20 -0.97 22.12
09:22:08 49.05 -91.50 -2.42 22.15
09:22:09 46.35 -89.40 -6.78 22.32
09:22:09 42.90 -49.65 -6.53 22.10
09:22:09 44.10 -37.80 23.47 22.21
09:22:09 43.50 -29.70 37.75 22.30
09:22:10 42.15 -40.20 57.60 22.04
09:22:10 42.00 -78.15 70.18 22.23
09:22:10 43.20 -104.70 54.21 22.01
09:22:10 43.35 -110.85 25.17 22.19
09:22:11 43.80 -110.10 6.78 22.21
09:22:11 43.20 -95.25 -6.05 22.04
09:22:11 41.85 -92.85 -7.02 22.10
09:22:12 40.35 -91.80 -8.95 22.06
09:22:12 36.60 -89.55 -11.13 22.08
09:22:12 34.80 -60.30 -14.04 22.17
09:22:12 34.95 -49.65 6.29 22.28
09:22:13 36.00 -30.90 14.76 22.10
09:22:13 32.85 -27.00 42.59 22.26
09:22:13 34.05 -45.90 65.82 22.08
09:22:13 36.15 -73.80 74.29 22.01
09:22:14 36.90 -98.85 59.29 22.06
09:22:14 37.35 -106.80 24.68 22.06
09:22:14 36.00 -110.85 10.65 22.15
09:22:15 34.50 -99.75 -5.57 22.08
09:22:15 34.80 -99.15 -6.53 22.12
09:22:15 32.10 -97.65 -9.92 22.19
09:22:15 29.85 -93.00 -12.34 22.08
09:22:16 28.65 -90.75 -13.07 22.17
09:22:16 28.95 -68.25 -18.63 22.23
09:22:16 29.10 -49.35 -1.69 22.17
09:22:16 31.35 -34.65 13.55 22.06
09:22:17 30.30 -24.60 26.62 22.23
09:22:17 31.05 -27.00 41.38 22.04
09:22:17 31.65 -42.15 62.68 22.21
09:22:17 31.65 -60.30 73.08 22.10
09:22:18 32.70 -61.20 75.02 22.08
09:22:18 31.50 -78.45 71.39 22.23
09:22:18 30.15 -101.70 60.26 22.19
09:22:19 31.35 -113.85 43.80 22.08
09:22:19 30.00 -114.15 14.04 22.21
09:22:19 31.65 -102.00 -3.63 22.28
09:22:19 31.65 -85.35 -14.28 22.21
09:22:20 31.50 -81.60 -15.25 22.08
09:22:20 29.85 -78.45 -16.94 22.04
09:22:20 28.05 -73.35 -17.91 22.15
09:22:20 28.20 -43.50 -4.84 22.23
09:22:21 29.25 -25.05 21.30 22.08
09:22:21 27.45 -25.50 38.72 22.06
09:22:21 29.40 -38.10 60.02 22.35
09:22:22 29.40 -54.45 72.60 22.15
09:22:22 29.70 -77.70 73.81 22.21
09:22:22 31.80 -97.35 54.69 22.19
09:22:22 29.85 -110.25 40.17 22.06
09:22:23 29.40 -116.55 22.75 22.10
09:22:23 30.15 -114.75 -2.18 22.21
09:22:23 31.05 -99.60 -11.86 22.04
09:22:23 29.85 -67.20 -17.67 22.19
09:22:24 30.60 -69.15 -17.67 22.10
09:22:24 30.60 -63.00 -15.97 22.06
09:22:24 31.65 -58.65 -15.49 22.08
09:22:25 35.40 -59.85 -14.52 22.30
09:22:25 35.40 -31.20 7.99 22.15
09:22:25 35.55 -26.55 24.20 22.10
09:22:25 36.45 -28.35 38.96 22.08
09:22:26 37.95 -38.55 55.42 21.97
09:22:26 37.35 -52.20 68.24 22.28
09:22:26 37.95 -67.05 73.81 22.04
09:22:26 37.65 -71.55 71.15 21.99
09:22:27 39.15 -87.90 54.69 22.17
09:22:27 39.75 -107.55 39.93 22.10
09:22:27 38.40 -112.35 12.34 22.04
09:22:28 38.70 -102.15 -6.29 22.26
09:22:28 40.35 -73.05 -13.79 22.35
09:22:28 38.40 -71.70 -15.25 22.17
09:22:28 38.70 -69.30 -14.52 22.08
09:22:29 42.15 -66.45 -12.58 22.15
09:22:29 44.25 -66.75 -12.58 22.30
09:22:29 42.45 -52.65 -5.08 22.08
09:22:29 42.75 -42.15 3.39 22.32
09:22:30 45.90 -34.05 15.25 22.17
09:22:30 46.80 -31.50 30.49 22.23
09:22:30 46.95 -36.60 47.19 22.23
09:22:30 47.85 -48.30 60.02 22.21
09:22:31 48.30 -65.85 66.79 22.12
09:22:31 48.30 -81.45 66.79 22.19
09:22:31 47.25 -95.70 59.53 22.12
09:22:32 48.15 -106.05 42.35 22.37
09:22:32 47.85 -107.25 28.07 22.17
09:22:32 48.15 -102.00 13.07 22.15
09:22:32 47.55 -96.15 -0.73 22.15
09:22:33 48.15 -77.40 -9.20 22.28
09:22:33 47.25 -65.10 -5.57 22.08
09:22:33 47.40 -53.10 -4.60 22.28
09:22:33 49.65 -58.05 -4.60 22.12
09:22:34 53.25 -56.40 -1.45 22.28
09:22:34 54.30 -56.10 8.47 22.28
09:22:34 56.25 -43.95 24.68 22.06
09:22:35 58.35 -43.80 37.75 22.35
09:22:35 57.75 -50.70 49.85 22.19
09:22:35 58.95 -63.90 54.93 22.30
09:22:35 59.10 -84.00 51.55 22.19
09:22:36 58.20 -96.30 37.03 22.17
09:22:36 58.80 -95.40 21.78 22.28
09:22:36 58.05 -85.50 7.26 22.35
09:22:36 58.05 -64.65 1.94 22.35
09:22:37 57.90 -64.50 0.73 22.26
09:22:37 58.20 -65.10 2.66 22.06
09:22:37 59.25 -66.30 5.08 22.30
09:22:38 62.25 -67.05 10.41 22.17
09:22:38 63.75 -66.00 11.13 22.26
09:22:38 64.05 -64.65 13.31 22.23
09:22:38 63.75 -55.80 19.12 22.30
09:22:39 64.20 -53.70 26.86 22.23
09:22:39 64.35 -54.00 33.88 22.17
09:22:39 64.35 -55.20 34.36 22.28
09:22:39 64.20 -61.20 42.59 22.06
09:22:40 64.50 -67.05 45.25 22.17
09:22:40 64.35 -69.45 44.29 22.19
09:22:40 64.05 -83.55 36.06 22.23
09:22:41 64.20 -84.00 24.44 22.26
09:22:41 64.65 -82.65 21.78 22.21
09:22:41 64.65 -80.10 20.81 22.21
09:22:41 64.95 -73.65 16.94 22.23
09:22:42 65.70 -67.95 16.94 22.17
09:22:42 65.55 -67.65 16.46 22.21
09:22:42 65.10 -66.15 16.21 22.21
09:22:42 65.40 -70.80 15.97 22.37
09:22:43 64.50 -76.80 14.76 22.35
09:22:43 63.90 -77.70 14.04 22.35
09:22:43 63.75 -79.35 15.25 22.30
09:22:43 64.05 -69.60 13.07 22.12
09:22:44 64.20 -63.45 12.10 22.08
09:22:44 64.05 -63.00 17.91 22.23
09:22:44 63.90 -54.60 22.51 22.32
09:22:45 63.90 -54.00 35.57 22.23
09:22:45 64.35 -59.40 47.43 22.32
09:22:45 63.45 -63.75 46.71 22.37
09:22:45 63.90 -80.40 42.11 22.10
09:22:46 63.00 -89.55 31.94 22.35
09:22:46 63.15 -83.85 14.04 22.12
09:22:46 62.85 -78.45 10.89 22.19
09:22:46 61.95 -80.40 9.92 22.19
09:22:47 59.25 -85.80 5.32 22.48
09:22:47 57.15 -87.60 6.29 22.06
09:22:47 56.40 -87.90 5.81 22.21
09:22:48 58.20 -85.95 7.26 22.39
09:22:48 58.35 -80.10 1.45 22.21
09:22:48 58.05 -59.10 4.36 22.30
09:22:48 59.25 -45.60 17.91 22.10
09:22:49 59.10 -44.70 36.30 22.06
09:22:49 58.65 -45.45 40.17 22.10
09:22:49 58.35 -55.50 52.03 22.28
09:22:49 58.65 -75.00 56.39 22.08
09:22:50 58.95 -84.00 45.01 22.12
09:22:50 59.55 -90.75 38.24 22.39
09:22:50 58.05 -97.20 27.35 22.32
09:22:51 58.95 -87.75 8.95 22.17
09:22:51 58.20 -86.85 5.81 22.19
09:22:51 55.80 -90.00 4.60 22.26
09:22:51 51.90 -93.15 2.90 22.12
09:22:52 51.00 -92.70 1.69 22.32
09:22:52 51.30 -88.35 -6.78 22.26
09:22:52 51.00 -65.85 -5.08 22.30
09:22:52 50.70 -44.25 2.90 22.26
09:22:53 50.10 -34.20 24.20 22.12
09:22:53 51.15 -37.05 54.45 22.21
09:22:53 50.10 -42.90 57.60 22.12
09:22:54 50.10 -66.60 65.10 22.17
09:22:54 51.15 -93.60 58.08 22.26
09:22:54 51.30 -99.75 43.80 22.21
09:22:54 47.85 -105.75 31.46 22.30
09:22:55 49.65 -94.80 -2.42 22.32
09:22:55 50.55 -89.10 -2.18 22.12
09:22:55 47.40 -92.55 -2.42 22.17
09:22:55 46.05 -92.25 -5.32 22.23
09:22:56 43.65 -90.45 -7.02 22.19
09:22:56 42.30 -90.90 -9.44 22.26
09:22:56 41.55 -71.40 -12.83 22.32
09:22:57 43.20 -45.90 -6.78 22.26
09:22:57 42.60 -35.40 6.05 22.10
09:22:57 42.45 -35.25 23.96 22.26
09:22:57 42.30 -29.25 31.94 22.30
09:22:58 42.30 -37.35 53.00 22.17
09:22:58 42.45 -58.05 71.15 22.30
09:22:58 43.20 -67.35 64.37 22.30
09:22:58 43.05 -102.75 55.18 22.28
09:22:59 42.30 -111.90 29.28 22.28
09:22:59 43.50 -106.50 2.18 22.06
09:22:59 40.95 -94.05 -6.29 22.17
09:22:59 38.55 -95.85 -6.05 22.15
09:23:00 37.35 -93.90 -7.50 22.12
09:23:00 38.85 -92.40 -9.44 22.15
09:23:00 36.75 -59.70 -14.52 22.23
09:23:01 37.95 -40.50 -5.08 22.32
09:23:01 37.20 -39.60 3.15 22.32
09:23:01 38.10 -37.20 3.39 22.32
09:23:01 37.95 -29.70 19.60 22.19
09:23:02 38.70 -28.05 37.75 22.19
09:23:02 39.30 -41.25 57.35 22.30
09:23:02 39.60 -42.75 69.45 22.26
09:23:02 38.55 -52.80 70.66 22.26
09:23:03 40.05 -77.85 72.12 22.19
09:23:03 40.65 -76.95 71.63 22.35
09:23:03 41.70 -77.70 71.39 22.23
09:23:04 40.80 -81.90 71.63 22.12
09:23:04 38.25 -99.60 56.63 22.15
09:23:04 39.90 -101.70 59.53 22.32
09:23:04 39.90 -107.25 28.07 22.17
09:23:05 38.85 -113.10 22.75 22.30
09:23:05 38.40 -93.30 -8.71 22.23
09:23:05 39.00 -91.65 -9.20 22.15
09:23:05 36.60 -91.95 -10.16 22.12
09:23:06 34.20 -91.35 -12.34 22.28
09:23:06 30.75 -87.75 -14.04 22.12
09:23:06 33.90 -84.30 -14.76 22.19
09:23:07 33.90 -81.60 -15.00 22.30
09:23:07 36.75 -79.50 -14.52 22.35
09:23:07 38.10 -64.50 -12.10 22.28
09:23:07 37.20 -56.40 -12.58 22.15
09:23:08 38.25 -32.55 3.15 22.17
09:23:08 39.30 -35.10 5.32 22.32
09:23:08 36.90 -26.55 36.30 22.26
09:23:08 36.60 -32.85 57.60 22.10
09:23:09 36.45 -32.55 52.27 22.35
09:23:09 35.25 -53.55 72.36 22.28
09:23:09 36.60 -52.20 69.70 22.41
09:23:10 35.85 -93.60 64.61 22.32
09:23:10 36.90 -95.10 66.79 22.19
09:23:10 36.15 -111.90 32.67 22.32
09:23:10 37.65 -114.30 33.64 22.35
09:23:11 36.15 -114.15 3.87 22.32
09:23:11 36.30 -104.70 2.90 22.17
09:23:11 35.25 -98.10 -15.00 22.15
09:23:11 34.80 -83.25 -13.07 22.10
09:23:12 35.10 -84.00 -14.52 22.06
09:23:12 32.70 -80.55 -15.97 22.23
09:23:12 33.90 -45.75 -7.74 22.35
09:23:13 34.80 -49.80 -12.83 22.28
09:23:13 32.85 -47.10 -3.63 22.26
09:23:13 32.70 -28.35 13.31 22.17
09:23:13 35.40 -26.40 38.48 22.10
09:23:14 34.65 -26.55 40.41 22.26
09:23:14 34.80 -36.60 58.08 22.12
09:23:14 35.40 -41.55 73.33 22.17
09:23:14 33.75 -61.05 74.29 22.19
09:23:15 34.80 -61.95 74.05 22.35
09:23:15 34.80 -69.45 72.84 22.19
09:23:15 33.30 -91.65 69.94 22.10
09:23:15 34.50 -94.35 66.31 22.17
09:23:16 33.60 -109.50 52.76 22.23
09:23:16 33.30 -115.35 19.36 22.28
09:23:16 33.90 -95.25 -10.65 22.15
09:23:17 35.70 -93.60 -8.71 22.17
09:23:17 35.70 -93.90 -8.23 22.19
09:23:17 37.20 -91.20 -10.16 22.35
09:23:17 37.80 -81.60 -14.52 22.19
09:23:18 39.75 -58.95 -10.89 22.17
09:23:18 38.55 -38.10 -3.15 22.06
09:23:18 38.40 -31.95 22.26 22.23
09:23:18 37.05 -28.20 22.75 22.19
09:23:19 37.80 -43.35 61.23 22.35
09:23:19 39.90 -43.65 70.66 22.32
09:23:19 37.95 -73.20 72.60 22.10
09:23:20 40.35 -109.35 43.08 22.23
09:23:20 42.45 -109.20 29.52 22.12
09:23:20 41.85 -104.25 4.60 22.26
09:23:20 41.55 -93.60 -12.58 22.37
09:23:21 41.85 -80.55 -11.62 22.21
09:23:21 41.25 -72.30 -10.16 22.23
09:23:21 39.90 -42.75 -0.97 22.30
09:23:21 39.45 -31.95 9.44 22.41
09:23:22 38.10 -34.65 3.39 22.15
09:23:22 39.75 -37.95 -0.97 22.32
09:23:22 39.30 -37.35 4.11 22.23
09:23:23 44.85 -37.80 5.57 22.10
09:23:23 46.80 -38.70 5.32 22.21
09:23:23 46.35 -37.50 7.26 22.19
09:23:23 45.30 -34.50 36.78 22.30
09:23:24 47.85 -38.85 49.61 22.28
09:23:24 47.40 -55.80 63.89 22.06
09:23:24 48.00 -88.05 63.65 22.26
09:23:24 48.75 -91.80 53.97 22.30
09:23:25 47.25 -99.30 45.25 22.32
09:23:25 46.05 -108.30 31.94 22.21
09:23:25 46.50 -103.20 10.89 22.15
09:23:26 47.25 -94.35 -5.81 22.35
09:23:26 48.30 -85.65 -8.23 22.15
09:23:26 46.95 -64.65 -8.95 22.21
09:23:26 47.55 -45.90 7.74 22.12
09:23:27 47.55 -40.80 4.11 22.19
09:23:27 48.15 -43.35 2.18 22.30
09:23:27 50.55 -47.55 -0.24 22.17
09:23:27 50.10 -47.25 3.87 22.15
09:23:28 55.80 -50.40 10.16 22.37
09:23:28 56.85 -42.75 18.39 22.46
09:23:28 57.60 -46.35 43.08 22.01
09:23:29 57.90 -66.30 55.66 22.26
09:23:29 59.25 -78.30 42.35 22.37
09:23:29 58.35 -93.00 33.88 22.26
09:23:29 58.05 -94.80 17.42 22.28
09:23:30 57.90 -80.10 3.15 22.12
09:23:30 58.05 -60.45 4.36 22.28
09:23:30 58.50 -54.45 6.29 22.26
09:23:30 58.95 -55.65 6.78 22.28
09:23:31 59.25 -55.65 7.74 22.32
09:23:31 60.45 -57.45 10.65 22.39
09:23:31 61.50 -48.90 21.05 22.26
09:23:31 60.90 -47.70 31.70 22.23
09:23:32 61.35 -48.60 35.57 22.43
09:23:32 62.40 -51.00 36.78 22.21
09:23:32 63.00 -56.55 43.32 22.39
09:23:33 63.15 -74.10 48.64 22.17
09:23:33 62.55 -87.45 38.96 22.28
09:23:33 61.65 -89.55 20.81 22.28
09:23:33 63.00 -76.80 11.62 22.19
09:23:34 61.95 -66.30 9.44 22.10
09:23:34 62.55 -66.75 10.16 22.17
09:23:34 64.20 -66.30 17.42 22.32
09:23:34 65.10 -66.30 15.97 22.21
09:23:35 64.95 -60.45 17.67 22.21
09:23:35 65.10 -62.70 20.81 22.32
09:23:35 64.65 -58.20 21.05 22.32
09:23:36 64.65 -55.50 27.35 22.21
09:23:36 64.95 -56.10 34.36 22.28
09:23:36 64.50 -57.45 36.06 22.39
09:23:36 64.20 -58.50 37.99 22.15
09:23:37 64.95 -62.10 37.75 22.39
09:23:37 65.25 -62.70 39.69 22.28
09:23:37 65.25 -63.45 40.66 22.32
09:23:37 64.65 -75.90 43.32 22.28
09:23:38 64.50 -77.10 41.38 22.35
09:23:38 63.90 -81.45 40.90 22.39
09:23:38 63.45 -85.95 32.43 22.41
09:23:39 63.75 -84.15 13.79 22.30
09:23:39 63.60 -77.25 12.58 22.28
09:23:39 63.30 -63.75 13.07 22.15
09:23:39 64.50 -65.40 15.73 22.30
09:23:40 65.70 -69.90 17.42 22.26
09:23:40 65.40 -70.80 15.97 22.28
09:23:40 65.40 -68.25 20.09 22.26
09:23:40 65.55 -64.20 21.54 22.35
09:23:41 65.85 -61.50 22.02 22.39
09:23:41 65.70 -60.00 28.80 22.35
09:23:41 65.55 -60.00 33.64 22.41
09:23:41 66.00 -60.15 33.40 22.30
09:23:42 65.70 -63.60 37.27 22.21
09:23:42 66.30 -71.85 38.48 22.19
09:23:42 66.45 -72.75 34.36 22.30
09:23:43 65.70 -81.45 30.98 22.28
09:23:43 66.60 -76.20 32.43 22.17
09:23:43 65.85 -80.25 23.72 22.30
09:23:43 65.55 -76.65 22.26 22.15
09:23:44 66.45 -74.70 22.99 22.26
09:23:44 65.85 -78.30 20.09 22.41
09:23:44 64.20 -83.70 22.26 22.35
09:23:44 63.60 -84.90 11.86 22.28
09:23:45 62.85 -78.60 13.31 22.37
09:23:45 63.75 -69.60 10.65 22.17
09:23:45 63.15 -69.30 12.34 22.23
09:23:46 62.25 -54.60 14.76 22.28
09:23:46 62.55 -49.80 29.04 22.17
09:23:46 62.25 -50.55 45.74 22.23
09:23:46 62.55 -59.55 44.77 22.46
09:23:47 63.00 -82.80 45.98 22.10
09:23:47 63.30 -80.40 43.08 22.39
09:23:47 62.85 -87.60 35.09 22.12
09:23:47 63.60 -87.15 22.02 22.28
09:23:48 62.40 -88.95 22.26 22.26
09:23:48 62.55 -81.30 15.00 22.19
09:23:48 63.30 -82.50 14.76 22.21
09:23:49 60.75 -87.15 11.37 22.30
09:23:49 59.10 -82.35 1.94 22.30
09:23:49 57.15 -78.30 2.66 22.37
09:23:49 59.10 -60.30 4.36 22.06
09:23:50 59.10 -48.15 14.28 22.19
09:23:50 60.15 -49.20 21.78 22.17
09:23:50 59.70 -45.30 26.62 22.17
09:23:50 60.75 -57.45 49.61 22.35
09:23:51 60.45 -55.50 51.30 22.37
09:23:51 58.50 -72.30 59.05 22.28
09:23:51 57.45 -70.65 56.63 22.35
09:23:52 58.65 -69.90 54.69 22.10
09:23:52 60.30 -80.10 51.79 22.39
09:23:52 58.80 -95.70 30.49 22.15
09:23:52 58.95 -92.55 15.00 22.30
09:23:53 58.50 -94.05 16.70 22.12
09:23:53 55.35 -96.75 13.07 22.48
09:23:53 54.60 -96.15 8.71 22.17
09:23:53 52.20 -73.65 -5.57 22.28
09:23:54 53.40 -69.75 -2.18 22.35
09:23:54 52.65 -67.80 -6.53 22.23
09:23:54 52.65 -68.55 -1.45 22.39
09:23:55 55.95 -50.85 4.36 22.15
09:23:55 56.25 -40.80 29.77 22.30
09:23:55 55.35 -39.30 37.27 22.48
09:23:55 54.45 -47.55 51.30 22.19
09:23:56 55.20 -68.40 60.50 22.23
09:23:56 54.60 -70.50 57.84 22.10
09:23:56 55.50 -99.45 37.27 22.28
09:23:56 55.20 -101.25 7.26 22.15
09:23:57 52.65 -85.65 -0.97 22.48
09:23:57 53.25 -87.00 -0.73 22.41
09:23:57 49.50 -86.40 -5.08 22.17
09:23:57 49.35 -82.65 -7.50 22.21
09:23:58 47.85 -51.75 -5.08 22.57
09:23:58 49.20 -49.35 14.28 22.30
09:23:58 51.45 -34.95 19.84 22.15
09:23:59 50.10 -40.35 58.08 22.30
09:23:59 49.20 -48.90 60.50 22.19
09:23:59 50.70 -91.35 60.74 22.28
09:23:59 47.55 -94.50 46.46 22.32
09:24:00 48.90 -107.55 28.56 22.37
09:24:00 47.55 -92.40 -4.36 22.19
09:24:00 49.20 -88.35 -3.39 22.32
09:24:00 50.70 -88.65 -2.18 22.17
09:24:01 46.35 -87.45 -8.47 22.21
09:24:01 43.35 -81.00 -12.58 22.21
09:24:01 42.75 -54.00 -9.44 22.37
09:24:02 43.05 -34.50 16.70 22.26
09:24:02 42.90 -30.90 23.96 22.30
09:24:02 42.90 -35.40 51.55 22.46
09:24:02 43.35 -55.95 68.73 22.32
09:24:03 43.20 -54.90 68.73 22.32
09:24:03 43.50 -97.95 59.53 22.39
09:24:03 43.80 -103.35 31.22 22.17
09:24:03 43.50 -110.85 22.02 22.28
09:24:04 42.45 -84.75 -8.95 22.17
09:24:04 42.75 -85.20 -9.44 22.30
09:24:04 41.70 -85.80 -11.86 22.35
09:24:05 38.85 -80.10 -13.31 22.17
09:24:05 39.30 -46.50 -8.47 22.37
09:24:05 40.80 -40.95 21.54 22.26
09:24:05 40.50 -28.80 20.81 22.35
09:24:06 40.80 -34.50 56.39 22.32
09:24:06 43.65 -39.30 57.35 22.28
09:24:06 45.15 -63.75 69.70 22.35
09:24:06 44.85 -84.30 55.66 22.37
09:24:07 42.30 -102.00 54.69 22.23
09:24:07 42.30 -111.30 28.31 22.21
09:24:07 43.05 -110.25 5.08 22.06
09:24:07 41.10 -96.75 -1.94 22.32
09:24:08 43.20 -83.40 -9.20 22.41
09:24:08 43.50 -83.10 -11.13 22.39
09:24:08 43.50 -79.95 -11.13 22.32
09:24:09 38.40 -76.50 -13.79 22.37
09:24:09 42.45 -70.20 -13.55 22.19
09:24:09 41.85 -67.65 -12.83 22.39
09:24:09 41.10 -43.50 -4.60 22.28
09:24:10 42.90 -36.00 27.83 22.26
09:24:10 42.90 -30.30 29.77 22.10
09:24:10 43.05 -43.65 58.32 22.35
09:24:10 44.55 -65.85 69.94 22.28
09:24:11 43.05 -80.10 67.03 22.23
09:24:11 41.85 -111.15 32.43 22.30
09:24:11 42.75 -103.50 -6.78 22.26
09:24:12 43.05 -91.20 -7.74 22.12
09:24:12 42.15 -57.30 -11.86 22.39
09:24:12 42.90 -64.95 -12.34 22.39
09:24:12 39.90 -64.95 -13.55 22.32
09:24:13 43.80 -60.15 -9.68 22.12
09:24:13 44.70 -33.30 13.55 22.17
09:24:13 45.90 -31.65 47.67 22.30
09:24:13 45.60 -35.10 48.64 22.21
09:24:14 46.05 -56.70 64.37 22.28
09:24:14 49.65 -79.50 61.23 22.32
09:24:14 48.90 -89.10 61.23 22.50
09:24:15 47.10 -105.60 45.25 22.39
09:24:15 48.60 -103.20 -0.73 22.39
09:24:15 46.95 -95.70 -0.73 22.23
09:24:15 46.50 -56.40 -7.02 22.12
09:24:16 46.95 -57.60 -7.74 22.17
09:24:16 46.80 -59.10 -7.74 22.30
09:24:16 50.70 -56.85 -4.11 22.17
09:24:16 51.75 -52.05 12.34 22.26
09:24:17 50.70 -35.25 33.64 22.26
09:24:17 52.35 -57.00 58.08 22.15
09:24:17 55.65 -61.65 61.95 22.37
09:24:18 54.45 -76.50 60.26 22.37
09:24:18 52.95 -99.00 47.67 22.12
09:24:18 53.85 -100.65 40.17 22.17
09:24:18 52.80 -101.40 39.93 22.17
09:24:19 52.05 -98.70 9.20 22.32
09:24:19 53.10 -96.15 6.78 22.15
09:24:19 52.65 -54.45 2.66 22.41
09:24:19 54.75 -51.90 3.63 22.46
09:24:20 56.85 -52.65 7.02 22.19
09:24:20 59.55 -53.85 13.31 22.39
09:24:20 61.50 -48.75 32.19 22.21
09:24:21 63.00 -52.20 41.87 22.30
09:24:21 63.75 -58.50 43.08 22.19
09:24:21 63.30 -75.45 45.98 22.32
09:24:21 64.50 -76.95 37.27 22.43
09:24:22 64.05 -84.60 32.43 22.28
09:24:22 63.60 -81.15 14.04 22.32
09:24:22 64.35 -78.30 14.04 22.37
09:24:22 63.90 -58.95 17.91 22.63
09:24:23 64.95 -60.90 20.81 22.19
09:24:23 65.40 -59.85 27.10 22.12
09:24:23 66.30 -61.20 34.12 22.15
09:24:24 65.40 -62.40 38.48 22.43
09:24:24 65.25 -70.80 38.72 22.46
09:24:24 66.00 -73.95 31.46 22.41
09:24:24 66.60 -76.80 28.31 22.37
09:24:25 66.30 -74.25 24.44 22.37
09:24:25 66.00 -75.00 21.78 22.72
09:24:25 65.70 -73.65 20.81 22.37
09:24:25 66.00 -68.70 21.30 22.37
09:24:26 66.00 -67.65 21.78 22.26
09:24:26 66.30 -65.70 23.96 22.28
09:24:26 66.45 -64.20 26.62 22.32
09:24:26 66.30 -63.15 29.52 22.43
09:24:27 66.00 -65.10 32.43 22.43
09:24:27 66.30 -66.30 35.82 22.35
09:24:27 66.45 -67.80 37.27 22.30
09:24:28 66.30 -71.40 34.12 22.26
09:24:28 66.15 -74.70 32.19 22.46
09:24:28 66.00 -73.80 32.91 22.48
09:24:28 66.45 -76.20 30.98 22.52
09:24:29 66.30 -75.60 27.10 22.41
09:24:29 66.00 -75.60 23.47 22.30
09:24:29 65.40 -76.65 21.54 22.50
09:24:29 65.55 -72.75 21.05 22.63
09:24:30 65.40 -70.80 18.63 22.19
09:24:30 65.70 -67.05 17.67 22.39
09:24:30 64.95 -63.30 19.60 22.23
09:24:31 65.40 -61.80 21.05 22.17
09:24:31 65.25 -57.60 25.89 22.48
09:24:31 65.40 -57.15 32.43 22.26
09:24:31 65.25 -59.40 37.75 22.41
09:24:32 64.95 -62.85 39.93 22.19
09:24:32 64.95 -69.45 44.04 22.52
09:24:32 64.05 -74.70 43.32 22.43
09:24:32 64.50 -78.00 41.14 22.43
09:24:33 64.20 -85.20 35.09 22.26
09:24:33 64.50 -86.85 27.59 22.28
09:24:33 62.85 -84.75 17.67 22.35
09:24:34 63.00 -80.85 14.52 22.32
09:24:34 63.90 -72.15 13.07 22.39
09:24:34 62.85 -66.00 10.89 22.46
09:24:34 61.65 -62.40 8.95 22.43
09:24:35 60.90 -53.85 13.79 22.19
09:24:35 60.75 -49.50 21.54 22.35
09:24:35 61.50 -47.85 29.28 22.41
09:24:35 61.35 -49.05 36.78 22.32
09:24:36 61.65 -54.15 45.74 22.17
09:24:36 61.50 -63.45 52.03 22.48
09:24:36 62.10 -73.35 50.09 22.50
09:24:37 61.05 -84.45 44.53 22.46
09:24:37 60.60 -91.05 35.57 22.28
09:24:37 61.05 -92.55 25.41 22.19
09:24:37 60.90 -90.30 13.55 22.30
09:24:38 60.15 -81.60 7.74 22.41
09:24:38 60.60 -72.60 5.08 22.15
09:24:38 59.55 -62.10 5.08 22.50
09:24:38 58.80 -53.10 11.13 22.39
09:24:39 59.40 -47.40 20.33 22.43
09:24:39 58.95 -43.80 28.07 22.32
09:24:39 59.85 -45.45 34.61 22.39
09:24:39 59.25 -47.55 42.59 22.21
09:24:40 59.25 -51.90 49.61 22.57
09:24:40 58.65 -59.85 55.42 22.46
09:24:40 58.20 -71.55 57.11 22.43
09:24:41 57.30 -81.60 56.87 22.43
09:24:41 55.65 -93.45 47.43 22.39
09:24:41 56.40 -97.95 30.25 22.12
09:24:41 56.40 -96.90 14.28 22.21
09:24:42 55.05 -88.65 2.90 22.28
09:24:42 55.80 -70.80 -2.18 22.46
09:24:42 55.05 -56.10 0.24 22.23
09:24:42 55.35 -46.95 12.83 22.46
09:24:43 55.65 -41.25 23.47 22.37
09:24:43 57.00 -42.75 40.90 22.52
09:24:43 56.10 -49.65 54.69 22.41
09:24:44 53.85 -63.45 61.71 22.23
09:24:44 55.20 -80.70 55.42 22.28
09:24:44 57.45 -89.10 51.30 22.12
09:24:44 55.50 -97.05 40.41 22.12
09:24:45 55.95 -100.95 23.47 22.43
09:24:45 55.65 -97.20 10.89 22.35
09:24:45 54.60 -84.15 -1.69 22.23
09:24:45 54.60 -74.55 -1.94 22.61
09:24:46 55.50 -61.20 -2.42 22.37
09:24:46 54.30 -46.35 8.71 22.37
09:24:46 55.95 -40.95 26.38 22.12
09:24:47 58.65 -45.00 40.90 22.37
09:24:47 58.80 -47.10 49.61 22.52
09:24:47 56.70 -58.05 58.81 22.50
09:24:47 57.00 -81.00 51.30 22.37
09:24:48 57.75 -94.80 37.51 22.23
09:24:48 57.30 -97.35 22.75 22.46
09:24:48 57.75 -91.80 11.13 22.41
09:24:48 58.95 -77.10 3.87 22.23
09:24:49 58.20 -61.05 7.26 22.41
09:24:49 60.90 -53.40 19.12 22.30
09:24:49 61.65 -48.60 35.82 22.52
09:24:50 62.10 -58.65 45.25 22.21
09:24:50 63.15 -69.75 45.74 22.39
09:24:50 63.90 -79.50 40.41 22.12
09:24:50 64.65 -79.05 40.41 22.21
09:24:51 64.80 -79.05 33.64 22.30
09:24:51 65.55 -80.10 27.59 22.21
09:24:51 66.15 -74.10 22.26 22.28
09:24:51 66.45 -70.95 22.26 22.17
09:24:52 66.00 -65.55 22.02 22.30
09:24:52 66.30 -60.90 32.91 22.32
09:24:52 66.00 -65.40 35.33 22.54
09:24:52 64.95 -57.60 45.01 22.32
09:24:53 62.70 -66.00 51.06 22.21
09:24:53 58.50 -78.15 56.63 22.26
09:24:53 58.20 -89.85 45.01 22.26
09:24:54 59.55 -94.50 31.22 22.37
09:24:54 60.00 -91.95 18.88 22.19
09:24:54 61.35 -80.70 10.89 22.46
09:24:54 61.05 -65.25 8.95 22.54
09:24:55 61.65 -53.40 16.70 22.37
09:24:55 62.25 -51.15 29.77 22.39
09:24:55 61.80 -53.85 44.53 22.46
09:24:55 62.55 -64.65 48.16 22.57
09:24:56 62.85 -78.90 45.01 22.39
09:24:56 63.15 -87.60 33.88 22.43
09:24:56 61.95 -89.70 20.57 22.48
09:24:57 62.40 -79.95 12.10 22.37
09:24:57 61.65 -67.95 9.92 22.30
09:24:57 62.85 -61.65 19.60 22.35
09:24:57 66.00 -78.15 51.30 22.30
09:24:58 48.15 -85.80 69.94 22.19
09:24:58 33.45 -84.00 74.78 22.39
09:24:58 29.55 -89.55 72.36 22.57
09:24:58 18.60 -96.90 69.45 22.43
09:24:59 19.05 -108.60 41.87 22.54
09:24:59 12.75 -117.60 4.36 22.59
09:24:59 13.20 -100.80 -16.46 22.30
09:25:00 13.80 -68.25 -11.13 22.57
09:25:00 13.05 -36.75 16.94 22.21
09:25:00 13.50 -24.45 54.21 22.19
09:25:00 15.45 -33.90 72.36 22.46
09:25:01 15.15 -55.80 75.75 22.19
09:25:01 15.75 -90.45 53.48 22.17
09:25:01 14.85 -117.30 6.05 22.52
09:25:01 15.45 -106.20 -17.42 22.35
09:25:02 13.65 -59.70 -7.02 22.46
09:25:02 15.00 -36.30 15.73 22.61
09:25:02 15.30 -25.65 54.45 22.54
09:25:03 15.75 -51.45 75.50 22.43
09:25:03 16.20 -96.75 65.10 22.21
09:25:03 15.45 -117.60 33.64 22.21
09:25:03 15.75 -100.80 -7.02 22.54
09:25:04 15.60 -79.35 -16.70 22.28
09:25:04 16.65 -51.15 -18.15 22.30
09:25:04 16.80 -35.70 -8.71 22.65
09:25:04 18.30 -25.65 11.86 22.52
09:25:05 16.35 -26.40 43.80 22.41
09:25:05 17.70 -39.45 62.92 22.26
09:25:05 18.15 -70.20 77.44 22.43
09:25:05 17.70 -98.55 70.66 22.12
09:25:06 17.10 -116.10 42.11 22.30
09:25:06 16.35 -115.20 5.57 22.50
09:25:06 17.40 -94.50 -17.67 22.37
09:25:07 17.70 -72.75 -17.91 22.35
09:25:07 14.70 -58.95 -13.07 22.17
09:25:07 13.65 -45.00 3.39 22.46
09:25:07 14.40 -27.00 32.91 22.48
09:25:08 15.60 -25.35 59.77 22.43
09:25:08 15.60 -45.00 75.75 22.30
09:25:08 15.00 -69.60 75.50 22.21
09:25:08 14.10 -94.50 60.26 22.46
09:25:09 14.55 -117.30 34.12 22.28
09:25:09 14.70 -110.55 9.68 22.46
09:25:09 14.85 -89.25 -15.00 22.19
09:25:10 12.00 -58.35 -15.25 22.43
09:25:10 14.40 -27.15 6.78 22.35
09:25:10 12.45 -24.00 24.68 22.39
09:25:10 13.20 -24.75 41.87 22.50
09:25:11 11.70 -35.10 62.68 22.28
09:25:11 13.20 -60.00 76.96 22.48
09:25:11 15.75 -68.25 75.26 22.43
09:25:11 16.20 -103.35 52.76 22.57
09:25:12 16.35 -116.10 15.73 22.52
09:25:12 16.95 -112.50 -5.57 22.46
09:25:12 15.30 -99.60 -16.21 22.35
09:25:13 11.85 -72.00 -16.70 22.57
09:25:13 9.75 -42.75 -6.78 22.23
09:25:13 8.25 -30.45 2.90 22.41
09:25:13 9.00 -25.65 30.25 22.30
09:25:14 7.95 -31.50 51.55 22.48
09:25:14 5.25 -48.45 71.39 22.28
09:25:14 6.45 -52.20 73.33 22.32
09:25:14 5.70 -87.30 68.73 22.28
09:25:15 4.65 -112.50 47.92 22.19
09:25:15 2.55 -115.50 23.72 22.26
09:25:15 3.45 -106.35 -8.71 22.26
09:25:16 3.45 -94.05 -8.71 22.17
09:25:16 -0.45 -59.70 -11.62 22.28
09:25:16 -8.55 -63.45 -7.02 22.39
09:25:16 -9.60 -41.10 5.08 22.37
09:25:17 -8.85 -37.05 46.22 22.30
09:25:17 -8.85 -58.95 67.76 22.28
09:25:17 -9.30 -82.35 59.05 22.30
09:25:17 -9.00 -107.40 42.59 22.26
09:25:18 -9.30 -101.25 4.84 22.59
09:25:18 -9.75 -69.90 -8.95 22.39
09:25:18 -12.30 -59.10 6.29 22.28
09:25:18 -13.95 -39.75 15.73 22.39
09:25:19 -15.30 -46.65 48.88 22.15
09:25:19 -14.40 -59.40 65.10 22.28
09:25:19 -12.90 -72.75 60.98 22.19
09:25:20 -14.25 -99.60 50.34 22.30
09:25:20 -14.25 -105.30 24.44 22.26
09:25:20 -15.00 -102.00 3.63 22.43
09:25:20 -14.55 -93.30 1.45 22.35
09:25:21 -15.90 -74.40 -3.39 22.30
09:25:21 -16.05 -41.10 15.73 22.15
09:25:21 -16.65 -41.40 40.17 22.39
09:25:21 -17.70 -46.35 58.08 22.26
09:25:22 -17.10 -62.25 60.50 22.21
09:25:22 -17.40 -83.25 59.29 22.54
09:25:22 -17.25 -100.80 40.90 22.39
09:25:23 -18.00 -94.50 7.50 22.32
09:25:23 -17.25 -78.15 -2.66 22.46
09:25:23 -17.70 -68.25 -0.97 22.28
09:25:23 -17.85 -44.55 14.76 22.37
09:25:24 -17.25 -40.95 37.51 22.48
09:25:24 -17.40 -51.45 52.27 22.17
09:25:24 -17.10 -67.20 61.47 22.37
09:25:24 -17.10 -79.05 57.84 22.21
09:25:25 -17.40 -92.55 44.04 22.30
09:25:25 -17.10 -100.80 26.14 22.35
09:25:25 -16.35 -100.80 13.31 22.30
09:25:26 -16.35 -82.20 -2.66 22.48
09:25:26 -14.55 -59.40 -2.66 22.39
09:25:26 -14.55 -42.45 9.92 22.30
09:25:26 -15.15 -37.95 33.40 22.43
09:25:27 -14.85 -43.95 54.21 22.28
09:25:27 -14.55 -56.10 64.37 22.39
09:25:27 -14.70 -76.50 57.60 22.28
09:25:27 -15.00 -95.55 45.25 22.32
09:25:28 -14.40 -103.65 41.14 22.28
09:25:28 -14.55 -103.50 41.38 22.39
09:25:28 -14.25 -105.60 20.81 22.39
09:25:29 -14.85 -103.20 6.05 22.19
09:25:29 -14.40 -92.25 -4.60 22.21
09:25:29 -11.10 -77.40 -9.68 22.17
09:25:29 -7.80 -61.05 -7.02 22.52
09:25:30 -4.20 -46.05 -1.21 22.30
09:25:30 -3.15 -32.40 19.36 22.50
09:25:30 -5.70 -31.05 38.72 22.30
09:25:30 -4.05 -34.80 51.06 22.10
09:25:31 -4.05 -49.95 66.79 22.48
09:25:31 -4.65 -79.20 70.91 22.54
09:25:31 -4.20 -100.65 61.47 22.17
09:25:32 -5.55 -111.90 28.80 22.15
09:25:32 -5.25 -100.35 2.18 22.39
09:25:32 -4.05 -80.85 -11.13 22.23
09:25:32 -2.55 -59.25 -13.79 22.32
09:25:33 -1.50 -40.80 4.36 22.30
09:25:33 1.20 -29.25 30.98 22.17
09:25:33 2.40 -29.10 56.87 22.57
09:25:33 3.45 -44.10 72.36 22.61
09:25:34 2.70 -62.85 71.63 22.41
09:25:34 3.75 -94.80 47.92 22.48
09:25:34 3.15 -113.70 23.96 22.39
09:25:34 2.70 -113.85 3.87 22.35
09:25:35 3.90 -104.10 -12.58 22.37
09:25:35 4.50 -80.10 -16.46 22.48
09:25:35 7.95 -49.65 -9.68 22.21
09:25:36 8.70 -33.00 3.87 22.48
09:25:36 9.75 -25.05 35.33 22.30
09:25:36 10.20 -34.50 60.02 22.19
09:25:36 9.90 -62.55 75.99 22.35
09:25:37 10.65 -91.65 71.15 22.35
09:25:37 9.90 -107.70 59.29 22.50
09:25:37 10.20 -114.75 12.83 22.43
09:25:37 11.10 -100.65 -7.74 22.19
09:25:38 11.25 -81.60 -17.42 22.37
09:25:38 12.90 -50.70 -15.73 22.43
09:25:38 11.70 -54.45 -15.73 22.48
09:25:39 10.80 -55.95 -16.21 22.32
09:25:39 3.45 -60.45 -14.76 22.17
09:25:39 0.75 -43.05 -2.18 22.39
09:25:39 0.60 -34.50 21.54 22.48
09:25:40 0.90 -28.05 40.17 22.52
09:25:40 3.60 -32.25 58.81 22.23
09:25:40 4.50 -51.15 71.39 22.43
09:25:40 6.00 -78.00 75.26 22.48
09:25:41 5.85 -106.35 57.35 22.35
09:25:41 10.35 -115.20 15.97 22.54
09:25:41 6.15 -113.85 -8.71 22.39
09:25:42 9.00 -89.40 -18.15 22.57
09:25:42 10.50 -73.20 -15.25 22.39
09:25:42 9.90 -46.35 -1.94 22.30
09:25:42 10.05 -24.90 30.98 22.35
09:25:43 13.20 -31.05 53.97 22.54
09:25:43 13.05 -81.90 75.75 22.23
09:25:43 14.25 -111.75 49.61 22.46
09:25:43 10.65 -116.40 30.25 22.28
09:25:44 10.35 -117.60 8.95 22.54
09:25:44 9.15 -104.70 -5.57 22.37
09:25:44 9.30 -96.15 -11.62 22.48
09:25:45 11.10 -60.75 -17.18 22.54
09:25:45 10.95 -36.60 -3.15 22.54
09:25:45 10.65 -26.70 11.86 22.17
09:25:45 11.85 -25.20 35.09 22.39
09:25:46 11.70 -32.10 53.97 22.28
09:25:46 11.70 -52.80 75.75 22.35
09:25:46 10.95 -67.05 76.71 22.35
09:25:46 11.55 -79.95 70.91 22.32
09:25:47 10.95 -85.05 68.49 22.32
09:25:47 10.20 -112.35 42.83 22.52
09:25:47 7.95 -116.40 19.60 22.23
09:25:47 6.90 -105.00 -4.84 22.43
09:25:48 7.50 -77.25 -16.94 22.39
09:25:48 7.65 -46.05 -10.41 22.50
09:25:48 7.80 -31.95 4.11 22.50
09:25:49 9.90 -25.20 30.73 22.37
09:25:49 7.95 -36.90 60.50 22.32
09:25:49 8.55 -71.55 76.23 22.17
09:25:49 5.85 -97.05 71.39 22.43
09:25:50 9.30 -110.25 36.30 22.37
09:25:50 8.40 -116.85 8.47 22.52
09:25:50 7.35 -109.65 -10.41 22.30
09:25:50 7.95 -91.35 -15.49 22.54
09:25:51 6.30 -57.15 -11.86 22.61
09:25:51 7.35 -38.55 10.89 22.43
09:25:51 5.40 -25.35 31.94 22.32
09:25:52 3.90 -28.50 46.22 22.35
09:25:52 3.15 -45.00 68.00 22.46
09:25:52 0.75 -67.80 74.29 22.52
09:25:52 1.50 -100.20 67.76 22.48
09:25:53 -0.15 -112.65 47.19 22.28
09:25:53 1.80 -113.70 24.44 22.43
09:25:53 -0.15 -104.40 1.94 22.39
09:25:53 1.80 -83.70 -13.79 22.48
09:25:54 0.60 -62.40 -11.13 22.41
09:25:54 0.75 -41.85 3.15 22.52
09:25:54 1.95 -32.25 28.31 22.19
09:25:55 0.60 -27.75 40.41 22.46
09:25:55 -0.15 -38.70 57.84 22.43
09:25:55 -1.95 -66.15 69.94 22.35
09:25:55 -8.10 -97.35 62.19 22.43
09:25:56 -10.20 -107.40 40.90 22.57
09:25:56 -11.40 -108.30 16.70 22.26
09:25:56 -11.55 -101.10 -7.02 22.37
09:25:56 -11.55 -67.50 -3.63 22.39
09:25:57 -11.25 -52.05 8.47 22.48
09:25:57 -10.95 -34.65 29.52 22.59
09:25:57 -11.10 -35.40 38.24 22.41
09:25:58 -10.20 -53.85 61.71 22.23
09:25:58 -11.55 -81.15 64.86 22.41
09:25:58 -11.70 -99.00 55.90 22.41
09:25:58 -13.95 -103.35 31.22 22.39
09:25:59 -16.35 -103.65 19.60 22.23
09:25:59 -16.65 -99.30 11.86 22.23
09:25:59 -16.50 -83.70 0.97 22.30
09:25:59 -17.40 -81.30 0.73 22.39
09:26:00 -19.20 -85.80 -0.24 22.54
09:26:00 -17.85 -62.10 0.73 22.30
09:26:00 -16.80 -44.25 12.83 22.37
09:26:01 -16.05 -39.15 34.12 22.23
09:26:01 -16.65 -51.45 54.69 22.43
09:26:01 -17.25 -65.55 61.95 22.19
09:26:01 -18.00 -79.80 59.53 22.43
09:26:02 -17.55 -84.90 52.51 22.17
09:26:02 -18.60 -100.80 26.38 22.46
09:26:02 -18.60 -90.60 6.29 22.19
09:26:02 -18.45 -76.50 1.21 22.32
09:26:03 -20.25 -62.70 2.90 22.39
09:26:03 -20.10 -49.65 20.09 22.57
09:26:03 -19.20 -43.35 27.10 22.72
09:26:03 -19.20 -43.80 43.32 22.37
09:26:04 -18.15 -50.85 49.13 22.52
09:26:04 -19.35 -54.60 51.79 22.41
09:26:04 -18.45 -60.75 56.87 22.37
09:26:05 -21.30 -71.40 57.35 22.52
09:26:05 -21.45 -77.70 51.30 22.48
09:26:05 -20.25 -89.25 41.87 22.35
09:26:05 -19.95 -96.45 17.42 22.26
09:26:06 -19.35 -85.65 3.63 22.63
09:26:06 -21.15 -81.60 0.73 22.50
09:26:06 -20.10 -63.75 7.26 22.57
09:26:06 -17.40 -43.50 23.23 22.23
09:26:07 -18.30 -44.85 39.20 22.23
09:26:07 -19.05 -61.20 55.42 22.50
09:26:07 -19.50 -88.80 53.48 22.70
09:26:08 -19.95 -93.15 36.54 22.37
09:26:08 -21.00 -96.45 34.61 22.52
09:26:08 -19.35 -96.45 16.94 22.48
09:26:08 -19.20 -85.50 2.42 22.32
09:26:09 -19.35 -58.05 0.00 22.48
09:26:09 -17.55 -45.60 15.25 22.35
09:26:09 -17.10 -39.90 41.87 22.28
09:26:09 -15.45 -43.50 58.08 22.48
09:26:10 -15.75 -58.80 61.47 22.54
09:26:10 -15.90 -76.95 60.26 22.37
09:26:10 -14.40 -98.25 47.43 22.43
09:26:11 -14.85 -104.10 26.14 22.52
09:26:11 -15.00 -92.10 4.60 22.21
09:26:11 -14.85 -70.80 -4.84 22.35
09:26:11 -14.10 -41.85 6.29 22.32
09:26:12 -12.30 -33.60 20.57 22.46
09:26:12 -9.60 -36.00 47.92 22.59
09:26:12 -4.65 -50.10 65.34 22.28
09:26:12 -4.80 -69.75 72.60 22.37
09:26:13 -3.30 -84.75 70.91 22.30
09:26:13 -3.90 -103.20 58.56 22.39
09:26:13 -3.30 -110.55 30.25 22.12
09:26:14 1.20 -113.85 11.13 22.48
09:26:14 -5.25 -106.20 2.42 22.23
09:26:14 -7.05 -96.15 -6.78 22.54
09:26:14 -6.30 -76.50 -11.13 22.30
09:26:15 -3.45 -51.60 -3.15 22.46
09:26:15 -0.90 -36.15 7.02 22.48
09:26:15 0.00 -28.65 24.93 22.48
09:26:15 1.50 -29.85 46.71 22.39
09:26:16 3.30 -41.40 64.13 22.35
09:26:16 5.25 -71.25 73.81 22.43
09:26:16 3.60 -85.80 69.94 22.43
09:26:17 2.25 -104.85 57.11 22.21
09:26:17 2.40 -114.90 32.19 22.46
09:26:17 2.40 -110.25 8.95 22.17
09:26:17 1.80 -102.15 -0.97 22.35
09:26:18 0.00 -89.25 -9.68 22.50
09:26:18 3.00 -75.45 -15.49 22.54
09:26:18 1.20 -75.60 -15.73 22.37
09:26:18 4.65 -61.20 -11.13 22.57
09:26:19 9.00 -34.35 0.97 22.59
09:26:19 9.60 -24.45 25.17 22.52
09:26:19 7.20 -28.95 51.55 22.32
09:26:19 6.90 -32.25 69.70 22.46
09:26:20 8.70 -67.35 75.75 22.43
09:26:20 8.40 -106.50 60.50 22.26
09:26:20 7.35 -116.55 20.57 22.41
09:26:21 5.85 -105.75 -11.62 22.43
09:26:21 8.70 -88.35 -16.94 22.43
09:26:21 13.35 -66.30 -18.39 22.48
09:26:21 12.45 -43.20 -10.89 22.54
09:26:22 9.60 -32.25 7.26 22.43
09:26:22 10.80 -30.60 17.91 22.35
09:26:22 11.55 -24.45 30.01 22.35
09:26:22 13.05 -35.85 57.84 22.28
09:26:23 10.95 -48.75 76.23 22.21
09:26:23 10.80 -55.50 75.75 22.21
09:26:23 10.95 -97.65 68.73 22.32
09:26:24 10.20 -116.85 25.89 22.52
09:26:24 11.25 -116.55 21.54 22.28
09:26:24 10.80 -97.95 -8.71 22.48
09:26:24 9.00 -72.75 -17.67 22.65
09:26:25 7.20 -49.50 -14.52 22.50
09:26:25 6.90 -41.40 0.73 22.32
09:26:25 7.35 -35.55 11.37 22.59
09:26:25 8.25 -26.10 21.30 22.28
09:26:26 8.25 -25.20 35.09 22.48
09:26:26 8.40 -39.60 62.19 22.39
09:26:26 7.95 -67.35 76.71 22.26
09:26:27 8.85 -70.35 76.23 22.48
09:26:27 6.45 -72.30 75.50 22.43
09:26:27 2.85 -69.15 74.05 22.57
09:26:27 2.25 -69.15 74.29 22.35
09:26:28 2.10 -69.60 74.54 22.46
09:26:28 3.00 -70.95 75.75 22.50
09:26:28 5.55 -78.30 74.05 22.35
09:26:28 2.85 -84.90 72.60 22.74
09:26:29 -3.60 -76.05 68.73 22.57
09:26:29 -6.60 -78.90 73.81 22.19
09:26:29 8.10 -75.00 74.54 22.50
09:26:30 -7.50 -60.30 65.58 22.37
09:26:30 -9.00 -45.60 58.08 22.21
09:26:30 -11.85 -39.60 34.61 22.35
09:26:30 -11.85 -35.85 36.78 22.46
09:26:31 -13.65 -36.60 9.20 22.41
09:26:31 -11.10 -37.80 13.07 22.30
09:26:31 -15.30 -58.20 -1.94 22.48
09:26:31 -16.50 -64.80 -4.36 22.46
09:26:32 -12.30 -81.30 -5.08 22.54
09:26:32 -16.05 -99.00 7.02 22.54
09:26:32 -13.95 -99.15 19.84 22.35
09:26:32 -10.80 -108.45 27.35 22.23
09:26:33 -12.75 -99.30 55.66 22.41
09:26:33 -10.05 -96.15 63.89 22.28
09:26:33 -12.15 -80.85 66.31 22.50
09:26:34 -8.85 -59.85 67.03 22.43
09:26:34 -11.70 -46.80 53.97 22.39
09:26:34 -9.60 -43.50 51.79 22.37
09:26:34 -10.35 -34.35 36.30 22.57
09:26:35 -13.20 -36.60 13.79 22.28
09:26:35 -10.95 -36.15 16.46 22.48
09:26:35 -11.25 -43.50 5.08 22.28
09:26:35 -13.95 -58.65 -5.81 22.48
09:26:36 -13.20 -58.95 -5.81 22.35
09:26:36 -13.20 -78.45 -3.87 22.28
09:26:36 -15.45 -94.05 2.90 22.57
09:26:37 -17.85 -94.95 20.81 22.43
09:26:37 -16.95 -101.40 20.09 22.59
09:26:37 -17.70 -103.35 33.64 22.30
09:26:37 -19.50 -98.40 45.98 22.43
09:26:38 -17.10 -99.15 51.30 22.35
09:26:38 -15.15 -96.45 50.58 22.61
09:26:38 -15.75 -89.25 58.56 22.39
09:26:38 -15.75 -71.40 67.03 22.41
09:26:39 -15.30 -70.50 61.71 22.21
09:26:39 -14.10 -62.55 58.32 22.43
09:26:39 -11.25 -43.80 53.00 22.37
09:26:40 -13.35 -34.95 35.33 22.35
09:26:40 -14.25 -38.40 11.62 22.46
09:26:40 -14.55 -39.60 6.53 22.46
09:26:40 -13.95 -58.35 -2.42 22.37
09:26:41 -13.50 -74.40 -5.81 22.17
09:26:41 -15.60 -94.05 2.42 22.35
09:26:41 -17.55 -99.30 24.93 22.28
09:26:41 -14.40 -103.80 21.78 22.65
09:26:42 -15.75 -104.25 36.06 22.26
09:26:42 -17.85 -93.30 53.00 22.59
09:26:42 -18.75 -87.00 62.68 22.39
09:26:43 -14.85 -77.25 59.53 22.41
09:26:43 -18.90 -60.30 57.11 22.39
09:26:43 -21.00 -58.20 51.06 22.61
09:26:43 -19.35 -48.75 43.80 22.23
09:26:44 -20.85 -46.05 38.48 22.19
09:26:44 -21.45 -44.10 18.63 22.30
09:26:44 -21.30 -52.80 0.00 22.21
09:26:44 -18.60 -61.20 1.94 22.30
09:26:45 -20.40 -85.05 9.20 22.65
09:26:45 -22.35 -93.00 18.39 22.54
09:26:45 -22.80 -99.45 27.59 22.37
09:26:45 -23.40 -94.20 41.14 22.54
09:26:46 -21.30 -91.20 41.87 22.68
09:26:46 -25.05 -75.15 48.64 22.28
09:26:46 -25.80 -72.00 52.51 22.30
09:26:47 -25.35 -70.35 48.88 22.39
09:26:47 -24.75 -63.45 47.19 22.59
09:26:47 -23.70 -52.65 40.17 22.46
09:26:47 -25.05 -49.20 31.94 22.54
09:26:48 -24.90 -50.40 23.72 22.35
09:26:48 -23.10 -49.50 25.41 22.57
09:26:48 -21.75 -51.60 13.07 22.28
09:26:48 -24.60 -65.25 6.29 22.28
09:26:49 -25.35 -64.95 7.99 22.43
09:26:49 -23.70 -76.65 12.58 22.41
09:26:49 -25.20 -82.35 8.47 22.43
09:26:50 -24.00 -82.20 13.55 22.54
09:26:50 -24.45 -84.75 18.39 22.35
09:26:50 -23.55 -95.40 28.56 22.50
09:26:50 -25.35 -92.40 32.19 22.15
09:26:51 -23.85 -90.45 32.91 22.43
09:26:51 -24.45 -91.05 37.75 22.32
09:26:51 -26.85 -84.75 43.32 22.32
09:26:51 -27.30 -76.80 41.38 22.63
09:26:52 -27.30 -69.60 40.66 22.52
09:26:52 -27.60 -61.95 44.04 22.41
09:26:52 -27.30 -63.30 42.59 22.15
09:26:53 -27.30 -66.30 41.38 22.50
09:26:53 -25.80 -57.00 35.33 22.48
09:26:53 -25.95 -54.30 24.68 22.46
09:26:53 -27.60 -56.55 20.57 22.21
09:26:54 -26.70 -55.95 22.02 22.52
09:26:54 -27.00 -63.00 19.84 22.17
09:26:54 -28.05 -75.60 20.57 22.61
09:26:54 -29.70 -72.90 26.38 22.61
09:26:55 -29.10 -73.95 19.84 22.17
09:26:55 -28.50 -79.95 28.80 22.43
09:26:55 -28.65 -79.05 33.15 22.57
09:26:56 -29.10 -76.80 37.27 22.48
09:26:56 -28.50 -81.90 39.45 22.28
09:26:56 -28.80 -73.50 39.20 22.52
09:26:56 -28.20 -64.80 31.46 22.30
09:26:57 -29.10 -65.85 27.35 22.52
09:26:57 -29.40 -64.05 27.59 22.32
09:26:57 -29.55 -67.65 27.10 22.54
09:26:57 -28.80 -74.55 17.18 22.41
09:26:58 -29.10 -70.50 23.23 22.41
09:26:58 -29.25 -73.20 22.02 22.50
09:26:58 -28.95 -77.25 24.20 22.54
09:26:59 -29.10 -77.40 33.15 22.54
09:26:59 -28.80 -75.15 37.03 22.46
09:26:59 -29.40 -73.65 38.24 22.52
09:26:59 -28.80 -74.10 34.36 22.61
09:27:00 -29.25 -70.20 35.09 22.54
09:27:00 -29.10 -67.05 33.15 22.43
09:27:00 -29.10 -64.50 28.80 22.21
09:27:00 -28.65 -64.05 27.35 22.41
09:27:01 -27.90 -61.50 24.68 22.21
09:27:01 -28.50 -62.70 24.44 22.28
09:27:01 -28.20 -68.85 16.94 22.35
09:27:01 -27.90 -70.35 18.39 22.46
09:27:02 -28.05 -68.70 17.18 22.46
09:27:02 -28.20 -75.45 20.09 22.70
09:27:02 -29.10 -76.05 25.17 22.35
09:27:03 -28.65 -72.90 22.99 22.59
09:27:03 -28.80 -81.15 25.17 22.57
09:27:03 -28.50 -83.85 30.49 22.43
09:27:03 -27.45 -81.00 39.69 22.32
09:27:04 -26.10 -77.85 41.87 22.48
09:27:04 -26.40 -73.35 47.19 22.43
09:27:04 -25.05 -58.65 39.93 22.54
09:27:04 -25.20 -54.00 30.01 22.32
09:27:05 -26.10 -52.95 17.91 22.35
09:27:05 -24.45 -54.75 14.52 22.57
09:27:05 -25.95 -58.95 10.65 22.54
09:27:06 -26.40 -70.20 10.65 22.48
09:27:06 -25.65 -84.75 14.04 22.54
09:27:06 -24.15 -93.00 23.72 22.48
09:27:06 -23.85 -91.95 40.41 22.41
09:27:07 -24.00 -83.70 49.37 22.35
09:27:07 -23.70 -73.65 52.03 22.50
09:27:07 -22.95 -63.90 52.51 22.35
09:27:07 -23.70 -57.60 47.67 22.50
09:27:08 -24.00 -48.60 34.12 22.68
09:27:08 -22.35 -49.05 15.97 22.54
09:27:08 -20.10 -52.05 4.84 22.63
09:27:09 -17.10 -64.50 -0.97 22.12
09:27:09 -21.90 -77.10 6.53 22.59
09:27:09 -22.50 -90.90 20.57 22.32
09:27:09 -20.85 -99.30 35.82 22.32
09:27:10 -16.80 -90.00 53.72 22.32
09:27:10 -20.40 -78.00 60.02 22.19
09:27:10 -14.85 -57.90 56.63 22.41
09:27:10 -13.95 -40.65 33.40 22.54
09:27:11 -17.55 -42.90 14.04 22.30
09:27:11 -17.85 -53.40 1.21 22.15
09:27:11 -15.75 -69.00 -2.90 22.61
09:27:12 -15.90 -90.30 5.81 22.59
09:27:12 -18.45 -98.70 26.86 22.32
09:27:12 -24.30 -94.95 38.96 22.52
09:27:12 -16.95 -100.05 50.09 22.35
09:27:13 -16.65 -81.75 57.60 22.17
09:27:13 -18.30 -64.05 56.87 22.30
09:27:13 -21.15 -55.35 44.77 22.54
09:27:13 -24.90 -53.55 34.61 22.43
09:27:14 -24.00 -48.75 20.81 22.37
09:27:14 -21.45 -53.70 3.15 22.35
09:27:14 -20.10 -65.10 2.18 22.46
09:27:15 -20.25 -81.30 3.39 22.35
09:27:15 -18.60 -95.10 12.83 22.46
09:27:15 -18.90 -101.40 34.61 22.41
09:27:15 -16.20 -95.40 56.14 22.43
09:27:16 -17.10 -86.25 61.95 22.43
09:27:16 -15.45 -68.55 63.89 22.43
09:27:16 -13.35 -47.70 52.03 22.65
09:27:16 -14.55 -38.85 25.65 22.39
09:27:17 -19.20 -45.90 11.62 22.59
09:27:17 -23.85 -61.95 7.02 22.63
09:27:17 -23.85 -74.85 7.02 22.50
09:27:18 -23.40 -84.45 8.23 22.39
09:27:18 -22.35 -92.70 21.05 22.46
09:27:18 -19.50 -99.90 34.36 22.35
09:27:18 -22.95 -89.55 48.40 22.30
09:27:19 -24.15 -81.75 51.55 22.26
09:27:19 -23.85 -84.60 48.88 22.39
09:27:19 -24.15 -72.60 49.85 22.63
09:27:19 -23.85 -62.55 48.88 22.57
09:27:20 -22.65 -52.35 35.33 22.41
09:27:20 -25.50 -51.45 27.59 22.52
09:27:20 -25.95 -52.35 17.18 22.50
09:27:20 -26.55 -59.25 12.10 22.43
09:27:21 -26.70 -68.70 13.31 22.39
09:27:21 -26.25 -82.80 18.39 22.39
09:27:21 -25.65 -89.25 29.52 22.61
09:27:22 -26.10 -88.50 33.40 22.48
09:27:22 -27.60 -81.15 36.78 22.61
09:27:22 -29.10 -78.00 36.78 22.57
09:27:22 -28.65 -73.95 41.14 22.26
09:27:23 -28.50 -65.85 33.88 22.54
09:27:23 -28.50 -61.95 23.72 22.68
09:27:23 -28.95 -65.70 24.20 22.23
09:27:23 -29.40 -69.90 24.93 22.48
09:27:24 -29.25 -74.85 28.31 22.43
09:27:24 -29.55 -73.95 34.36 22.57
09:27:24 -29.10 -65.55 32.67 22.54
09:27:25 -28.95 -61.65 22.51 22.37
09:27:25 -27.75 -67.80 13.55 22.39
09:27:25 -28.20 -72.30 15.97 22.50
09:27:25 -26.10 -83.40 14.04 22.32
09:27:26 -24.75 -90.90 26.14 22.28
09:27:26 -24.60 -93.75 42.59 22.63
09:27:26 -24.15 -84.45 52.51 22.41
09:27:26 -21.30 -66.90 56.39 22.32
09:27:27 -19.95 -51.75 44.04 22.37
09:27:27 -20.40 -48.00 40.17 22.57
09:27:27 -24.15 -52.95 40.17 22.43
09:27:27 -25.50 -53.70 27.59 22.63
09:27:28 -26.70 -63.15 11.37 22.54
09:27:28 -24.90 -77.25 12.10 22.52
09:27:28 -24.75 -84.15 10.65 22.61
09:27:29 -25.35 -90.30 25.41 22.28
09:27:29 -23.10 -93.45 39.20 22.63
09:27:29 -26.10 -86.40 45.50 22.28
09:27:29 -22.05 -72.60 55.42 22.23
09:27:30 -20.10 -61.95 52.76 22.39
09:27:30 -21.75 -55.35 51.30 22.41
09:27:30 -21.60 -47.40 34.61 22.37
09:27:30 -22.80 -51.75 19.60 22.39
09:27:31 -22.65 -52.95 12.83 22.48
09:27:31 -24.15 -49.65 23.72 22.48
09:27:31 -26.10 -60.15 13.31 22.41
09:27:32 -24.60 -66.45 10.16 22.21
09:27:32 -24.30 -70.05 5.08 22.50
09:27:32 -23.55 -85.65 10.16 22.52
09:27:32 -23.40 -92.70 23.96 22.48
09:27:33 -22.05 -93.90 11.86 22.52
09:27:33 -17.85 -95.85 2.90 22.43
09:27:33 -3.30 -93.15 -11.62 22.37
09:27:33 14.85 -87.45 -14.76 22.41
09:27:34 27.15 -74.25 -17.67 22.30
09:27:34 29.40 -91.20 -8.23 22.39
09:27:34 24.00 -105.45 0.00 22.68
09:27:35 28.50 -109.50 6.05 22.37
09:27:35 30.90 -110.55 8.95 22.39
09:27:35 33.30 -111.15 9.92 22.61
09:27:35 31.35 -113.85 15.73 22.30
09:27:36 24.90 -116.55 22.99 22.37
09:27:36 20.10 -117.90 28.56 22.54
09:27:36 20.55 -117.45 26.14 22.46
09:27:36 25.80 -116.40 19.84 22.54
09:27:37 33.90 -112.20 13.55 22.39
09:27:37 37.65 -109.50 10.16 22.61
09:27:37 38.70 -107.10 5.57 22.43
09:27:38 36.00 -105.30 3.39 22.48
09:27:38 39.90 -103.80 3.87 22.43
09:27:38 39.90 -103.50 3.15 22.43
09:27:38 40.20 -103.65 3.39 22.70
09:27:39 38.85 -103.80 2.66 22.30
09:27:39 39.45 -103.80 3.63 22.57
09:27:39 39.90 -103.50 3.15 22.61
09:27:39 41.10 -103.50 3.87 22.57
09:27:40 40.50 -103.35 4.11 22.50
09:27:40 40.80 -102.90 3.63 22.61
09:27:40 40.65 -103.65 3.63 22.41
09:27:40 40.65 -103.05 3.15 22.57
09:27:41 41.40 -102.30 3.63 22.37
09:27:41 41.70 -102.45 3.39 22.72
09:27:41 41.25 -102.60 2.66 22.54
09:27:42 41.25 -102.30 2.42 22.61
09:27:42 41.55 -102.30 3.15 22.39
09:27:42 41.25 -102.45 2.90 22.46
