28.80 7.50 -0.24 26.28
28.20 7.50 0.73 26.24
29.70 6.45 -0.24 26.33
31.35 -1.65 -2.66 26.37
35.10 -9.75 -2.18 26.39
36.60 -15.15 -2.42 26.42
35.10 -16.35 -3.15 26.53
32.55 -15.90 -3.63 26.46
32.85 -13.80 -4.36 26.50
27.30 -14.40 -6.05 26.44
29.55 -9.30 -3.39 26.37
31.50 1.50 5.08 26.50
33.75 26.40 54.69 26.48
33.90 21.90 61.23 26.48
31.65 15.75 72.84 26.42
33.15 -7.95 79.86 26.26
35.25 -36.45 75.75 26.39
31.95 -42.75 60.02 26.44
35.25 -55.95 24.68 26.44
37.35 -48.60 13.31 26.42
32.25 -46.20 5.57 26.35
35.70 -2.70 2.90 26.33
36.00 6.75 2.42 26.48
34.35 19.80 26.14 26.31
36.30 24.30 53.72 26.39
38.25 3.90 74.29 26.31
31.50 2.40 76.71 26.37
31.80 -29.40 68.49 26.46
33.15 -55.95 52.76 26.46
28.05 -58.65 26.38 26.42
31.05 -30.00 -0.73 26.48
27.45 -28.65 -4.11 26.28
27.75 4.35 6.05 26.70
28.35 17.40 9.20 26.31
25.65 23.40 27.35 26.53
23.85 19.20 64.86 26.53
23.70 15.90 72.84 26.37
22.05 -31.20 75.75 26.39
19.65 -46.20 72.60 26.57
17.85 -61.20 18.15 26.31
18.00 -47.85 5.57 26.57
14.85 -40.80 -4.84 26.53
14.40 -9.15 -6.78 26.37
13.95 -3.90 -4.36 26.48
13.50 30.90 30.73 26.42
13.95 30.90 39.93 26.39
12.30 6.15 80.59 26.33
13.20 -3.00 82.28 26.31
10.65 -40.65 68.49 26.44
10.50 -54.30 63.65 26.44
7.50 -60.45 20.33 26.55
5.85 -43.95 1.69 26.44
4.95 -36.75 -4.36 26.53
5.55 24.75 15.25 26.62
7.20 26.70 21.78 26.53
4.05 23.25 75.26 26.62
1.80 -6.90 81.31 26.50
0.00 -30.75 66.79 26.59
0.15 -57.90 26.86 26.37
-0.30 -55.05 15.97 26.33
-1.20 -4.80 -2.66 26.37
-3.45 -1.65 2.18 26.42
-2.55 27.30 44.53 26.39
-3.75 25.65 53.00 26.44
-3.90 -38.85 74.05 26.62
-4.20 -44.10 68.24 26.39
-2.70 -49.20 1.69 26.62
-0.15 -34.20 -0.24 26.55
-2.10 10.05 13.31 26.42
-3.30 25.80 25.89 26.35
-3.45 22.65 70.66 26.33
-4.35 -2.40 78.89 26.39
-4.50 -31.65 60.02 26.50
-2.85 -57.75 48.64 26.31
-1.05 -52.65 0.73 26.46
2.70 -14.55 -5.32 26.55
1.80 4.35 23.96 26.66
4.05 29.40 36.54 26.37
6.00 14.55 82.52 26.64
7.95 -14.55 83.49 26.35
6.00 -60.90 42.35 26.59
6.00 -59.85 14.76 26.62
8.85 -11.25 -6.05 26.39
7.95 17.40 12.83 26.53
12.00 26.40 21.30 26.39
15.30 20.25 66.79 26.55
15.60 13.50 83.73 26.53
19.20 -29.70 82.04 26.50
19.65 -60.30 45.74 26.57
22.95 -60.90 28.31 26.53
21.90 -23.10 -6.29 26.59
23.40 5.25 15.49 26.37
25.50 26.70 23.23 26.37
25.20 2.40 79.86 26.59
27.75 -10.95 77.68 26.53
27.90 -58.20 44.53 26.59
28.95 -22.95 -4.11 26.37
30.45 -13.20 -0.48 26.37
31.20 22.65 16.94 26.70
31.65 18.90 66.55 26.53
34.35 14.25 77.20 26.53
34.05 -37.80 73.57 26.39
33.90 -55.50 17.18 26.37
33.45 -52.35 15.49 26.50
35.70 -6.00 -1.21 26.35
35.70 17.10 45.98 26.37
37.35 24.90 51.55 26.42
35.10 -24.15 78.89 26.39
35.55 -48.00 30.73 26.50
33.90 -57.45 30.49 26.39
31.95 -18.90 -4.11 26.53
31.80 7.95 25.65 26.33
31.50 26.40 32.67 26.37
29.10 13.80 71.63 26.55
27.90 -29.85 70.66 26.42
25.50 -47.25 70.18 26.55
27.00 -50.25 64.86 26.39
25.50 -54.90 17.42 26.50
22.65 3.90 -4.60 26.28
22.50 23.70 20.81 26.33
19.05 28.50 47.19 26.39
16.80 24.45 74.54 26.44
15.45 -14.85 84.22 26.39
10.50 -28.80 76.47 26.62
8.40 -52.95 50.58 26.42
7.20 -58.20 9.20 26.57
7.50 -39.15 -4.60 26.26
4.20 -3.45 4.84 26.70
-0.15 22.50 29.52 26.44
-1.50 25.05 54.69 26.48
-0.60 2.25 75.26 26.42
-0.75 -7.65 81.31 26.57
-2.70 -30.60 75.75 26.35
-2.70 -58.95 27.35 26.39
-0.15 -44.55 -1.94 26.33
1.50 -13.50 -1.21 26.57
-0.30 23.25 15.97 26.42
3.60 27.15 46.46 26.35
5.85 12.45 70.91 26.44
9.00 -12.45 83.73 26.37
13.65 -43.95 72.60 26.55
16.20 -60.75 36.30 26.55
19.80 -55.20 5.32 26.33
25.05 -23.40 -6.29 26.44
25.50 -11.10 1.21 26.42
31.50 15.00 17.18 26.42
34.35 25.50 46.71 26.53
38.40 22.95 47.19 26.55
40.50 15.60 70.91 26.46
45.90 -2.85 73.33 26.44
46.35 -47.40 48.40 26.59
45.30 -49.20 37.51 26.53
48.60 -16.05 12.34 26.31
50.40 3.15 12.10 26.48
47.85 16.05 43.56 26.35
49.80 13.05 49.37 26.62
47.55 12.30 65.82 26.44
47.40 -19.65 70.18 26.39
45.90 -27.90 63.65 26.28
46.05 -48.45 42.83 26.39
44.85 -50.85 39.20 26.50
44.40 -37.95 5.08 26.53
47.85 -24.60 5.81 26.59
43.65 -12.75 6.05 26.57
44.55 19.05 26.62 26.42
42.90 20.85 30.49 26.35
41.70 7.35 75.50 26.66
42.75 -10.95 76.71 26.35
37.95 -32.25 68.49 26.35
38.55 -53.70 32.91 26.55
37.35 -54.60 19.60 26.48
38.25 -7.95 3.87 26.59
35.85 5.40 0.97 26.50
33.90 17.40 30.73 26.50
34.05 17.85 66.07 26.70
30.75 13.50 78.89 26.42
31.05 -53.25 56.87 26.55
29.55 -55.65 55.18 26.53
30.00 -48.75 -0.97 26.59
31.65 -19.05 -4.36 26.39
28.05 3.30 16.21 26.59
28.65 27.60 47.67 26.57
24.00 27.45 55.90 26.53
24.90 -32.40 75.26 26.57
22.80 -42.30 75.26 26.33
20.55 -60.30 17.42 26.62
21.90 -46.05 4.36 26.53
19.95 -41.10 -4.60 26.53
21.45 23.25 10.89 26.39
19.50 23.10 18.15 26.50
18.60 15.45 80.10 26.70
18.60 2.40 80.83 26.35
15.30 -42.45 56.39 26.39
14.70 -61.50 35.09 26.55
10.95 -59.70 9.20 26.73
13.35 -2.10 -5.81 26.55
9.90 -1.50 -4.36 26.50
12.60 30.90 40.90 26.64
14.25 30.75 40.41 26.66
13.80 18.15 82.04 26.55
12.90 -7.50 83.49 26.64
12.90 -17.85 69.94 26.31
14.85 -57.30 57.60 26.37
13.35 -59.85 33.15 26.59
13.95 -32.55 -3.63 26.57
13.80 -28.35 -6.53 26.62
16.20 26.25 15.49 26.53
16.20 26.25 22.99 26.46
14.55 10.20 75.75 26.53
15.60 7.35 81.07 26.64
14.40 -55.80 62.44 26.46
15.30 -57.15 54.93 26.68
18.75 -53.40 2.42 26.66
19.05 -44.55 3.63 26.70
19.50 7.35 0.97 26.62
20.55 11.25 1.21 26.79
23.70 28.95 47.67 26.62
27.30 28.20 51.30 26.64
26.70 -13.35 81.80 26.75
29.70 -14.85 80.83 26.62
33.60 -56.55 39.93 26.62
37.65 -55.05 33.64 26.70
38.70 -28.35 0.97 26.64
39.45 -23.40 -0.48 26.59
39.75 16.80 22.26 26.79
45.90 16.05 24.44 26.62
45.60 8.55 60.74 26.57
46.65 8.85 65.34 26.57
46.95 -26.10 68.24 26.64
47.25 -31.20 53.97 26.39
48.15 -46.20 37.99 26.62
48.75 -45.15 36.06 26.62
53.25 -36.15 25.17 26.55
53.55 -36.00 23.23 26.59
54.00 -7.80 18.15 26.66
55.95 -10.35 20.09 26.53
56.55 4.35 35.09 26.81
57.30 4.20 47.19 26.77
56.55 -4.95 55.66 26.70
55.20 -6.90 57.60 26.73
56.25 -27.60 55.42 26.77
55.80 -33.45 35.82 26.86
56.10 -36.00 42.83 26.84
55.05 -19.65 17.18 26.62
54.15 -19.35 13.07 26.68
52.05 3.60 17.67 26.66
50.55 12.60 45.98 26.90
49.95 14.85 46.71 26.42
47.55 -7.20 68.97 26.73
46.50 -13.05 68.73 26.81
45.45 -35.25 67.28 26.64
42.90 -51.75 40.17 26.64
43.80 -48.45 6.78 26.57
43.35 -32.10 3.87 26.73
41.70 5.10 6.78 26.66
39.75 24.60 42.83 26.73
37.35 2.10 80.10 26.75
33.75 -13.35 77.92 26.64
30.45 -45.00 67.28 26.84
32.10 -57.00 28.31 26.64
31.20 -55.50 23.47 26.66
31.35 -2.85 -1.94 26.75
33.75 -1.65 -1.45 26.77
33.30 25.35 46.22 26.77
32.85 15.30 79.86 26.81
31.20 -5.25 81.80 26.66
26.40 -40.80 74.54 26.73
28.35 -57.30 26.86 26.66
26.85 -58.05 27.83 26.66
26.10 -29.10 -2.90 26.73
25.95 -4.20 13.55 26.81
23.10 25.65 37.51 26.84
24.00 28.05 58.56 26.73
21.45 -1.95 82.28 26.64
22.35 -29.85 81.31 26.73
24.90 -59.85 43.56 26.79
26.85 -38.10 -4.36 26.81
27.45 -18.75 1.69 26.79
28.65 16.35 12.10 26.79
32.70 21.45 62.92 26.66
34.20 12.00 71.87 26.70
33.75 -14.40 77.68 26.79
34.65 -32.55 61.23 26.79
37.50 -54.30 30.25 26.68
36.30 -13.20 -1.94 26.81
36.75 18.30 20.33 26.62
41.40 22.05 57.84 26.64
43.35 11.10 68.73 26.64
46.05 -17.55 70.91 26.70
47.40 -41.55 55.18 26.66
49.05 -43.65 22.75 26.73
50.70 -37.95 15.97 26.92
51.30 2.25 15.97 26.75
52.05 11.85 41.14 26.79
53.25 5.85 60.98 26.88
54.30 -2.70 60.02 26.73
56.70 -23.25 57.11 26.75
55.95 -34.50 35.57 26.75
56.40 -25.35 21.05 26.88
55.05 -22.95 21.78 26.84
56.25 2.40 27.35 26.53
52.20 11.55 49.13 26.62
49.05 -3.75 67.03 26.79
47.85 -16.80 58.56 26.66
46.65 -45.15 55.42 26.75
45.90 -45.15 10.65 26.75
43.05 -25.50 0.97 26.68
40.50 1.65 18.39 26.95
39.60 17.10 61.95 26.79
36.00 8.40 78.65 26.75
35.40 -43.35 67.52 26.86
34.95 -54.45 11.13 26.73
36.60 -32.70 2.18 26.95
34.05 19.50 14.76 26.79
34.20 24.15 28.80 26.70
35.85 25.80 32.91 26.79
33.00 5.10 76.23 26.79
32.85 -53.85 60.26 26.77
32.70 -57.00 17.67 26.86
34.80 -48.15 9.92 26.70
37.50 -6.60 -0.97 26.95
36.30 -2.40 6.05 26.70
39.15 23.55 31.70 26.86
40.50 17.85 65.10 26.68
40.20 14.55 67.52 26.77
42.00 -19.95 72.36 26.68
49.05 -25.80 65.58 26.68
52.80 -28.05 60.26 26.79
54.90 -32.85 45.50 26.66
57.75 -30.00 38.24 26.75
58.95 -26.25 33.88 26.79
60.30 -15.90 33.64 26.86
60.60 -11.25 36.78 26.77
60.30 -6.60 41.14 26.79
59.85 -6.30 48.64 26.79
58.35 -13.65 53.48 26.70
58.05 -16.65 56.87 26.73
57.00 -26.10 54.21 26.66
54.90 -36.90 45.98 26.90
54.00 -39.75 32.91 26.73
53.70 -37.95 27.10 26.75
52.35 -25.05 13.55 26.86
52.35 -16.50 13.31 26.75
52.50 -2.55 15.49 26.81
52.95 9.75 30.73 26.81
53.25 11.70 39.20 26.86
53.55 8.55 45.01 26.73
55.05 4.50 51.55 26.84
55.95 -7.65 56.63 26.70
56.70 -12.45 55.18 26.81
58.95 -18.90 44.53 26.79
60.90 -16.80 34.36 26.66
60.60 -17.55 33.64 26.81
60.60 -11.25 34.85 26.97
60.90 -10.05 39.69 26.70
60.75 -7.50 43.32 26.66
60.15 -12.60 47.19 26.86
60.15 -18.60 45.98 26.81
60.45 -22.95 42.83 26.81
60.45 -22.35 37.27 26.70
60.00 -24.60 31.70 26.88
58.80 -18.30 23.23 26.70
57.15 -14.85 20.33 26.84
56.25 -1.80 22.99 26.97
55.65 8.40 35.09 26.73
55.20 3.30 56.87 26.79
51.75 -8.40 65.34 26.81
53.25 -23.25 60.50 26.79
54.00 -35.55 41.87 26.75
55.35 -33.15 27.59 26.95
57.60 -21.00 21.05 26.70
56.70 -6.15 24.20 26.79
57.30 2.25 32.91 26.79
58.65 1.20 45.50 27.01
57.90 -2.25 47.67 26.73
58.20 -4.05 49.61 26.79
59.25 -18.00 50.34 26.86
58.65 -24.75 31.70 26.75
60.00 -9.90 31.94 26.92
59.40 -3.90 40.66 26.92
61.20 -16.20 40.41 26.81
60.30 -26.85 30.73 26.77
51.60 -36.00 12.83 26.97
39.60 -31.95 0.24 26.88
35.40 -23.55 -2.90 26.84
30.75 -14.40 -4.60 26.86
25.50 7.65 1.45 26.81
10.80 15.75 13.79 26.97
6.00 28.80 53.97 26.86
7.80 4.35 82.04 26.81
6.00 -20.10 83.49 26.95
4.65 -22.05 79.38 26.95
4.95 -60.45 34.12 26.81
2.70 -19.20 -5.32 26.92
3.15 -1.65 12.34 26.86
3.60 25.20 34.36 26.86
2.85 22.05 63.89 26.84
0.90 -25.05 80.83 26.97
-0.75 -57.90 50.34 26.86
-1.50 -47.25 7.99 26.84
-3.45 -22.50 -2.66 26.73
-6.90 1.20 14.28 26.92
-9.45 18.75 35.82 26.92
-5.85 26.25 45.50 27.10
-6.00 2.55 77.20 26.97
-10.50 -11.70 68.73 26.92
-12.60 -51.45 36.78 26.86
-10.95 -34.20 6.05 26.92
-12.15 -8.55 2.90 27.01
-14.70 7.80 21.78 26.92
-13.65 15.45 20.57 26.95
-13.05 17.55 58.08 26.95
-15.30 5.25 72.36 26.88
-16.80 -24.60 62.19 26.84
-16.95 -45.15 44.53 26.84
-17.55 -41.40 20.33 26.86
-16.95 -19.20 5.81 26.95
-16.50 18.45 31.94 26.99
-14.55 11.25 63.65 27.04
-15.75 4.50 67.28 26.90
-18.00 -28.35 66.31 27.01
-19.20 -46.80 37.75 26.77
-19.80 -25.65 8.95 26.88
-20.55 -2.70 19.12 26.97
-19.05 12.45 39.69 26.90
-19.50 13.05 55.90 27.01
-17.70 -23.40 72.36 26.84
-19.20 -45.45 47.67 26.97
-19.65 -46.05 20.33 27.04
-19.95 -37.35 11.37 27.19
-17.25 6.45 13.79 26.86
-17.40 18.00 44.04 26.97
-16.80 13.50 67.03 26.81
-18.30 2.85 69.94 27.01
-16.20 -28.50 67.76 27.10
-16.80 -46.65 47.92 26.79
-18.60 -46.35 21.78 27.04
-20.55 -38.55 13.55 26.86
-18.30 -21.60 6.53 26.81
-14.10 7.65 12.34 26.90
-13.35 20.10 45.01 26.84
-14.10 15.00 69.70 27.19
-12.45 -2.70 76.47 26.97
-5.25 -36.00 72.12 26.88
-5.85 -47.25 51.30 26.99
-3.75 -58.35 35.57 27.10
0.15 -55.65 15.00 26.95
2.70 -45.75 3.87 27.06
-0.30 -15.75 -4.11 27.04
-2.25 8.70 6.05 27.10
-11.25 15.00 15.25 26.86
-9.15 24.30 37.75 26.99
-6.15 26.70 57.11 26.86
0.45 18.60 70.18 26.92
8.25 -33.90 78.17 26.81
4.50 -42.30 68.97 26.97
0.45 -51.60 12.10 26.92
1.80 -1.65 -3.15 26.95
2.70 21.15 32.91 27.06
7.65 30.30 70.91 27.06
10.95 -37.35 77.68 26.99
9.60 -48.30 29.52 27.01
8.25 -44.70 4.84 26.92
8.85 5.25 0.73 26.79
12.75 26.10 67.03 27.06
14.85 6.45 80.10 26.97
14.10 -56.25 53.97 26.99
15.45 -9.75 -4.11 26.95
18.45 9.00 -0.48 27.01
13.95 21.60 50.34 27.21
11.70 20.40 80.34 27.04
12.90 -24.90 81.55 27.21
16.20 -61.05 31.94 27.08
17.55 -13.50 -6.53 26.92
13.50 22.80 6.53 27.19
17.70 30.30 62.19 27.19
16.50 3.90 83.49 26.99
14.70 -41.25 69.94 27.06
11.10 -61.35 24.20 27.21
10.05 -32.70 -6.05 27.10
10.35 17.85 8.47 27.06
10.80 27.90 56.87 27.19
11.40 -13.50 81.55 27.10
8.85 -58.35 52.76 27.08
3.60 -59.55 24.20 27.01
8.85 -24.90 -5.81 27.06
9.30 15.60 5.81 27.01
9.15 28.80 55.18 26.92
9.90 -24.00 80.83 27.01
9.45 -54.15 25.89 27.17
6.60 -45.60 3.63 27.19
1.80 10.05 7.02 27.08
-0.15 23.85 61.95 26.99
1.80 -28.35 74.54 26.92
-3.15 -47.25 62.68 26.95
-11.40 -47.55 59.05 27.17
-13.65 -47.70 51.30 27.17
-14.25 -49.35 13.31 27.10
-11.10 -29.40 0.73 27.01
-10.50 2.55 9.92 27.12
-8.10 24.00 39.45 26.99
-6.15 19.20 69.70 27.23
-9.60 6.15 75.50 27.28
-10.65 -28.35 74.54 27.32
-8.70 -51.30 47.19 27.17
-9.75 -54.75 22.75 27.17
-11.55 -42.15 7.99 27.12
-13.20 -14.85 2.18 27.12
-12.45 13.20 19.60 27.06
-12.00 21.75 41.62 27.10
-12.00 19.65 61.23 27.15
-12.60 -8.55 76.96 27.17
-10.20 -38.55 61.47 27.10
-9.15 -53.25 22.26 27.15
-8.70 -39.30 5.08 27.01
-9.60 -32.70 4.60 27.01
-12.30 -31.35 6.05 27.15
-15.90 -23.10 6.29 27.28
-20.25 0.30 15.00 27.17
-19.50 16.05 45.01 27.10
-17.10 0.15 69.45 27.08
-18.90 -34.50 62.44 27.01
-19.20 -46.50 37.75 26.95
-20.25 -34.80 14.28 27.21
-19.65 -10.65 8.23 27.15
-19.50 7.05 21.05 27.12
-19.35 13.95 43.08 27.10
-19.80 2.10 64.13 27.10
-20.70 -23.70 64.61 27.17
-22.20 -41.10 47.67 26.95
-21.90 -40.20 24.20 27.17
-22.80 -19.65 12.10 27.06
-22.95 1.65 24.20 27.17
-24.90 6.30 46.46 26.99
-23.25 -4.50 63.40 27.12
-23.70 -26.55 61.23 27.01
-22.35 -41.10 41.38 27.17
-21.60 -37.65 21.05 27.28
-22.05 -21.30 11.37 27.01
-21.30 0.60 21.54 27.15
-20.55 12.30 43.80 27.23
-20.10 3.90 63.40 27.10
-20.10 -23.40 64.13 27.12
-20.85 -40.50 50.58 27.08
-19.95 -41.85 21.30 27.08
-18.75 -19.80 7.99 26.97
-18.75 7.95 21.54 27.23
-18.00 15.75 46.95 27.10
-18.45 -1.20 65.82 27.17
-18.15 -33.90 60.50 27.19
-15.90 -48.75 28.31 27.01
-15.15 -34.50 6.53 27.21
-14.10 -4.65 10.89 27.08
-14.25 15.75 32.19 27.19
-14.10 14.70 57.84 27.26
-15.60 -8.10 73.08 27.23
-16.65 -39.45 63.40 27.28
-14.40 -50.10 27.10 27.23
-11.10 -20.85 0.73 27.10
-10.95 6.90 8.47 27.28
-10.35 21.00 41.62 27.15
-11.85 18.30 58.56 27.04
-10.35 0.00 76.23 27.21
-9.60 -32.55 63.65 27.12
-10.80 -53.70 36.06 27.06
-7.65 -43.20 2.66 27.15
-5.10 -8.85 0.24 27.08
-3.60 20.55 15.97 27.12
-0.30 28.20 42.83 26.97
-1.65 13.05 73.08 27.01
-0.60 -14.25 81.07 27.28
-3.90 -44.55 63.65 27.26
-5.40 -55.80 41.62 27.19
-4.20 -55.35 15.00 27.17
-1.50 -36.15 -4.36 27.08
0.60 -1.50 1.94 27.10
2.10 24.60 30.01 27.32
3.45 25.95 65.58 27.21
3.30 -0.90 82.28 27.28
2.85 -30.15 76.23 27.23
1.95 -56.70 48.64 27.17
2.25 -56.85 18.88 27.19
1.95 -31.20 -3.39 27.21
6.75 5.85 -0.97 27.30
9.15 29.10 39.93 27.10
9.60 22.50 70.66 27.15
11.85 -6.75 82.76 27.23
13.50 -54.45 57.60 27.04
13.20 -52.05 8.47 27.28
12.60 -19.20 -7.02 27.12
12.90 24.60 26.38 27.28
12.75 24.90 70.18 27.21
11.70 -8.70 83.25 27.19
12.60 -55.05 54.69 27.26
16.05 -51.60 5.08 27.23
16.80 -9.90 -3.63 27.23
18.30 27.15 45.74 27.12
17.25 13.05 72.12 27.28
17.70 -25.65 78.89 27.30
18.60 -61.05 36.06 27.23
19.80 -34.50 -5.08 27.15
17.55 14.70 9.68 27.28
17.55 30.30 56.87 27.28
16.35 -15.30 79.86 27.23
13.65 -57.30 41.14 27.28
11.70 -47.85 -0.97 27.35
13.35 5.70 4.36 27.21
15.90 28.20 64.13 27.26
15.30 -25.80 79.13 27.26
13.80 -61.20 37.75 27.08
15.90 -43.50 -0.97 27.19
17.55 1.35 -1.21 27.28
13.35 28.20 40.41 27.23
15.15 13.50 81.55 27.12
12.30 -42.30 73.33 27.28
10.35 -60.45 37.99 27.06
11.55 -38.55 -3.63 27.28
11.10 -2.10 0.24 27.23
7.65 29.25 43.08 27.23
8.25 18.90 78.41 27.12
1.20 -26.25 78.65 27.28
0.90 -54.75 46.71 27.23
2.10 -58.20 26.86 27.26
0.75 -55.65 21.30 27.32
1.50 -55.05 24.68 27.28
-9.15 -53.70 32.19 27.21
-13.35 -50.70 33.88 27.23
-15.00 -50.70 36.30 27.23
-11.40 -53.70 38.24 27.28
-13.65 -51.75 37.27 27.21
-13.95 -51.75 38.48 27.30
-13.05 -52.65 39.69 27.17
-13.50 -51.90 39.45 27.23
-13.80 -52.05 36.78 27.39
-13.35 -52.05 31.70 27.35
-9.30 -52.80 22.75 27.15
-2.40 -53.55 19.36 27.28
-7.95 -50.85 21.78 27.23
-7.80 -51.60 21.54 27.32
-6.75 -38.55 0.00 27.21
-1.80 -13.50 -3.87 27.19
-2.40 10.05 7.50 27.30
-7.20 15.15 22.26 27.30
-6.00 24.45 42.11 27.28
-7.20 -3.75 79.13 27.32
-9.30 -29.85 73.08 27.28
-11.10 -51.90 48.16 27.30
-12.60 -50.70 15.00 27.19
-11.10 -22.50 1.94 27.28
-10.05 7.35 10.89 27.26
-14.40 20.40 43.32 27.32
-16.35 1.95 70.18 27.35
-15.90 -19.80 68.00 27.28
-13.35 -49.20 44.29 27.28
-12.45 -37.05 6.53 27.28
-11.70 -10.05 1.69 27.28
-12.00 18.90 22.26 27.23
-12.00 17.55 60.98 27.23
-10.05 -13.50 75.02 27.41
-15.30 -43.05 49.61 27.23
-16.95 -48.15 28.31 27.32
-15.90 -27.90 7.74 27.37
-15.90 0.15 15.25 27.23
-18.45 12.45 40.17 27.37
-23.85 8.70 53.24 27.28
-24.00 -4.50 63.40 27.43
-25.05 -29.25 55.42 27.30
-24.30 -40.50 38.72 27.28
-23.10 -32.25 19.12 27.52
-23.70 -14.55 16.70 27.23
-27.15 -8.55 24.68 27.28
-28.50 -5.10 29.52 27.28
-25.50 6.45 44.04 27.41
-23.55 1.80 61.71 27.32
-24.15 -16.95 63.65 27.39
-22.50 -31.20 59.77 27.28
-20.70 -46.35 39.20 27.41
-19.20 -34.35 13.55 27.17
-19.95 -4.65 9.20 27.35
-15.30 18.90 35.82 27.43
-13.50 13.05 69.70 27.32
-10.50 -20.70 70.66 27.28
-4.05 -55.80 33.40 27.43
-2.55 -52.80 5.32 27.41
-1.20 -22.95 -3.15 27.26
-2.25 10.35 17.18 27.28
-7.65 23.70 50.09 27.30
-12.90 -0.90 71.87 27.35
-14.10 -39.15 62.68 27.26
-11.10 -53.40 25.17 27.32
-9.30 -41.70 1.69 27.35
-4.50 -4.80 0.24 27.28
-0.60 25.50 28.56 27.28
-2.55 21.90 66.79 27.37
-0.90 -15.15 81.55 27.21
1.65 -53.10 58.08 27.37
3.00 -55.20 13.79 27.30
7.05 -17.70 -6.29 27.32
7.95 22.35 15.00 27.30
6.60 29.10 51.55 27.41
3.90 2.70 80.83 27.35
5.40 -35.40 73.81 27.23
6.15 -59.70 31.22 27.30
7.95 -42.60 -5.32 27.41
7.50 5.70 9.44 27.28
7.35 30.45 56.63 27.43
6.00 -2.55 82.04 27.48
3.00 -51.75 60.74 27.32
2.10 -54.60 16.46 27.50
0.75 -10.50 -3.87 27.15
0.45 22.20 20.57 27.23
-5.40 22.50 55.42 27.37
-10.80 -3.45 74.29 27.32
-11.70 -47.40 47.43 27.35
-11.70 -45.00 11.62 27.43
-15.30 -4.95 8.23 27.32
-17.55 15.60 44.04 27.37
-21.60 -2.70 64.86 27.21
-22.95 -30.90 55.66 27.46
-19.95 -47.25 30.73 27.32
-18.75 -25.20 11.37 27.26
-23.55 -3.30 14.76 27.48
-19.05 16.65 39.45 27.35
-21.15 -1.35 60.50 27.35
-25.35 -21.90 54.93 27.43
-27.15 -32.25 36.78 27.48
-28.20 -29.40 25.89 27.37
-28.35 -19.80 23.47 27.48
-27.30 -7.95 23.96 27.35
-26.55 1.20 30.01 27.35
-28.80 -1.65 43.08 27.32
-29.40 -8.70 50.34 27.41
-29.55 -13.95 49.13 27.35
-30.30 -21.15 45.74 27.28
-30.15 -23.85 39.69 27.32
-31.05 -21.15 37.99 27.28
-30.60 -18.60 32.19 27.41
-31.05 -16.35 34.36 27.35
-30.45 -9.90 31.22 27.37
-29.40 -3.15 36.54 27.46
-30.60 -9.00 43.32 27.46
-28.80 1.95 40.90 27.32
-24.30 6.60 45.01 27.41
-28.35 -11.10 55.66 27.30
-27.90 -26.70 52.03 27.23
-26.40 -36.90 39.69 27.32
-24.15 -41.25 29.52 27.37
-22.35 -28.50 15.00 27.46
-22.35 -1.20 15.73 27.32
-21.30 12.45 39.45 27.52
-21.45 11.55 54.21 27.48
-21.60 6.90 59.53 27.35
-20.85 -21.00 68.97 27.35
-17.25 -24.60 68.97 27.41
-18.60 -44.85 57.60 27.41
-9.60 -50.85 30.25 27.46
-15.00 -43.65 8.47 27.35
-7.80 -22.05 -2.18 27.39
-4.20 3.60 7.02 27.28
-13.35 15.30 24.20 27.35
-19.65 12.15 48.16 27.30
-19.50 8.55 68.24 27.39
-18.75 -31.65 60.02 27.52
-22.65 -42.15 36.06 27.30
-19.50 -34.20 13.07 27.39
-20.70 9.90 31.70 27.30
-21.00 8.40 57.84 27.54
-23.70 -9.75 62.92 27.41
-20.70 -39.75 53.24 27.43
-19.95 -42.00 20.33 27.48
-24.00 -10.80 19.12 27.52
-27.45 0.45 40.17 27.46
-28.95 -5.25 52.76 27.70
-27.15 -19.35 61.23 27.59
-23.70 -37.80 44.77 27.70
-25.80 -30.90 22.02 27.48
-26.40 -4.35 25.41 27.61
-24.00 9.75 51.30 27.52
-16.35 1.95 74.78 27.46
6.90 10.50 79.38 27.59
17.25 -22.35 74.78 27.57
30.00 -58.35 8.47 27.68
27.90 -0.75 -4.84 27.61
24.45 25.35 28.56 27.39
17.10 30.00 35.09 27.57
18.00 30.45 36.54 27.59
23.85 30.00 37.75 27.50
28.80 28.65 39.45 27.65
32.70 27.00 41.62 27.61
33.45 26.10 45.74 27.46
35.40 26.10 44.04 27.48
34.65 27.00 41.62 27.50
30.60 28.65 39.20 27.39
27.60 29.40 41.62 27.52
23.40 30.60 40.90 27.35
15.15 30.60 38.72 27.37
12.60 30.60 38.24 27.57
17.40 30.45 34.36 27.50
22.65 30.60 36.30 27.46
21.30 30.60 37.75 27.57
23.55 29.70 42.35 27.54
26.85 29.70 43.08 27.59
21.90 30.00 42.35 27.35
23.40 29.70 44.29 27.63
25.80 29.25 42.83 27.63
27.00 29.10 42.59 27.46
27.45 28.95 41.87 27.61
27.00 29.10 41.87 27.39
27.75 28.80 41.62 27.46
28.35 28.65 42.11 27.72
28.20 29.10 41.87 27.61
28.65 28.80 41.87 27.63
28.20 28.80 41.62 27.43
28.50 28.95 41.62 27.79
28.20 29.25 41.38 27.83
28.80 28.80 41.62 27.57
