8.25 -61.20 -16.21 25.51
6.75 -63.30 -15.49 25.60
9.00 -64.35 -15.00 25.55
11.55 -59.70 -16.46 25.55
16.95 -46.20 -18.88 25.60
17.25 -27.00 -12.34 25.62
21.60 -23.55 -11.37 25.71
18.45 -22.50 -12.34 25.66
18.00 -23.55 -12.34 25.46
23.25 -18.60 -5.81 25.62
17.55 -4.95 22.75 25.51
20.40 -7.05 50.34 25.46
20.40 -43.20 67.28 25.55
22.35 -70.05 42.35 25.64
26.70 -82.95 29.77 25.62
24.30 -68.55 -6.29 25.53
23.25 -62.55 -15.00 25.60
25.65 -29.10 -10.41 25.53
22.20 -3.30 19.84 25.51
22.05 -11.25 54.69 25.53
21.30 -19.35 65.58 25.49
21.60 -55.05 66.79 25.73
20.25 -79.95 48.16 25.62
20.55 -83.85 11.62 25.64
20.25 -58.05 -15.25 25.69
18.30 -36.15 -11.13 25.69
16.35 -16.65 -0.97 25.55
14.70 -1.80 12.58 25.66
11.10 -0.15 33.64 25.73
9.90 -16.65 60.74 25.53
9.60 -35.10 70.91 25.69
8.10 -54.30 67.28 25.55
8.10 -74.40 55.66 25.64
6.90 -86.55 41.14 25.62
5.55 -87.90 11.62 25.77
3.30 -84.45 3.87 25.62
1.65 -59.55 -18.63 25.62
0.75 -25.05 -16.46 25.58
1.05 -10.20 1.69 25.75
-1.65 -5.10 12.10 25.64
-3.30 0.30 25.17 25.66
-3.30 0.00 31.22 25.77
-4.35 -0.75 33.40 25.60
-4.35 -14.70 60.50 25.60
-4.65 -25.35 68.00 25.73
-4.05 -58.50 68.24 25.53
-4.05 -84.60 44.53 25.66
-3.15 -76.95 -4.36 25.62
-2.25 -43.05 -16.21 25.66
-2.85 -16.20 13.55 25.62
-3.30 -0.45 43.32 25.82
-4.35 -23.25 67.28 25.71
-6.15 -73.35 55.90 25.53
-7.20 -88.80 21.30 25.64
-6.90 -61.20 -12.58 25.88
-8.10 -36.75 -18.88 25.64
-5.85 -28.35 -15.49 25.84
-6.75 -18.15 8.47 25.69
-5.40 -0.75 43.08 25.77
-7.95 -12.60 62.19 25.66
-10.80 -54.45 65.82 25.66
-12.30 -77.70 41.38 25.93
-12.60 -84.15 -6.78 25.82
-10.95 -54.75 -15.00 25.75
-15.30 -35.10 -12.83 25.82
-15.75 -26.25 2.42 25.77
-14.70 -6.75 47.92 25.73
-14.25 -50.55 66.31 25.62
-13.95 -85.05 14.52 25.73
-11.85 -55.35 -15.00 25.55
-12.45 -26.85 -6.78 25.64
-11.40 -1.95 21.05 25.75
-13.50 -15.60 61.71 25.64
-13.20 -24.60 66.79 25.69
-10.65 -59.40 65.58 25.69
-9.00 -87.60 36.06 25.88
-4.35 -87.60 -5.81 25.64
-4.05 -76.65 -10.65 25.95
-3.30 -31.05 -17.91 25.66
0.60 -11.85 22.26 25.60
2.85 -0.30 35.33 25.69
-3.15 -22.05 61.95 25.64
-0.75 -23.40 68.73 25.60
0.90 -70.35 61.71 25.62
0.75 -88.50 10.16 25.75
2.40 -88.20 11.62 25.82
0.90 -44.10 -19.36 25.82
3.15 -37.20 -6.53 25.66
5.10 -1.05 15.49 25.71
5.85 -9.45 55.90 25.62
10.20 -49.20 64.61 25.69
14.10 -63.00 65.82 25.53
14.10 -65.40 62.68 25.84
13.05 -86.55 15.25 25.75
14.10 -59.25 -14.76 25.77
12.90 -52.50 -12.83 25.71
12.45 -17.85 -10.65 25.62
12.45 -8.55 28.31 25.58
11.55 0.15 32.43 25.80
12.60 -11.40 69.21 25.69
15.15 -40.20 70.18 25.62
12.30 -64.35 46.71 25.71
16.20 -76.50 55.90 25.82
15.15 -78.60 55.66 25.77
11.40 -78.30 48.88 25.75
15.90 -86.85 22.75 25.84
18.45 -82.50 -4.60 25.80
20.85 -78.45 2.18 25.69
20.25 -48.90 -16.46 25.66
20.10 -58.05 -15.73 25.66
19.50 -26.10 -13.55 25.84
21.45 -27.45 -10.89 25.80
22.80 -12.30 -3.39 25.88
21.75 -12.30 12.10 25.75
25.65 -5.10 16.94 25.86
25.95 -12.00 47.43 25.64
24.75 -9.90 53.24 25.97
23.25 -32.10 64.13 25.80
23.25 -26.10 63.16 25.55
23.55 -60.30 65.82 25.80
24.60 -56.40 56.87 25.88
26.10 -78.90 46.46 25.75
26.40 -78.60 11.37 25.71
27.75 -79.80 -1.94 25.71
28.50 -59.70 -9.44 25.91
27.30 -42.75 -12.83 25.77
26.25 -40.20 -9.68 25.77
26.70 -19.65 -4.60 25.71
26.85 -6.45 16.21 25.82
27.00 -7.05 47.43 25.75
25.05 -7.50 47.92 25.84
27.00 -26.10 60.98 25.86
25.95 -40.20 65.82 25.73
24.45 -42.45 63.89 25.82
26.25 -52.95 63.65 25.88
27.60 -78.90 46.46 25.71
25.95 -78.75 34.36 25.80
27.60 -81.75 19.60 25.73
26.70 -70.35 -1.45 25.80
26.25 -69.00 -12.83 25.69
27.15 -43.95 -14.76 25.75
24.15 -13.80 -5.81 25.77
23.85 -19.20 0.73 25.86
24.00 -6.60 7.99 25.91
21.45 -2.10 29.04 25.95
21.00 -5.55 56.39 25.95
20.10 -12.30 56.14 25.82
18.60 -43.20 68.49 25.86
17.70 -65.40 58.32 25.82
17.25 -71.70 52.03 25.73
18.90 -86.85 23.72 25.75
16.50 -60.75 -10.89 25.73
15.75 -64.35 -15.25 25.75
13.05 -33.30 -17.18 25.82
11.25 -6.90 -3.39 25.80
10.50 -3.75 21.30 25.75
9.15 1.65 29.28 25.66
7.35 -15.60 59.77 25.80
6.75 -43.35 70.66 25.93
4.35 -49.65 68.97 25.88
1.95 -69.45 62.92 25.75
1.05 -88.50 34.85 26.04
3.90 -88.50 27.35 25.86
5.55 -82.05 5.32 25.77
6.75 -74.10 -17.91 25.93
7.95 -48.30 -19.60 25.82
6.15 -6.75 -4.11 25.91
6.90 -0.30 39.20 25.75
3.00 -1.50 45.98 25.88
7.35 -24.15 66.31 25.88
9.15 -35.40 70.18 25.93
11.55 -45.30 70.91 25.73
15.15 -46.50 70.18 25.71
13.35 -43.80 70.42 25.95
10.20 -38.55 70.66 25.80
7.05 -36.60 70.66 25.93
6.30 -38.10 71.15 26.02
6.30 -54.90 67.03 26.06
10.20 -83.40 43.32 25.77
12.15 -88.65 23.96 25.82
6.90 -89.25 14.04 25.97
7.20 -72.60 -8.95 26.08
9.45 -74.55 -7.02 26.02
7.65 -74.70 -7.99 25.93
8.40 -75.30 -6.29 25.84
7.65 -76.50 -5.81 25.93
9.00 -74.85 -7.99 25.91
9.60 -61.20 -14.52 25.95
10.20 -59.70 -17.91 25.88
7.35 -6.90 -1.69 25.97
7.80 -6.30 10.65 25.97
6.30 -8.25 52.76 25.91
1.50 -31.50 69.45 26.04
4.35 -61.05 68.73 26.00
3.30 -89.25 25.65 25.97
5.40 -89.40 12.10 26.00
7.05 -60.75 -16.21 25.77
7.05 -40.05 -8.23 25.86
7.20 -13.35 -7.99 26.08
5.40 -1.50 37.75 25.95
7.05 -3.90 59.53 26.06
6.90 -40.20 70.91 25.64
6.45 -81.15 34.12 25.91
8.40 -88.35 33.88 25.91
7.80 -73.65 -6.78 26.06
8.10 -71.25 -16.94 25.84
9.45 -28.50 -17.42 26.06
9.15 0.00 13.79 25.80
10.35 -0.45 21.54 25.91
10.95 -5.25 47.92 26.08
9.75 -14.85 67.28 25.82
11.85 -25.65 68.00 25.95
13.35 -58.65 68.49 25.77
15.15 -85.50 32.43 25.82
18.60 -86.85 18.39 25.77
19.80 -66.30 -11.13 25.91
19.20 -37.80 -15.97 26.06
21.00 -33.30 -10.89 25.88
21.90 -22.65 -9.20 25.97
22.35 -4.65 37.27 25.95
24.00 -7.05 42.59 26.00
25.65 -9.45 57.35 25.95
30.15 -40.80 63.16 25.88
31.95 -74.70 44.53 26.04
33.45 -77.25 15.73 25.80
34.95 -75.45 11.37 25.77
34.95 -54.45 -4.84 26.06
34.50 -23.40 -3.39 25.95
34.20 -19.95 16.70 26.04
34.50 -10.80 20.09 26.00
34.50 -16.50 45.74 26.04
34.50 -40.35 60.26 25.91
31.95 -46.05 55.90 26.08
33.90 -58.80 54.69 26.04
35.55 -73.50 39.20 25.84
37.95 -72.30 22.51 25.91
40.65 -70.80 10.16 26.11
41.40 -58.20 1.45 26.04
42.30 -48.30 0.48 25.88
43.05 -37.50 3.15 25.88
43.05 -35.10 5.32 25.97
43.50 -33.30 1.45 26.08
42.75 -20.10 25.17 25.86
42.75 -17.85 32.43 25.91
43.80 -25.20 41.38 25.77
42.60 -35.70 47.19 25.88
43.35 -38.10 49.85 26.04
42.45 -45.45 52.76 26.00
42.60 -66.60 34.61 25.95
40.80 -67.50 15.25 26.04
38.25 -68.70 -1.21 26.04
38.85 -47.10 -4.84 25.86
36.45 -22.20 0.48 26.00
34.20 -9.45 18.63 26.13
33.00 -7.80 44.29 25.82
33.15 -12.60 49.37 26.02
33.60 -39.45 61.23 25.91
33.75 -60.15 58.08 25.97
34.50 -68.85 38.96 26.04
35.25 -76.05 27.59 25.93
30.90 -77.55 11.13 26.04
30.30 -51.75 -9.92 26.00
26.70 -54.00 -13.79 25.97
27.60 -13.65 9.44 25.91
27.15 -9.00 6.29 26.00
29.40 -10.35 42.11 25.95
27.75 -9.30 50.09 25.91
26.85 -43.95 66.31 26.15
24.75 -39.60 66.55 25.88
22.95 -41.70 67.03 26.02
23.70 -83.70 38.72 25.91
21.75 -84.90 32.43 26.02
24.15 -84.60 -4.60 26.04
24.15 -49.95 -15.97 26.02
22.95 -13.80 -2.18 26.08
23.55 -4.05 34.85 25.84
21.75 -12.45 65.10 26.08
22.65 -24.00 65.82 26.06
23.40 -57.45 65.82 25.86
21.90 -84.90 36.30 25.95
22.95 -84.90 -3.87 26.13
20.55 -73.05 -5.57 26.06
20.25 -35.40 -13.07 26.04
19.50 -27.90 -12.58 26.15
16.05 -2.40 8.71 26.04
14.70 -2.40 61.23 26.02
16.20 -18.60 66.31 25.93
16.05 -69.75 60.02 25.95
17.40 -87.30 34.85 25.97
16.95 -75.90 -8.95 26.11
18.15 -66.60 -16.46 25.86
17.10 -36.90 -17.18 26.06
16.05 -3.60 5.08 26.02
15.75 -2.10 35.82 25.95
15.60 -8.70 53.00 26.15
15.00 -45.90 70.42 26.08
12.30 -54.90 61.23 25.97
14.85 -81.75 48.64 26.13
15.30 -82.20 5.81 25.93
13.65 -66.90 -18.63 26.11
13.05 -51.75 -18.63 26.02
12.30 -12.15 -6.29 26.06
13.35 -0.60 29.04 26.11
14.10 -4.35 60.74 25.91
13.95 -16.20 65.34 26.00
16.95 -67.65 63.40 26.04
15.30 -87.15 29.04 26.11
18.30 -86.10 -7.50 26.04
18.00 -56.40 -16.46 26.11
15.75 -14.10 -6.29 26.11
16.95 -0.90 30.25 26.11
15.45 -9.00 61.95 26.04
14.40 -18.90 67.28 26.11
16.95 -56.70 68.00 26.11
15.60 -86.55 38.96 26.19
15.75 -86.70 -2.90 26.33
16.95 -74.70 -14.04 26.17
17.40 -46.20 -17.42 26.02
17.25 -16.80 -8.95 26.06
16.35 -0.45 24.44 26.11
17.55 -9.60 64.61 26.13
18.15 -25.80 68.73 26.08
19.35 -51.75 63.89 26.15
21.00 -73.05 52.51 26.08
24.00 -84.00 21.78 26.00
24.15 -66.00 -7.74 26.19
23.70 -42.60 -15.00 26.11
23.55 -29.10 3.87 26.15
25.05 -9.15 20.57 26.06
25.50 -6.00 41.14 26.22
24.30 -29.25 62.92 26.11
25.80 -55.35 61.71 26.11
28.95 -69.60 38.96 26.13
29.40 -78.90 29.28 26.06
31.50 -79.65 27.59 26.11
34.35 -57.15 -3.39 26.17
37.20 -18.30 5.08 26.22
38.25 -13.95 36.78 26.13
38.70 -17.70 50.58 26.00
40.50 -27.75 51.79 26.06
43.35 -44.55 50.09 26.15
44.55 -61.05 40.66 26.06
44.70 -62.25 26.86 26.11
44.70 -65.40 23.96 26.22
45.15 -60.00 15.73 26.02
45.30 -44.10 8.23 26.08
45.75 -40.50 12.34 26.02
46.80 -29.55 16.70 26.04
47.70 -32.55 15.73 26.04
47.40 -32.40 15.49 26.11
46.95 -30.90 14.28 26.00
47.70 -28.80 29.04 26.24
46.80 -26.10 36.54 26.08
46.65 -30.30 39.69 26.28
46.50 -45.90 44.29 26.17
46.05 -56.85 36.54 26.28
46.20 -59.25 35.82 26.15
46.50 -59.25 18.63 26.24
45.90 -41.40 7.50 26.15
45.90 -40.80 15.73 26.31
45.15 -25.35 15.49 26.15
43.05 -21.75 42.35 26.35
42.30 -28.20 51.79 26.06
40.05 -34.65 52.27 26.08
41.70 -52.80 51.55 26.17
41.70 -68.40 32.67 26.11
40.20 -71.25 33.64 26.50
38.85 -73.20 27.59 26.15
36.45 -71.25 -0.97 26.31
35.85 -35.55 -7.50 26.26
34.20 -40.65 -8.47 26.06
32.55 -15.45 2.18 26.35
31.50 -8.55 53.48 26.19
28.05 -15.60 59.29 26.26
27.30 -74.40 51.06 26.04
29.25 -81.15 4.36 26.22
25.35 -77.55 0.73 26.13
27.60 -52.95 -12.34 26.11
29.25 -19.35 9.92 26.31
23.70 -4.95 11.37 26.04
19.05 -31.65 66.79 26.08
18.15 -64.35 44.53 26.37
18.15 -82.05 42.59 26.15
19.50 -68.40 -9.68 26.37
19.65 -18.00 -7.26 26.11
21.30 -13.50 22.99 26.06
20.70 -7.50 46.46 26.13
21.45 -60.30 64.86 26.24
23.10 -68.25 59.29 26.26
21.75 -65.40 60.02 26.33
23.55 -78.00 5.81 26.22
24.45 -58.50 -6.78 26.11
24.90 -16.05 -4.11 26.11
25.65 -13.95 49.61 26.48
30.45 -21.00 62.19 26.37
32.25 -55.35 59.77 26.50
34.05 -74.85 15.97 26.33
36.30 -50.40 -4.60 26.28
37.95 -35.10 -1.45 26.15
39.30 -15.00 21.54 26.57
40.65 -35.25 49.61 26.31
42.60 -38.40 48.88 26.35
45.15 -54.90 44.53 26.50
45.45 -61.35 27.10 26.35
47.85 -57.30 13.55 26.17
47.85 -44.70 12.34 26.22
46.95 -31.80 14.04 26.24
46.50 -28.20 29.52 26.37
47.10 -28.05 30.49 26.50
47.25 -39.30 39.93 26.42
47.55 -34.05 40.41 26.11
48.45 -45.45 41.14 26.22
47.25 -58.20 33.64 26.24
47.40 -59.55 19.36 26.24
46.50 -58.20 16.21 26.15
46.65 -47.25 9.68 26.37
46.95 -28.50 15.73 26.26
45.15 -23.85 26.86 26.26
42.75 -19.20 36.30 26.28
42.00 -45.30 54.69 26.24
39.90 -63.45 27.10 26.28
40.35 -70.80 26.38 26.37
40.95 -57.45 3.63 26.24
41.25 -28.50 4.11 26.26
39.15 -29.25 4.11 26.24
39.60 -14.40 16.94 26.13
39.75 -17.10 48.40 26.28
35.70 -20.25 57.11 26.11
33.45 -57.15 59.77 26.22
32.55 -75.15 44.53 26.11
31.95 -77.55 4.60 26.28
32.85 -72.00 -3.87 26.33
31.35 -37.95 -11.13 26.39
29.10 -10.35 3.15 26.28
27.60 -7.65 22.51 26.17
29.40 -5.55 26.14 26.19
29.55 -20.40 55.18 26.46
28.80 -28.80 65.58 26.37
26.85 -44.25 65.58 26.28
26.10 -46.20 67.03 26.26
25.80 -49.50 65.10 26.26
25.35 -84.75 26.62 26.28
27.60 -78.60 -4.11 26.39
29.25 -68.40 -3.63 26.22
32.70 -59.70 -3.15 26.26
38.40 -54.90 1.21 26.22
42.90 -42.00 4.11 26.26
44.70 -29.55 14.28 26.28
44.10 -21.30 28.07 26.35
44.25 -30.30 45.98 26.22
43.20 -48.60 48.16 26.22
44.55 -60.15 40.17 26.15
44.40 -63.60 22.75 26.17
46.05 -55.05 11.86 26.35
46.20 -41.10 9.68 26.28
46.50 -32.40 15.73 26.28
47.40 -27.90 27.83 26.22
47.55 -30.45 38.24 26.15
46.80 -35.55 45.01 26.44
45.60 -45.90 48.16 26.33
43.80 -57.60 45.25 26.26
42.15 -66.60 37.51 26.35
39.60 -71.55 32.43 26.53
39.90 -69.75 12.83 26.24
39.45 -62.70 1.69 26.28
39.30 -43.35 -1.69 26.28
42.60 -29.40 7.50 26.48
43.50 -20.40 30.01 26.42
45.15 -33.30 43.56 26.48
46.50 -53.40 36.06 26.46
49.20 -52.35 21.78 26.37
48.45 -40.80 15.97 26.35
47.55 -27.45 26.14 26.35
47.10 -26.85 37.75 26.26
44.70 -34.65 48.16 26.22
43.35 -43.95 50.82 26.15
42.60 -54.30 49.13 26.33
42.45 -61.05 44.29 26.24
42.15 -67.20 32.91 26.17
43.65 -63.45 16.94 26.17
44.70 -48.00 7.50 26.28
45.45 -26.40 15.73 26.50
44.70 -20.55 31.22 26.19
42.45 -32.25 46.22 26.19
44.25 -49.95 43.80 26.44
43.65 -65.70 27.10 26.39
43.35 -58.35 7.02 26.37
44.55 -34.95 9.44 26.31
44.10 -19.80 26.38 26.37
45.90 -28.20 39.20 26.19
48.15 -46.65 39.20 26.44
48.00 -58.80 18.15 26.24
46.80 -51.45 9.92 26.28
45.45 -33.60 9.20 26.31
46.05 -22.80 27.10 26.44
45.45 -31.05 44.04 26.24
43.80 -48.15 43.80 26.31
44.25 -63.15 27.83 26.28
45.00 -50.40 10.41 26.46
45.60 -30.00 17.91 26.42
44.70 -25.35 40.17 26.33
44.55 -28.80 47.19 26.42
42.60 -41.40 51.06 26.42
44.70 -60.15 32.91 26.31
45.45 -62.55 10.41 26.42
43.95 -56.55 2.18 26.28
34.05 -61.95 -9.20 26.24
9.75 -70.95 -10.41 26.35
-11.40 -68.10 -7.50 26.37
-20.40 -66.60 -5.08 26.35
-23.85 -43.05 -4.36 26.35
-29.70 -30.00 -0.73 26.44
-27.30 -20.40 3.15 26.39
-24.60 -11.85 38.24 26.42
-25.05 -15.45 43.08 26.33
-24.15 -15.75 45.50 26.39
-26.70 -23.25 58.32 26.53
-23.40 -71.55 48.88 26.39
-22.05 -80.70 18.15 26.44
-24.45 -78.60 12.34 26.19
-23.55 -55.65 -9.92 26.39
-22.50 -19.50 0.48 26.44
-21.90 -9.75 25.65 26.46
-24.45 -10.35 37.75 26.35
-23.85 -30.75 57.35 26.39
-23.70 -63.90 53.97 26.33
-24.75 -79.20 16.46 26.44
-22.80 -76.95 -4.60 26.48
-19.20 -65.55 -12.10 26.22
-17.10 -13.35 0.97 26.50
-18.45 -8.25 41.62 26.39
-19.35 -11.55 47.92 26.28
-19.50 -48.75 63.89 26.44
-18.60 -49.95 64.13 26.42
-16.80 -48.30 66.31 26.42
-10.80 -49.80 68.97 26.44
-3.30 -50.10 70.66 26.44
5.70 -55.35 68.49 26.35
10.95 -62.85 65.82 26.46
17.70 -67.65 61.95 26.48
16.35 -70.50 63.65 26.37
1.65 -76.80 54.21 26.26
-13.80 -75.30 51.06 26.42
-19.05 -78.30 19.12 26.59
-20.85 -71.40 -0.48 26.44
-21.45 -36.00 -11.86 26.50
-22.80 -30.00 8.23 26.37
-21.15 -8.40 30.49 26.37
-21.75 -35.10 60.50 26.35
-22.20 -78.00 39.20 26.33
-25.35 -74.10 2.18 26.37
-26.40 -61.35 -7.99 26.42
-26.10 -31.50 -1.69 26.44
-26.70 -13.35 18.39 26.35
-27.30 -23.70 49.85 26.55
-27.90 -47.40 57.84 26.35
-26.70 -69.00 42.35 26.22
-23.70 -79.50 12.34 26.48
-20.85 -71.85 -5.08 26.35
-20.10 -47.70 -11.13 26.62
-22.20 -20.25 -0.73 26.39
-20.55 -7.65 34.61 26.53
-19.35 -27.00 60.50 26.53
-18.60 -32.70 64.37 26.33
-11.70 -75.00 52.51 26.53
-8.10 -86.25 12.34 26.42
-5.25 -65.55 -13.79 26.26
-4.65 -57.00 -17.67 26.48
-3.30 -30.60 -16.21 26.31
0.00 -1.05 13.31 26.31
1.05 -4.50 45.01 26.28
0.60 -20.55 69.45 26.33
5.25 -37.65 69.70 26.31
4.80 -61.50 64.61 26.37
8.25 -87.30 35.57 26.37
10.65 -69.30 -9.44 26.37
10.05 -29.55 -17.67 26.42
9.00 -17.25 -1.21 26.42
7.05 -7.50 9.68 26.48
7.95 0.45 36.54 26.53
9.45 -36.90 69.94 26.42
8.25 -76.05 61.71 26.48
7.20 -87.15 15.00 26.44
8.40 -82.35 -14.04 26.53
10.35 -43.80 -19.84 26.44
6.45 -21.75 -15.25 26.46
4.05 1.65 20.57 26.48
-0.60 -0.75 36.54 26.22
-3.90 0.30 26.62 26.33
-2.25 -19.65 64.61 26.48
-6.15 -72.00 60.74 26.35
-7.95 -86.55 6.78 26.35
-5.10 -73.65 -13.79 26.31
-6.30 -9.30 5.81 26.22
-12.45 -4.20 27.59 26.44
-19.80 -26.55 62.19 26.44
-22.20 -70.05 51.06 26.37
-23.70 -76.95 3.39 26.53
-27.75 -46.20 -3.39 26.46
-31.05 -20.40 20.57 26.42
-34.05 -28.95 47.19 26.50
-33.15 -57.15 40.17 26.44
-34.35 -70.20 15.25 26.37
-33.15 -52.80 -0.97 26.37
-35.10 -26.40 11.37 26.33
-33.30 -20.25 36.78 26.26
-33.15 -40.50 53.24 26.46
-30.00 -62.85 48.88 26.55
-27.30 -75.30 23.23 26.22
-27.45 -59.25 -0.24 26.48
-24.45 -32.85 -10.16 26.46
-22.80 -13.20 9.44 26.35
-23.55 -10.50 28.80 26.55
-20.85 -27.90 55.42 26.70
-18.90 -60.30 58.08 26.48
-16.80 -82.20 33.64 26.73
-13.35 -75.30 0.97 26.46
-8.40 -42.75 -15.97 26.24
-8.40 -14.70 0.00 26.37
-6.15 -0.45 43.32 26.53
-6.45 -12.15 56.14 26.28
-4.95 -15.15 58.08 26.53
-1.20 -79.65 50.58 26.46
0.15 -75.75 -10.41 26.53
2.70 -39.75 -19.36 26.44
-6.75 -1.95 26.86 26.35
-9.30 -9.45 57.60 26.62
-9.30 -20.85 68.00 26.55
-13.20 -46.50 58.08 26.57
-11.70 -84.45 19.60 26.44
-14.25 -73.20 -6.53 26.57
-13.80 -32.55 -13.79 26.62
-15.00 -3.90 31.94 26.53
-15.75 -24.60 58.81 26.55
-18.60 -59.40 58.56 26.53
-19.95 -76.05 24.68 26.33
-18.15 -82.50 -1.69 26.24
-19.80 -65.25 -12.34 26.28
-21.90 -39.00 -8.23 26.55
-26.25 -20.25 7.02 26.57
-28.65 -22.35 42.59 26.68
-29.85 -34.35 50.34 26.57
-30.60 -63.90 44.04 26.48
-29.55 -74.10 15.73 26.55
-31.50 -49.80 -4.60 26.39
-31.20 -20.55 14.04 26.53
-33.60 -19.80 43.32 26.53
-32.40 -27.75 52.51 26.59
-30.45 -45.75 48.64 26.31
-32.70 -66.00 27.59 26.57
-29.40 -73.20 12.83 26.57
-26.85 -52.65 -3.87 26.26
-27.15 -38.55 -6.78 26.57
-25.35 -17.70 5.32 26.48
-25.65 -15.30 6.53 26.48
-24.75 -15.00 7.74 26.35
-25.80 -15.15 7.50 26.48
-29.10 -19.50 7.99 26.44
-27.45 -17.70 5.57 26.64
-28.35 -22.80 0.24 26.62
-28.50 -30.45 -5.81 26.50
-25.95 -54.75 -4.11 26.48
-25.20 -75.75 15.73 26.46
-32.70 -69.15 28.80 26.46
-35.25 -57.00 48.16 26.46
-34.20 -39.00 41.14 26.50
-37.20 -30.00 28.56 26.53
-37.20 -29.55 16.46 26.55
-37.65 -41.55 7.50 26.50
-36.45 -54.15 9.44 26.53
-38.25 -57.75 18.39 26.59
-38.70 -60.60 32.19 26.81
-37.95 -52.65 44.53 26.59
-36.00 -36.75 40.66 26.46
-37.50 -28.65 23.72 26.48
-37.05 -28.65 13.55 26.57
-35.10 -27.90 8.71 26.53
-36.00 -41.55 3.63 26.48
-35.10 -55.95 8.47 26.57
-37.65 -63.15 14.28 26.50
-33.00 -73.20 24.68 26.55
-30.60 -69.60 43.32 26.73
-31.20 -54.15 54.93 26.37
-28.50 -34.80 53.48 26.39
-28.20 -21.45 42.59 26.46
-26.40 -12.00 28.07 26.48
-29.85 -17.25 14.28 26.68
-28.20 -21.15 -0.48 26.59
-23.25 -28.80 -11.13 26.57
-21.00 -48.15 -13.55 26.55
-18.45 -68.70 -3.39 26.50
-18.00 -81.00 15.97 26.66
-17.70 -82.65 34.36 26.73
-22.35 -74.40 51.79 26.50
-26.55 -59.55 57.84 26.50
-27.75 -35.85 56.39 26.50
-27.90 -17.70 38.72 26.57
-23.70 -10.50 29.04 26.42
-24.75 -12.45 3.39 26.73
-23.70 -29.70 -8.71 26.68
-21.60 -50.10 -9.20 26.59
-22.80 -68.10 6.05 26.66
-25.20 -76.65 18.63 26.77
-25.05 -77.25 45.01 26.53
-28.95 -62.55 49.61 26.64
-33.00 -48.45 48.64 26.53
-34.05 -22.95 35.57 26.70
-32.10 -17.85 19.84 26.55
-33.00 -27.00 2.42 26.59
-34.05 -47.55 3.15 26.64
-36.30 -52.65 13.31 26.70
-38.70 -57.30 25.89 26.39
-37.95 -52.20 38.24 26.57
-39.60 -43.35 29.77 26.50
-40.65 -44.10 27.83 26.50
-40.65 -44.25 18.63 26.81
-39.30 -54.60 18.63 26.75
-39.30 -57.60 29.04 26.64
-38.70 -55.95 43.80 26.81
-35.85 -46.35 45.50 26.50
-35.25 -31.20 40.66 26.55
-33.90 -21.30 16.46 26.64
-31.05 -19.05 3.87 26.70
-32.70 -34.20 -1.21 26.59
-32.25 -56.85 0.24 26.62
-29.55 -67.80 11.86 26.66
-28.65 -74.10 15.97 26.42
-28.80 -68.10 43.56 26.77
-27.75 -60.45 55.18 26.59
-31.35 -46.35 55.66 26.59
-29.70 -20.55 38.72 26.77
-30.30 -17.10 25.41 26.62
-30.30 -19.80 9.44 26.70
-30.30 -32.70 -3.39 26.77
-29.25 -39.75 -7.50 26.62
-27.75 -38.40 -4.36 26.70
-32.10 -37.80 0.97 26.62
-31.50 -20.85 10.89 26.59
-28.65 -13.35 21.30 26.59
-28.35 -13.35 25.89 26.66
-29.70 -15.90 25.41 26.88
-36.00 -28.80 22.02 26.57
-40.50 -45.00 14.76 26.66
-38.40 -48.75 13.55 26.46
-39.90 -46.35 17.67 26.50
-40.80 -49.65 23.96 26.77
-40.80 -49.05 30.49 26.81
-39.45 -54.75 38.48 26.66
-37.95 -44.55 39.45 26.66
-40.05 -39.00 25.41 26.77
-41.10 -41.70 28.07 26.48
-41.10 -38.85 19.60 26.57
-38.85 -42.60 11.13 26.75
-38.70 -47.25 13.55 26.59
-39.45 -51.45 18.63 26.55
-39.60 -54.75 28.56 26.55
-39.75 -51.45 30.49 26.70
-40.05 -51.45 35.09 26.75
-40.50 -39.75 30.01 26.68
-39.60 -35.70 14.52 26.77
-39.30 -36.60 17.67 26.73
-38.85 -37.20 12.58 26.62
-40.50 -42.15 19.36 26.66
-39.90 -39.90 14.28 26.75
-40.05 -49.80 16.94 26.59
-39.60 -53.10 15.49 26.70
-39.00 -56.70 28.56 26.75
-39.30 -53.55 36.06 26.79
-37.95 -52.05 47.67 26.62
-27.90 -50.25 58.32 26.70
-17.25 -49.65 67.03 26.90
-13.50 -46.35 68.73 26.68
-4.20 -42.45 69.94 26.70
0.90 -36.75 69.70 26.64
5.70 -31.05 68.49 26.77
1.50 -28.80 68.00 26.46
1.50 -27.45 67.03 26.53
3.30 -28.05 67.52 26.62
6.30 -29.55 69.45 26.68
13.50 -39.30 69.70 26.64
14.85 -43.80 69.94 26.53
13.80 -50.10 70.18 26.88
13.65 -53.25 69.21 26.77
12.00 -54.90 69.21 26.70
13.65 -55.05 69.21 26.73
15.45 -54.75 68.73 26.73
15.15 -55.35 68.73 26.77
16.35 -55.35 68.24 26.70
17.40 -55.50 68.49 26.86
17.40 -55.65 68.00 26.48
18.45 -55.50 67.52 26.59
18.30 -56.10 67.76 26.81
18.00 -56.10 67.76 26.64
18.00 -56.25 67.52 26.75
18.15 -55.80 67.52 26.92
