26.70 4.65 -2.66 23.41
26.55 3.90 -4.36 23.43
31.05 -1.35 -7.26 23.41
33.60 -4.05 -8.47 23.36
35.40 -7.95 -9.92 23.38
38.25 -11.70 -10.16 23.32
40.35 -16.65 -11.62 23.56
39.15 -19.05 -13.07 23.34
39.75 -18.90 -13.07 23.21
38.10 -21.60 -15.00 23.30
30.60 -20.85 -17.42 23.27
31.65 -22.20 -16.46 23.45
31.95 -17.25 -11.62 23.30
34.80 11.25 22.26 23.38
34.05 6.60 55.90 23.27
34.65 -3.60 60.98 23.45
36.00 -36.60 66.55 23.30
35.55 -50.55 50.34 23.23
34.80 -67.65 43.32 23.58
31.65 -68.40 3.39 23.27
33.30 -52.05 -15.49 23.58
37.20 -25.05 -15.25 23.36
34.20 6.90 2.66 23.47
34.65 10.05 32.19 23.47
33.60 11.10 41.38 23.25
33.00 -10.95 66.07 23.30
31.50 -53.85 60.74 23.47
31.20 -73.50 24.44 23.56
31.80 -59.55 -7.99 23.30
32.10 -27.00 -16.46 23.23
32.55 -0.15 -3.87 23.43
31.35 12.45 25.17 23.32
29.85 1.95 61.71 23.47
27.60 -44.25 63.40 23.54
24.90 -71.40 38.96 23.56
24.00 -69.15 -3.63 23.65
21.90 -34.65 -19.12 23.16
21.15 -2.10 -7.26 23.32
20.85 15.30 30.25 23.27
18.00 -5.70 71.63 23.41
14.85 -65.10 46.46 23.34
12.90 -73.80 -7.26 23.34
12.60 -33.30 -20.33 23.34
13.65 3.90 3.15 23.50
12.15 10.35 57.11 23.56
10.05 -31.95 65.10 23.61
6.45 -66.60 51.06 23.16
5.25 -73.95 4.11 23.27
5.55 -46.20 -18.15 23.25
3.15 -3.90 -8.71 23.36
3.45 13.05 24.93 23.32
2.70 -2.70 63.40 23.32
0.60 -41.40 61.95 23.36
0.30 -72.45 19.84 23.43
1.20 -51.00 -16.46 23.30
3.15 -8.70 -8.47 23.19
6.75 11.40 24.20 23.25
6.45 7.80 60.74 23.34
5.55 -39.90 59.29 23.36
6.45 -74.55 0.00 23.27
6.75 -36.75 -16.21 23.54
8.40 10.05 25.65 23.58
5.70 2.25 64.61 23.56
3.15 -43.05 60.74 23.38
0.45 -72.75 15.73 23.47
-1.35 -44.25 -15.97 23.56
-0.75 -4.80 0.24 23.47
-1.65 8.40 58.32 23.47
-1.20 -44.55 54.45 23.32
-2.55 -70.95 2.66 23.58
-1.20 -36.15 -16.70 23.41
3.15 7.35 14.28 23.54
1.50 6.75 50.58 23.43
2.10 -30.15 67.52 23.34
4.35 -68.25 38.72 23.36
3.75 -68.70 -1.21 23.52
3.60 -21.90 -9.92 23.61
4.95 12.60 35.09 23.54
4.65 -6.00 67.28 23.41
1.95 -58.80 44.77 23.45
5.85 -72.60 6.29 23.23
4.05 -48.45 -15.73 23.54
4.05 -1.80 -9.44 23.36
5.85 12.75 33.88 23.58
5.10 -1.65 59.53 23.38
6.30 -39.15 67.52 23.47
7.65 -71.55 30.98 23.63
9.00 -68.40 -9.68 23.63
12.00 -33.75 -18.63 23.30
16.95 7.20 13.79 23.45
19.35 6.00 62.92 23.65
20.40 -28.35 69.94 23.43
24.15 -59.10 52.27 23.50
25.65 -73.65 5.32 23.47
26.85 -49.05 -17.42 23.61
26.25 -8.40 -6.05 23.61
27.30 12.75 41.62 23.54
31.50 1.95 56.63 23.36
28.35 -44.40 67.28 23.52
31.80 -64.50 16.21 23.56
30.60 -72.00 9.20 23.34
30.00 -13.95 -16.21 23.34
32.10 11.55 31.70 23.54
30.90 -1.50 65.10 23.32
32.25 -18.00 64.13 23.43
34.50 -69.30 35.82 23.43
36.90 -40.95 -13.79 23.61
37.65 -1.35 -7.02 23.54
40.05 4.05 39.69 23.34
43.35 -44.55 54.45 23.50
43.20 -64.20 14.04 23.45
47.55 -57.30 -6.78 23.54
48.75 -22.35 0.24 23.34
50.40 -0.75 20.33 23.34
51.75 -8.85 48.16 23.45
49.95 -46.95 53.72 23.38
49.95 -60.60 27.35 23.47
50.10 -30.75 -4.60 23.23
50.40 -10.65 6.29 23.47
52.95 -4.50 34.12 23.54
51.75 -3.30 52.51 23.43
52.65 -28.35 52.03 23.50
50.85 -55.80 33.88 23.54
52.05 -57.90 10.89 23.56
52.80 -27.60 -2.90 23.52
51.90 -7.05 7.26 23.38
52.35 -1.65 35.57 23.54
52.20 -16.05 51.55 23.38
51.45 -47.25 49.85 23.43
51.60 -60.00 30.25 23.65
51.45 -56.40 12.58 23.52
50.85 -45.30 -0.24 23.67
49.95 -25.20 -6.05 23.61
50.70 -5.25 8.23 23.52
49.95 1.50 32.19 23.47
49.95 -8.25 47.19 23.43
49.80 -36.00 56.87 23.54
49.35 -46.35 53.97 23.61
48.75 -62.40 23.96 23.27
47.25 -50.10 -7.26 23.36
46.50 -26.25 3.15 23.56
43.65 6.60 23.23 23.38
43.65 -11.70 59.29 23.58
42.30 -45.15 60.74 23.52
42.00 -66.60 16.94 23.54
40.95 -43.35 -9.92 23.65
38.25 -19.65 -12.10 23.38
41.40 -2.40 8.71 23.52
40.35 6.90 56.39 23.41
36.75 -20.85 61.47 23.56
34.95 -53.70 33.40 23.47
32.70 -73.05 1.45 23.65
33.30 -49.05 -14.76 23.38
34.50 -5.55 -0.48 23.56
34.80 12.15 31.70 23.50
33.90 5.85 57.11 23.61
32.25 -42.15 67.03 23.63
27.60 -74.10 32.67 23.54
28.05 -62.55 -4.36 23.54
27.60 -12.75 -15.49 23.69
26.40 14.10 12.58 23.54
26.70 3.90 50.82 23.52
25.95 -9.00 64.37 23.45
26.70 -44.85 63.65 23.72
28.50 -58.50 60.02 23.67
22.80 -63.00 36.54 23.61
24.45 -73.80 -0.24 23.52
23.55 -36.15 -18.63 23.58
23.10 2.55 -3.63 23.58
25.35 14.70 33.40 23.38
22.50 -16.65 67.76 23.54
24.00 -58.95 62.68 23.52
25.20 -75.45 25.17 23.67
24.75 -46.20 -15.49 23.56
25.95 6.00 -5.57 23.47
26.10 10.95 43.80 23.56
25.20 -13.95 69.21 23.54
27.60 -46.95 57.60 23.76
27.15 -67.80 15.73 23.56
27.15 -60.45 -16.70 23.50
28.50 -7.95 -1.45 23.72
28.95 14.40 36.06 23.58
29.70 -1.35 62.68 23.72
29.70 -51.75 60.98 23.61
26.25 -74.10 20.09 23.76
28.05 -51.00 -13.07 23.67
30.90 -14.40 -12.58 23.54
29.55 9.60 20.57 23.61
30.90 3.90 62.92 23.63
28.80 -41.25 59.53 23.85
28.20 -72.90 14.04 23.50
29.85 -44.25 -16.94 23.67
30.60 2.25 9.68 23.69
32.25 5.70 59.29 23.65
33.00 -41.25 63.40 23.65
34.80 -71.10 25.41 23.67
33.90 -49.50 -11.13 23.58
36.15 1.95 0.48 23.54
38.40 3.00 50.82 23.85
38.55 -49.50 54.45 23.67
36.90 -70.65 9.44 23.56
36.45 -38.70 -14.28 23.58
38.85 7.65 28.31 23.56
41.70 -11.70 60.98 23.61
44.55 -60.00 40.90 23.69
43.80 -55.50 -5.32 23.56
45.45 -14.70 0.97 23.67
46.65 2.70 47.67 23.63
46.50 -31.80 59.29 23.63
46.50 -62.25 26.62 23.69
46.50 -50.70 -8.95 23.65
45.15 -10.35 2.90 23.56
46.05 3.90 37.75 23.56
48.60 -17.55 58.56 23.56
49.35 -54.60 38.96 23.58
50.85 -51.60 -0.48 23.67
51.15 -16.50 1.69 23.72
51.90 -5.55 19.12 23.69
51.90 -5.85 46.95 23.52
53.10 -28.80 53.48 23.58
52.65 -54.00 38.96 23.81
52.35 -58.05 16.70 23.72
51.75 -47.40 -0.48 23.67
51.60 -19.35 -1.21 23.67
50.10 -0.15 16.94 23.63
49.95 -12.00 50.09 23.67
50.10 -41.55 54.21 23.54
49.20 -61.80 30.73 23.63
49.80 -47.40 3.87 23.74
51.45 -21.30 -3.63 23.56
50.85 -2.70 7.26 23.67
49.95 0.90 27.83 23.74
49.05 -7.95 56.87 23.63
47.25 -33.75 54.93 23.69
47.10 -57.60 24.68 23.69
45.30 -62.25 -2.90 23.63
46.65 -27.15 -7.26 23.74
46.95 -2.25 11.62 23.72
46.80 4.50 39.20 23.85
46.80 -18.45 59.77 23.61
43.20 -48.60 58.81 23.63
41.25 -68.10 23.23 23.58
39.60 -50.40 -9.20 23.52
39.00 -17.10 -8.23 23.61
41.55 0.90 24.68 23.67
40.50 8.55 48.40 23.72
43.20 -0.75 49.61 23.69
42.30 -1.65 50.34 23.63
40.20 -47.70 57.11 23.69
41.70 -66.90 20.81 23.67
42.00 -60.60 -10.89 23.63
42.90 -29.70 -5.57 23.54
40.20 3.45 11.86 23.61
38.25 5.85 47.92 23.58
34.50 -33.45 68.49 23.63
29.10 -72.30 41.62 23.65
30.45 -63.75 -8.95 23.72
31.80 -47.70 -16.21 23.72
30.60 -21.00 -13.07 23.63
30.45 5.85 2.18 23.56
26.85 13.95 34.85 23.58
23.40 1.05 57.35 23.72
19.65 -50.70 66.79 23.67
20.70 -57.15 38.24 23.56
20.40 -75.45 17.42 23.54
21.45 -69.60 2.66 23.69
23.85 -27.30 -18.88 23.61
21.45 -31.35 -20.33 23.54
21.90 -19.80 -15.49 23.78
24.60 -3.15 -10.89 23.72
22.80 1.05 -2.66 23.67
26.85 14.40 25.41 23.72
25.20 8.40 63.16 23.65
27.15 -3.30 68.24 23.67
27.00 -27.45 69.70 23.63
27.30 -64.95 53.72 23.72
24.90 -68.85 8.23 23.78
26.85 -51.75 -16.70 23.67
26.10 -39.15 -18.88 23.69
27.75 -13.95 -12.83 23.83
30.15 0.60 -5.32 23.65
31.35 9.60 42.59 23.87
30.15 3.45 67.28 23.69
30.75 -12.75 67.76 23.72
31.35 -49.80 65.10 23.78
30.90 -67.65 24.93 23.63
33.30 -73.20 22.26 23.72
31.65 -53.10 -10.89 23.69
31.80 -27.15 -16.94 23.72
32.10 -31.35 -16.70 23.78
33.90 2.40 -1.94 23.69
36.30 8.85 17.67 23.65
37.05 12.00 25.65 23.74
39.00 3.90 40.17 23.78
42.75 -19.80 62.92 23.69
42.45 -46.65 42.59 23.67
42.75 -64.65 26.86 23.54
43.20 -53.55 -6.05 23.74
42.75 -17.40 -10.41 23.72
43.65 6.00 25.17 23.85
45.90 -15.45 58.08 23.65
49.05 -22.35 57.60 23.76
50.85 -46.95 48.88 23.96
54.60 -52.80 31.22 23.76
55.50 -52.20 27.10 23.81
58.95 -48.00 23.96 23.69
58.95 -45.30 18.15 24.05
59.70 -44.40 13.79 23.63
59.55 -36.30 9.68 23.69
59.10 -16.50 14.52 23.78
57.90 -12.15 32.91 23.87
58.05 -8.55 33.64 23.69
56.25 -25.80 48.16 23.72
57.00 -46.20 43.08 23.74
56.55 -51.60 22.51 23.85
56.10 -52.80 11.13 23.81
56.55 -45.60 7.74 23.67
55.35 -25.65 -0.97 23.81
53.85 -5.70 22.02 23.83
55.05 -5.25 41.87 23.85
54.30 -22.35 51.55 23.61
52.50 -44.40 53.97 23.67
50.40 -42.75 42.83 23.89
49.35 -62.70 22.26 23.67
46.80 -64.05 22.51 23.94
45.15 -34.80 -10.41 23.81
42.75 -28.95 -9.92 23.94
42.15 -10.50 -6.78 23.63
42.00 8.70 21.78 23.72
42.00 2.40 47.67 23.78
39.60 -2.55 64.13 23.65
40.65 -26.85 66.07 23.85
39.30 -58.05 53.48 23.61
39.60 -68.10 18.88 23.78
41.40 -67.50 7.02 23.96
40.65 -47.40 -8.95 23.56
40.95 -13.80 -11.13 23.89
39.00 -16.65 -1.94 23.76
39.75 4.05 2.42 23.94
40.05 6.90 49.37 23.76
38.70 -16.20 65.82 23.83
33.75 -61.95 55.42 23.92
31.35 -71.10 15.25 23.67
30.75 -72.90 12.58 23.94
29.70 -42.30 -14.28 23.72
29.10 -30.30 -3.63 23.67
30.15 7.05 1.69 23.83
26.70 4.50 53.24 23.85
29.85 4.35 60.98 23.96
26.85 -39.15 68.97 23.94
28.50 -70.20 4.36 23.63
30.15 -69.75 5.57 23.74
27.90 -17.85 -17.91 23.85
29.10 -19.95 -6.53 23.72
33.45 12.45 27.59 23.85
35.55 -13.05 59.05 23.81
37.35 -12.15 66.07 23.85
35.25 -50.85 60.98 23.92
33.00 -60.75 31.46 23.78
34.65 -71.85 27.59 23.65
36.45 -48.15 -8.71 23.96
38.85 -27.00 -7.02 23.72
42.45 -13.50 -6.05 23.78
43.50 5.85 14.04 23.72
45.00 0.75 56.87 23.87
45.60 -10.95 60.50 23.65
45.45 -60.75 42.59 23.96
45.30 -45.30 -7.26 23.85
47.70 -41.25 -8.23 23.72
47.55 -13.35 -4.11 23.92
46.05 -12.00 -5.32 23.83
47.70 3.30 21.30 23.83
50.40 -8.55 50.34 23.87
54.00 -29.85 50.82 23.78
56.40 -31.95 49.85 23.87
55.95 -37.35 42.11 23.76
58.05 -48.60 24.44 23.81
60.45 -41.10 17.91 23.92
61.20 -32.10 17.67 23.76
61.35 -31.20 17.18 23.83
61.95 -27.60 14.52 23.89
61.20 -20.40 21.54 23.85
61.80 -21.45 27.35 23.76
62.10 -20.25 30.98 23.69
62.10 -23.85 37.03 23.72
61.35 -28.50 37.27 23.78
61.20 -33.75 36.30 23.72
61.50 -39.00 32.43 23.87
60.00 -46.80 27.10 23.63
59.85 -42.60 20.09 23.78
58.05 -46.50 15.25 23.78
58.05 -43.50 9.92 23.94
58.80 -31.50 8.71 23.78
60.00 -16.65 15.25 23.74
59.40 -15.60 13.79 23.74
58.50 -12.90 17.67 23.94
58.35 -10.80 24.93 23.87
59.40 -14.55 39.45 23.76
57.45 -13.35 41.62 23.67
54.60 -13.80 46.71 23.94
55.20 -44.25 39.69 23.72
54.90 -54.45 35.09 23.83
52.20 -57.90 21.05 23.81
52.35 -51.45 2.90 23.92
54.30 -34.20 -0.48 23.89
52.50 -35.85 -2.90 23.87
52.35 -21.30 0.97 23.78
53.10 -3.30 22.26 23.74
52.65 -2.10 29.52 23.72
52.65 -0.30 33.64 24.00
50.85 -7.50 50.09 23.83
49.65 -38.85 53.97 23.89
48.60 -45.75 55.66 23.92
44.70 -56.40 35.09 23.76
43.65 -64.05 -0.48 23.76
44.10 -51.60 -5.32 23.87
40.05 -51.75 -7.50 23.89
41.10 -24.60 -9.68 23.92
43.65 3.15 14.52 23.85
43.95 5.40 14.52 23.81
43.35 6.75 21.05 24.00
41.70 1.20 54.45 23.96
40.95 -31.80 62.44 23.96
40.20 -44.70 62.92 23.81
38.85 -46.80 61.95 23.81
37.95 -57.45 53.97 23.96
37.35 -69.60 18.39 23.76
37.65 -59.55 -9.20 23.83
40.35 -43.35 -11.13 23.96
39.15 -40.95 -13.31 23.76
39.30 -33.60 -13.79 23.83
39.30 -10.50 -7.50 23.74
42.00 5.10 10.89 23.78
40.35 6.75 9.68 23.87
37.95 9.45 19.36 23.83
35.70 9.90 41.87 23.81
34.50 -5.70 62.68 23.87
34.95 -26.55 66.31 23.96
37.65 -26.55 66.55 23.78
38.40 -36.00 64.86 23.81
37.95 -54.60 53.48 23.85
37.20 -68.25 27.35 23.83
39.45 -69.00 21.54 23.87
35.85 -70.35 16.46 24.03
36.75 -66.45 -0.48 23.85
36.00 -43.05 -14.28 23.69
37.35 -10.35 -9.44 23.85
37.80 -12.90 -11.37 23.76
35.40 -9.45 -11.13 23.94
35.85 6.15 6.78 23.87
35.55 11.10 36.06 23.85
39.00 2.70 46.22 23.87
38.25 3.00 49.85 23.74
37.80 -2.85 58.56 23.83
38.40 -19.05 65.58 23.96
39.15 -43.35 62.44 23.81
39.45 -64.35 46.22 23.87
41.55 -62.85 45.25 23.92
41.85 -64.65 39.20 23.85
42.30 -67.50 10.65 24.03
42.45 -57.00 -3.15 23.96
45.30 -45.90 -5.08 23.81
45.15 -46.35 -5.57 23.69
46.05 -43.80 -7.74 23.89
45.75 -28.95 -7.99 23.78
46.05 -5.70 10.89 23.72
48.90 -0.15 12.34 23.76
50.55 -0.90 13.55 24.05
51.30 0.75 27.10 23.78
50.85 -2.40 45.74 23.83
51.45 -21.60 52.27 23.69
53.70 -18.45 50.34 23.81
54.30 -24.75 51.06 23.74
54.90 -40.80 45.25 23.87
56.25 -51.30 29.77 23.67
57.15 -51.15 31.70 23.92
57.15 -51.15 29.77 23.92
57.15 -49.65 11.62 23.92
57.45 -35.10 6.78 23.83
57.75 -38.85 7.26 23.89
57.75 -32.85 6.05 23.78
58.50 -16.65 19.12 24.05
60.30 -15.75 19.36 23.78
60.45 -17.10 19.60 23.87
60.60 -16.35 28.56 23.96
60.30 -20.70 39.20 23.94
60.75 -27.90 37.99 23.96
61.35 -25.65 37.75 23.87
60.30 -25.95 38.72 23.78
60.75 -33.30 36.78 24.07
61.65 -35.25 34.12 23.96
62.10 -31.95 32.91 23.92
62.40 -33.15 29.77 23.74
61.95 -33.15 31.94 23.78
61.65 -35.25 34.85 24.07
60.45 -40.80 36.06 23.78
59.70 -47.40 23.47 23.81
58.95 -44.70 15.25 23.85
59.25 -41.25 8.95 23.78
58.35 -28.65 7.50 23.89
58.65 -20.70 11.13 23.94
58.95 -14.55 20.33 23.87
59.10 -12.15 30.01 23.81
58.80 -16.80 39.45 24.03
59.10 -26.10 43.56 24.07
59.55 -33.90 40.66 23.85
59.85 -40.65 32.67 23.92
60.90 -40.35 21.54 23.81
60.60 -35.25 11.62 23.87
58.65 -20.85 10.89 23.74
58.20 -11.85 18.39 23.83
57.60 -8.70 28.56 24.03
57.00 -10.95 41.62 24.12
57.60 -25.05 45.50 23.89
59.25 -39.15 39.45 23.81
60.15 -42.75 21.78 24.05
60.00 -33.00 10.65 23.76
59.25 -22.50 9.20 23.94
58.80 -13.20 25.41 23.78
59.55 -16.20 37.27 23.89
59.25 -27.45 41.38 24.00
60.00 -39.00 34.61 23.72
59.55 -44.25 28.07 23.92
60.00 -42.45 21.30 23.74
61.20 -29.40 9.68 24.00
55.50 -10.65 1.21 24.05
37.35 4.50 4.84 24.03
19.50 12.00 7.02 24.00
21.15 13.95 18.39 23.78
9.45 0.45 61.95 23.76
9.60 -20.70 66.79 23.94
11.10 -73.65 38.48 23.72
8.40 -70.35 -1.69 23.96
8.85 -29.40 -16.70 23.81
9.60 3.00 8.71 24.05
12.00 8.85 61.71 23.81
9.00 -36.75 64.13 23.81
9.75 -74.70 10.41 24.23
10.05 -51.75 -18.88 23.69
12.90 2.85 12.83 23.74
12.30 12.15 56.63 23.96
12.60 -25.50 70.42 23.83
10.20 -66.15 48.16 23.81
5.25 -68.25 2.42 23.83
3.75 -27.90 -17.18 24.07
1.65 7.35 9.92 23.78
-2.10 4.05 48.88 23.83
-5.25 -32.25 64.13 23.83
-8.10 -63.45 42.11 23.94
-9.75 -62.85 7.74 24.00
-10.35 -33.90 -6.05 23.83
-15.30 -11.25 5.32 24.09
-16.65 1.05 32.91 23.74
-15.60 -26.85 56.87 24.05
-18.30 -58.80 23.96 23.78
-16.65 -47.85 -4.11 23.65
-16.65 -19.20 -1.45 23.72
-15.60 0.45 24.68 24.03
-17.55 -0.30 41.38 24.12
-15.75 -8.10 52.76 23.85
-14.10 -28.95 57.60 23.78
-14.25 -59.40 39.45 24.27
-14.25 -63.15 10.65 23.87
-12.30 -40.80 -9.44 23.74
-11.40 -5.40 7.02 23.89
-12.30 2.70 48.16 24.03
-7.05 -31.65 59.29 23.89
-4.80 -68.70 31.70 24.00
-3.15 -46.50 -12.34 23.76
-3.15 0.90 2.66 23.96
-3.30 7.20 46.71 23.78
-1.35 -24.90 65.10 23.72
-3.45 -68.25 23.23 24.12
0.00 -59.85 -14.28 23.96
2.40 -7.35 -2.66 23.76
4.05 11.55 49.13 23.87
3.15 -34.05 65.82 23.83
4.35 -73.65 24.20 23.92
6.15 -44.70 -17.67 24.00
5.40 6.60 11.37 23.72
10.35 10.50 55.18 24.00
13.20 -36.75 69.94 23.94
11.25 -75.45 32.43 24.16
12.60 -61.80 -14.76 23.94
12.60 -18.00 -7.74 24.14
16.20 15.15 40.41 24.07
16.20 -12.75 70.91 23.94
16.50 -65.70 42.83 23.92
18.75 -65.25 -10.65 23.89
18.00 -12.75 -7.50 23.78
21.30 15.30 35.82 23.76
17.25 -11.85 70.66 24.07
15.15 -67.95 39.69 23.78
13.50 -61.35 -10.89 23.83
14.25 -10.05 -11.86 23.81
12.60 15.15 49.37 24.16
10.80 -20.40 68.73 23.78
6.15 -72.30 19.84 24.03
9.00 -52.65 -17.67 24.03
5.70 -3.90 -5.32 23.94
6.90 12.00 50.58 23.94
1.35 -27.15 67.28 24.23
0.60 -68.40 25.89 23.72
2.70 -59.55 -14.52 23.85
0.45 -3.15 0.00 24.12
-1.35 6.00 58.08 24.05
-3.15 -40.95 54.93 24.12
-3.60 -69.60 -0.97 23.81
-1.95 -29.25 -13.07 24.14
-3.90 8.55 27.35 24.03
-7.20 -20.40 61.47 24.05
-10.50 -53.85 40.66 23.74
-11.25 -60.15 -8.71 23.72
-9.90 -7.95 3.63 23.89
-12.00 1.20 47.92 24.23
-13.35 -40.65 51.30 24.29
-12.90 -66.15 4.60 24.03
-15.15 -31.35 -2.66 24.16
-13.50 3.00 44.29 24.05
-14.10 -24.90 57.35 24.03
-15.75 -63.30 17.42 24.25
-14.70 -36.75 -5.08 23.78
-15.90 -3.00 16.94 24.03
-15.75 -11.10 52.27 24.07
-16.80 -51.60 37.03 24.12
-17.55 -54.75 -0.48 24.07
-17.40 -13.50 8.71 24.05
-16.95 -4.80 46.95 24.09
-19.50 -37.50 47.67 23.92
-16.80 -59.85 5.08 24.05
-15.75 -27.60 -2.90 23.94
-16.05 -1.05 36.30 24.23
-16.95 -24.00 56.14 23.94
-15.75 -57.30 30.49 24.23
-16.80 -55.80 -0.73 24.23
-14.55 -22.80 1.21 24.12
-12.30 5.70 31.46 24.00
-12.00 -3.15 57.11 24.27
-9.30 -28.65 60.98 24.00
-6.75 -57.90 34.85 23.78
-6.30 -67.20 11.62 24.16
-6.45 -62.70 8.23 24.23
-8.55 -59.85 2.18 23.85
-7.05 -18.45 -7.26 24.14
-6.15 9.30 23.47 24.18
-4.05 -5.70 59.29 24.09
-5.55 -26.10 64.13 24.31
-5.10 -48.90 46.95 24.12
0.00 -72.00 21.78 24.07
1.50 -69.90 9.20 24.09
3.00 -30.90 -16.94 24.31
1.20 -14.40 -5.81 24.12
3.60 11.70 18.63 24.20
7.65 0.90 61.71 24.12
5.25 -37.05 66.07 24.14
4.95 -67.80 46.46 24.20
8.25 -70.35 45.25 24.09
3.30 -70.80 12.34 24.12
2.40 -39.60 -16.94 24.09
6.15 5.55 0.00 23.96
10.80 4.95 54.45 24.14
9.00 -52.05 66.79 24.20
8.70 -72.15 5.57 24.05
9.45 -35.55 -12.10 24.20
9.90 -5.10 -11.86 24.18
5.70 -2.25 5.81 24.12
6.15 10.20 47.67 24.29
7.05 -30.90 69.70 24.20
6.90 -65.85 57.35 24.12
7.50 -74.10 14.76 24.05
12.45 -63.75 -15.73 24.25
11.55 -0.60 -8.71 24.12
10.65 6.90 7.74 24.03
8.25 15.15 36.06 24.05
7.80 -7.80 66.55 24.18
10.65 -53.55 56.63 24.12
14.85 -75.60 6.29 24.18
15.45 -45.15 -18.88 24.16
16.35 3.45 3.63 24.16
12.75 11.70 49.37 24.23
9.30 -28.35 70.18 24.25
8.25 -66.15 41.14 24.14
5.25 -67.20 -7.26 24.14
1.35 -32.25 -14.28 23.94
-3.90 7.20 26.62 23.87
-9.90 -12.00 60.26 24.23
-11.10 -45.45 47.67 24.09
-13.05 -64.65 22.02 24.16
-13.80 -62.25 15.00 24.25
-19.05 -42.60 -1.94 24.05
-20.70 -25.20 2.90 24.18
-22.80 -10.20 30.01 24.00
-23.70 -7.35 37.03 24.29
-21.00 -24.75 50.34 24.12
-22.95 -42.45 45.01 24.29
-22.05 -52.80 24.44 24.09
-23.40 -43.35 8.23 24.27
-22.50 -30.75 7.02 24.25
-24.15 -17.55 12.83 24.31
-25.65 -15.45 31.94 24.07
-24.30 -27.15 44.53 24.36
-23.40 -44.55 39.93 24.23
-22.65 -54.00 12.58 23.85
-20.10 -36.30 -0.24 24.18
-22.20 -18.00 9.44 24.14
-21.00 -1.95 35.09 24.27
-18.15 -21.60 55.42 24.14
-15.90 -51.75 37.27 24.29
-13.80 -60.00 2.18 24.07
-12.90 -21.75 -7.26 24.36
-14.25 2.40 23.23 24.14
-14.10 -1.80 40.17 24.18
-17.70 -5.40 43.80 24.29
-18.30 -10.50 44.04 24.34
-23.10 -16.50 46.22 24.23
-21.60 -40.50 47.19 24.25
-19.95 -58.20 26.62 24.25
-17.10 -53.25 4.60 24.14
-16.80 -29.70 -6.05 24.23
-14.25 -7.50 1.94 24.25
-14.85 -10.80 -1.45 24.29
-15.45 -14.70 -5.57 24.09
-11.10 -6.30 0.97 24.25
-8.55 6.00 30.01 24.25
-9.45 -11.25 60.26 24.16
-9.30 -48.15 45.01 24.14
-7.50 -67.35 6.53 24.23
-9.30 -29.70 -12.58 24.12
-7.50 -1.35 7.50 24.05
-7.05 -0.75 53.24 24.12
-6.90 -29.40 60.74 24.34
-5.10 -67.65 32.67 24.31
-2.25 -73.20 20.33 24.07
-0.30 -71.55 7.50 24.20
-5.40 -21.75 -12.83 24.23
-6.75 2.70 14.76 24.20
-12.15 -4.20 56.63 24.05
-10.05 -37.35 56.39 24.23
-15.15 -60.60 32.67 24.12
-21.30 -48.90 1.69 24.18
-18.90 -22.50 0.73 24.23
-16.65 -1.05 25.89 24.36
-18.60 -12.45 50.09 24.31
-22.05 -36.60 42.11 24.25
-25.80 -44.55 30.49 24.07
-26.40 -44.70 14.04 24.12
-26.10 -36.75 10.41 24.42
-26.10 -39.60 18.15 24.18
-28.35 -35.85 18.88 24.14
-28.35 -31.50 17.42 24.29
-27.15 -44.25 22.51 24.25
-22.05 -49.50 9.20 24.25
-20.85 -40.65 0.00 24.23
-23.40 -22.20 9.44 24.16
-25.20 -13.35 25.65 24.16
-25.80 -16.80 22.02 24.20
-27.45 -20.40 28.07 24.16
-26.85 -25.20 33.40 24.25
-27.75 -34.95 37.03 24.09
-28.05 -33.60 33.15 24.18
-27.75 -40.05 30.98 24.09
-27.75 -40.95 16.46 24.09
-25.95 -25.05 10.41 24.31
-22.20 -9.45 22.26 24.12
-23.40 -11.10 36.30 24.18
-24.00 -33.45 43.56 24.25
-24.30 -47.70 27.59 24.31
-25.80 -46.95 12.10 24.20
-25.65 -31.80 11.62 24.18
-27.75 -20.40 22.75 24.20
-26.10 -19.20 35.33 24.29
-28.50 -31.05 31.94 24.40
-28.50 -34.95 21.05 24.12
-27.75 -30.30 13.31 24.16
-26.70 -16.50 20.81 24.29
-24.15 -9.75 27.59 24.16
-21.90 -7.95 30.25 24.36
-25.95 -21.60 44.53 24.31
-11.40 -35.10 69.45 24.18
19.35 -35.70 70.42 24.16
35.55 -30.90 63.65 24.31
43.20 -33.60 60.98 24.23
49.50 -33.00 51.06 24.14
57.75 -41.10 50.58 24.20
49.80 -57.90 47.43 24.12
46.20 -61.65 35.33 24.34
44.55 -67.35 24.44 24.16
38.55 -70.05 12.34 24.03
29.10 -69.90 7.02 24.23
33.15 -68.40 10.89 24.23
34.20 -71.55 22.75 24.05
37.35 -69.45 34.85 24.25
41.85 -63.90 45.74 24.31
43.80 -57.30 50.82 24.36
44.10 -57.60 51.55 24.25
39.90 -58.05 53.24 24.09
40.05 -60.15 51.79 24.38
40.65 -59.25 50.58 24.34
42.15 -58.95 49.61 24.36
42.90 -58.95 49.85 24.20
42.90 -59.25 50.09 24.20
42.45 -58.80 50.82 24.23
42.75 -57.60 50.58 24.07
43.35 -57.75 50.82 24.12
43.05 -58.20 51.06 24.31
42.60 -58.65 51.30 24.29
42.75 -58.35 51.06 24.20
42.75 -58.05 50.09 24.23
43.50 -57.90 50.58 24.16
43.35 -57.30 50.58 24.38
43.50 -57.45 50.58 24.25
43.65 -57.60 50.34 24.27
44.40 -57.15 50.09 24.16
