53.25 -19.20 7.50 25.66
50.25 -20.10 -2.42 25.66
39.90 -25.20 -12.83 25.58
30.90 -29.25 -14.76 25.64
31.65 -27.75 -14.52 25.55
29.55 -28.80 -15.73 25.55
28.80 -28.95 -14.52 25.40
30.30 -25.80 -14.76 25.60
24.30 -28.65 -16.70 25.62
28.50 -29.55 -14.28 25.49
31.65 -7.20 -2.90 25.60
31.05 -4.35 0.97 25.53
30.15 3.15 12.58 25.51
30.60 3.75 23.23 25.46
31.05 2.25 35.33 25.31
31.05 -1.50 55.18 25.42
32.55 -15.00 62.44 25.58
31.05 -25.05 68.73 25.60
33.60 -54.00 66.31 25.64
32.55 -61.35 60.26 25.60
33.15 -79.95 30.98 25.49
34.50 -79.20 11.86 25.60
35.40 -42.90 -13.31 25.33
35.10 -42.30 -15.00 25.33
33.45 -16.20 -8.47 25.60
34.95 -12.90 -3.39 25.40
33.15 1.80 22.51 25.40
35.70 0.90 55.66 25.58
35.70 -19.35 61.47 25.35
35.40 -57.45 63.89 25.62
36.90 -66.15 47.19 25.58
37.35 -78.00 16.94 25.60
36.60 -54.45 -7.99 25.38
37.05 -49.05 -13.79 25.44
36.60 -14.85 -5.32 25.49
36.15 1.65 17.18 25.66
36.00 2.55 41.62 25.55
36.60 -11.10 57.11 25.53
35.55 -52.50 62.44 25.69
36.60 -75.00 27.59 25.49
37.50 -78.00 14.04 25.40
36.15 -62.10 -9.44 25.53
31.65 -41.70 -14.52 25.49
32.85 -24.45 -13.79 25.55
30.90 -6.45 3.15 25.53
29.10 3.90 37.03 25.58
30.75 -1.20 50.09 25.55
30.30 -20.70 66.55 25.53
31.20 -58.80 61.71 25.55
30.75 -72.90 41.62 25.44
30.30 -80.70 15.00 25.53
30.15 -60.00 -12.34 25.55
30.00 -27.45 -13.55 25.58
28.65 -13.05 -2.90 25.22
27.60 4.80 23.96 25.44
27.45 -4.20 54.21 25.33
27.90 -33.60 69.94 25.49
26.70 -55.95 65.10 25.60
26.70 -82.20 30.25 25.64
23.40 -72.15 -6.78 25.60
22.05 -45.15 -17.91 25.58
23.70 -24.00 -7.02 25.38
22.50 3.75 13.31 25.58
22.20 0.15 54.45 25.64
23.25 -32.55 70.18 25.33
20.85 -49.50 59.77 25.69
21.90 -78.15 40.90 25.51
24.75 -77.55 2.42 25.55
23.70 -50.40 -17.42 25.46
20.70 -1.95 -2.66 25.42
21.30 2.40 25.65 25.71
16.35 0.00 50.34 25.66
13.50 -42.45 70.42 25.46
13.95 -82.50 41.38 25.51
15.75 -80.40 0.97 25.58
13.95 -66.90 -13.31 25.60
13.35 -28.35 -17.18 25.35
13.20 0.15 10.89 25.40
14.40 -0.90 51.06 25.49
12.60 -19.95 71.15 25.66
13.65 -62.10 58.81 25.53
16.20 -84.75 22.99 25.42
13.65 -59.85 -15.00 25.53
8.55 -33.30 -15.49 25.62
7.50 0.00 4.36 25.46
6.60 4.35 44.04 25.53
7.50 -16.35 69.21 25.64
7.65 -72.60 44.29 25.38
7.35 -79.65 6.78 25.62
7.05 -55.50 -15.49 25.46
5.40 -15.15 -9.44 25.51
4.95 2.55 12.10 25.49
5.55 3.30 38.24 25.58
4.20 -10.95 59.77 25.51
7.50 -24.60 69.21 25.44
8.85 -47.70 70.18 25.42
9.00 -78.15 44.04 25.55
6.90 -82.80 9.20 25.53
5.85 -41.70 -16.70 25.51
7.50 -13.20 -7.99 25.58
4.05 2.40 37.99 25.69
3.00 -8.85 61.23 25.60
2.40 -60.75 62.92 25.55
1.50 -82.65 18.39 25.62
1.20 -61.50 -10.41 25.55
-0.45 -18.15 -7.02 25.53
1.05 0.45 34.36 25.60
0.75 -0.90 47.92 25.62
0.45 -25.05 68.49 25.58
-0.45 -69.15 49.85 25.58
-1.05 -80.55 21.30 25.64
0.90 -74.10 -5.08 25.24
3.15 -48.90 -15.49 25.58
2.40 -7.20 0.24 25.40
0.30 2.40 45.01 25.55
-1.95 -36.75 69.21 25.71
-0.30 -71.40 51.79 25.53
0.75 -81.45 11.62 25.51
-0.90 -65.10 -7.02 25.55
-1.95 -24.75 -10.41 25.53
-4.05 -0.90 16.46 25.62
-4.50 -3.15 44.53 25.62
-3.30 -17.55 63.16 25.64
-2.10 -31.05 66.31 25.62
-0.90 -67.20 57.60 25.60
-1.35 -81.75 20.57 25.55
-2.10 -65.25 -6.29 25.51
-1.35 -37.95 -12.83 25.44
-1.20 -18.60 -4.84 25.40
-0.90 -3.15 8.23 25.51
-3.00 2.55 39.20 25.62
-3.60 -19.35 62.19 25.62
-1.20 -43.95 60.98 25.53
2.25 -77.40 38.48 25.66
1.35 -67.05 -8.95 25.55
3.00 -29.25 -13.07 25.46
1.35 1.05 26.14 25.42
2.70 0.00 58.56 25.46
2.25 -30.60 69.45 25.51
3.60 -71.10 55.18 25.69
1.80 -82.35 25.41 25.71
2.10 -64.20 -11.13 25.64
1.50 -49.35 -14.04 25.62
1.95 -11.85 -5.57 25.51
-0.15 2.70 36.54 25.64
1.20 -26.70 70.18 25.51
5.10 -53.70 50.82 25.58
9.30 -83.25 38.96 25.42
7.50 -66.90 -6.29 25.53
9.30 -46.50 -15.73 25.53
14.10 -15.75 -7.02 25.69
13.50 5.85 33.40 25.27
12.75 -20.85 68.24 25.62
14.10 -64.95 49.85 25.51
17.25 -82.65 6.29 25.71
17.70 -67.65 -10.16 25.77
15.90 -12.45 -8.23 25.58
15.60 6.75 26.38 25.58
12.90 5.70 54.21 25.71
16.20 -17.55 67.28 25.66
18.90 -70.50 56.87 25.69
20.55 -74.25 4.36 25.66
24.00 -54.90 -13.55 25.58
24.60 -10.80 3.87 25.60
27.00 -1.80 51.55 25.62
24.90 -54.75 68.97 25.60
24.00 -81.45 14.28 25.62
28.50 -79.50 -7.50 25.66
28.20 -19.20 -12.34 25.55
25.35 0.45 44.29 25.60
25.80 -31.35 68.73 25.69
26.70 -54.60 56.14 25.53
30.75 -81.15 17.67 25.62
30.45 -46.65 -14.52 25.82
32.10 -10.95 12.10 25.55
33.00 3.15 22.75 25.55
31.50 -14.10 61.47 25.55
31.05 -68.10 59.77 25.80
32.55 -78.30 8.95 25.62
35.10 -72.75 -7.26 25.82
33.45 -27.90 -13.79 25.64
30.60 3.45 19.12 25.73
31.65 -1.35 67.03 25.53
33.30 -28.95 68.49 25.62
35.40 -66.30 57.35 25.86
33.60 -73.65 12.58 25.64
35.70 -64.80 -13.07 25.49
38.70 -36.90 -9.44 25.60
35.70 -5.40 3.63 25.58
35.10 -9.00 52.03 25.73
36.15 -52.65 53.48 25.64
36.30 -70.20 32.91 25.77
38.10 -59.25 -7.50 25.60
34.95 -1.20 6.78 25.66
34.65 -0.60 25.41 25.64
35.25 -14.25 58.81 25.66
38.10 -67.50 55.66 25.51
38.25 -65.70 -10.65 25.64
37.50 -45.60 -5.08 25.53
33.45 2.25 22.99 25.58
33.45 -29.85 65.10 25.55
35.40 -75.15 7.99 25.64
36.15 -72.75 -10.16 25.64
33.60 -13.35 -5.32 25.60
34.05 1.35 35.57 25.75
35.10 -39.60 67.03 25.58
35.25 -57.60 28.31 25.58
36.75 -78.15 5.57 25.55
35.85 -23.70 -10.89 25.55
35.10 1.35 19.36 25.62
34.65 -25.20 64.61 25.71
34.20 -62.55 44.04 25.62
33.45 -80.40 -2.66 25.66
31.50 -55.05 -13.55 25.77
28.35 -2.25 6.05 25.62
27.75 -2.70 53.48 25.58
27.15 -52.95 67.52 25.64
28.80 -82.65 26.14 25.53
28.50 -61.05 -14.76 25.82
28.95 -29.10 -3.39 25.62
27.60 0.30 27.83 25.64
26.85 4.05 54.21 25.71
26.70 -9.00 68.49 25.51
27.15 -46.05 60.98 25.58
26.10 -76.35 32.43 25.73
22.65 -84.60 15.25 25.71
20.85 -76.65 -10.41 25.62
23.25 -45.75 -16.46 25.73
22.05 -9.90 5.32 25.58
20.10 6.15 39.20 25.55
19.65 -6.60 62.92 25.75
19.35 -24.00 70.91 25.53
19.50 -44.55 69.45 25.66
19.35 -71.70 53.24 25.66
20.70 -84.00 35.33 25.60
23.40 -76.50 0.73 25.66
20.55 -41.25 -17.91 25.71
20.25 -6.90 2.90 25.64
15.15 4.95 48.40 25.66
12.15 -20.10 68.73 25.71
15.00 -52.05 68.97 25.51
13.20 -77.70 41.62 25.69
11.40 -82.95 10.16 25.80
13.05 -70.50 -13.31 25.69
11.55 -28.20 -13.31 25.75
7.05 0.00 16.94 25.66
6.90 -3.90 64.37 25.66
7.05 -54.90 59.05 25.66
4.35 -81.60 4.60 25.60
3.30 -49.05 -16.46 25.73
2.25 -9.15 -1.69 25.66
2.55 4.20 26.14 25.75
2.25 -19.20 65.10 25.80
1.35 -69.75 57.11 25.71
4.65 -82.80 15.97 25.71
3.45 -46.50 -15.00 25.75
2.40 0.90 15.97 25.58
-1.20 -13.95 62.44 25.73
-2.40 -62.40 59.29 25.55
-0.75 -82.05 25.17 25.71
-0.30 -75.30 -0.24 25.60
1.35 -28.95 -14.28 25.75
5.85 5.25 27.83 25.49
7.80 -27.30 70.18 25.44
12.75 -73.80 57.60 25.60
18.90 -64.20 -15.25 25.64
22.95 -18.45 -0.97 25.58
25.05 3.30 46.95 25.66
28.80 -1.95 63.40 25.69
31.95 -32.85 67.76 25.69
36.60 -73.20 47.19 25.69
38.10 -70.65 5.57 25.60
38.85 -28.35 -11.86 25.60
39.30 -0.75 19.36 25.75
40.65 -5.40 53.72 25.66
43.20 -21.60 60.26 25.58
42.75 -51.60 53.97 25.82
43.50 -62.40 39.45 25.75
45.90 -71.25 6.05 25.80
45.90 -46.65 -7.74 25.77
46.35 -18.30 0.73 25.55
48.75 -8.40 30.73 25.66
48.90 -23.10 54.21 25.60
48.45 -56.10 53.97 25.75
49.65 -68.40 28.07 25.69
49.65 -64.50 12.10 25.60
49.65 -58.35 -0.48 25.69
51.00 -40.95 -1.94 25.73
48.45 -21.00 14.04 25.73
46.80 -7.20 37.03 25.66
44.40 -6.30 56.39 25.55
44.70 -32.25 59.53 25.62
45.00 -59.85 44.04 25.84
45.30 -73.65 19.60 25.82
43.05 -59.10 -4.60 25.66
39.30 -36.60 -13.07 25.73
36.60 -5.70 3.87 25.64
37.20 -6.15 48.16 25.58
34.35 -38.85 68.00 25.55
33.00 -73.95 55.66 25.64
33.75 -71.40 -2.90 25.62
31.50 -41.55 -16.21 25.66
28.50 -17.40 -3.15 25.44
28.35 4.35 18.88 25.49
27.00 -16.80 65.58 25.69
27.45 -49.35 69.70 25.69
27.15 -78.45 43.80 25.84
28.50 -81.15 20.57 25.64
27.75 -62.10 -5.32 25.60
26.10 -33.75 -17.67 25.60
24.45 -5.55 -9.68 25.86
22.65 5.85 17.18 25.66
22.20 0.15 40.66 25.82
22.20 -18.45 61.23 25.86
23.25 -56.40 70.42 25.66
23.25 -80.25 51.06 25.46
24.75 -82.20 23.23 25.75
22.95 -60.90 -7.74 25.75
22.95 -30.45 -18.15 25.69
22.95 0.60 6.53 25.91
22.20 3.90 11.62 25.73
20.10 -6.15 52.27 25.64
18.75 -33.75 70.91 25.64
22.20 -74.85 44.53 25.55
23.25 -80.55 -2.42 25.60
22.50 -54.00 -17.42 25.71
23.25 -20.40 -2.42 25.69
24.00 3.45 27.83 25.77
25.20 -0.90 62.19 25.64
30.30 -27.15 66.31 25.75
30.75 -63.15 43.56 25.73
32.85 -80.10 7.26 25.60
33.15 -67.95 -14.76 25.66
31.65 -33.60 -5.08 25.69
33.15 -10.65 -1.45 25.80
33.60 -11.25 -4.60 25.66
35.55 0.60 36.78 25.75
38.25 -35.10 64.37 25.66
40.80 -70.65 48.16 25.84
39.75 -75.90 26.38 25.69
42.30 -52.80 -3.15 25.80
43.50 -18.00 -4.60 25.64
45.30 -4.35 24.93 25.66
45.90 -22.95 56.63 25.58
46.80 -40.95 59.05 25.88
47.55 -50.25 51.55 25.80
49.05 -54.15 41.38 25.84
52.20 -64.95 20.57 25.69
52.20 -65.10 10.16 25.84
53.10 -52.95 1.94 25.75
52.50 -33.75 -0.48 25.71
52.80 -21.45 6.53 25.88
51.00 -10.05 25.41 25.82
51.30 -19.65 48.40 25.82
51.30 -48.00 55.42 25.55
50.40 -65.25 42.59 25.91
51.45 -65.10 19.84 25.82
49.35 -66.75 17.42 25.80
47.55 -37.80 -5.81 25.64
45.00 -18.75 18.39 25.71
42.75 -2.25 36.06 25.86
41.70 -43.65 60.98 25.77
42.30 -43.65 63.89 25.53
40.05 -48.60 61.71 25.64
37.35 -78.45 21.30 25.64
35.55 -43.20 -12.83 25.86
35.25 -31.50 -5.08 25.71
33.60 1.50 14.28 25.77
32.85 -22.35 62.92 25.77
36.60 -63.00 58.56 25.75
37.20 -73.65 22.26 25.58
39.15 -77.70 11.62 25.64
36.60 -47.85 -12.10 25.64
37.80 -35.55 -12.83 25.86
38.70 -34.35 -11.13 25.58
43.35 -29.70 -6.78 25.55
45.15 -28.35 -5.32 25.73
45.75 -21.60 -5.32 25.77
43.05 -2.55 17.67 25.75
42.00 -1.05 34.12 25.73
37.95 0.60 34.61 25.93
36.45 -32.85 65.34 25.71
35.25 -63.60 54.21 25.71
33.90 -71.55 29.77 25.64
31.65 -81.60 18.39 25.82
31.50 -69.45 -2.90 25.77
29.25 -32.55 -16.70 25.80
27.75 -6.90 -2.66 25.73
29.40 -2.25 25.17 25.69
27.90 4.35 38.96 25.80
26.25 -21.30 66.55 25.66
26.25 -72.15 59.29 25.51
25.65 -81.00 16.70 25.77
27.90 -81.75 5.57 25.75
30.90 -59.70 -10.89 25.84
31.20 -26.55 -14.04 25.64
32.40 -1.20 2.66 25.86
32.70 0.75 31.22 25.77
33.60 2.40 42.11 25.80
37.20 -11.40 58.56 25.75
39.00 -39.60 64.61 25.71
41.85 -70.80 45.25 25.75
45.45 -72.60 20.81 25.64
49.80 -66.45 2.66 25.77
54.00 -50.85 2.90 25.60
54.90 -33.15 7.26 25.71
58.05 -23.55 24.44 25.53
59.55 -22.35 29.77 25.80
59.10 -29.10 38.24 25.80
57.45 -38.40 46.71 25.73
55.65 -55.35 39.93 25.91
57.60 -57.00 23.72 25.64
57.30 -55.05 9.92 25.64
56.85 -53.10 8.95 25.80
55.35 -39.60 3.15 25.58
54.15 -20.25 8.23 25.86
51.75 -10.20 20.33 25.88
51.15 -9.30 20.57 25.88
47.40 -6.90 53.48 25.86
45.90 -18.45 59.53 25.91
45.15 -45.00 59.53 25.69
46.05 -69.00 45.01 25.69
43.05 -75.45 40.41 25.80
35.55 -79.35 2.90 25.82
34.35 -72.90 -5.81 25.71
34.05 -40.65 -15.49 25.71
31.95 -10.95 -5.81 25.71
29.85 3.90 27.10 25.82
28.65 -27.30 65.82 25.84
28.50 -49.95 62.68 25.82
27.60 -64.05 48.40 25.80
28.80 -81.90 23.96 26.02
32.25 -67.05 -5.81 25.91
31.80 -33.00 -15.49 25.75
31.05 -0.60 4.36 25.75
29.40 3.75 28.56 25.69
28.05 3.15 59.05 25.77
28.80 -14.40 66.07 25.62
32.10 -42.45 68.00 25.77
34.80 -76.35 43.80 25.91
38.40 -69.00 6.78 25.66
40.20 -57.60 -11.86 25.84
39.60 -34.65 -6.29 25.86
42.30 -6.15 9.20 25.91
42.60 -4.20 33.40 25.88
46.80 -30.75 52.76 25.86
49.50 -33.30 53.00 25.86
52.50 -46.65 51.55 25.77
52.50 -62.70 38.24 25.73
51.15 -64.35 18.15 25.84
51.15 -53.25 4.36 25.77
52.50 -45.45 3.63 25.86
52.80 -24.15 9.92 25.80
52.20 -12.15 25.17 25.77
51.00 -11.40 37.27 25.82
50.85 -21.30 47.43 25.71
50.85 -30.60 56.39 25.88
50.25 -53.40 52.76 25.88
49.20 -50.40 56.63 25.88
47.40 -70.80 22.26 25.77
44.70 -70.35 -4.84 25.77
41.85 -41.40 -10.65 25.80
40.80 -11.85 0.48 25.84
40.65 -0.60 29.28 25.93
38.55 -18.90 60.26 25.88
38.10 -44.55 65.34 25.80
38.85 -75.90 41.14 25.75
35.55 -71.40 1.69 25.82
32.85 -52.80 -12.83 25.82
30.15 -32.55 -16.21 25.66
27.30 -15.45 -11.86 25.91
24.15 5.10 16.94 25.88
22.65 -14.10 61.23 25.77
20.85 -59.70 66.31 25.84
19.65 -61.35 65.58 25.80
20.40 -68.85 56.63 25.86
24.60 -78.90 -7.02 25.77
26.85 -47.70 -16.70 25.77
22.80 -39.75 -17.18 25.77
24.00 1.20 37.75 25.86
24.60 -13.95 62.44 25.84
22.95 -18.15 67.76 25.80
23.25 -69.15 36.78 25.77
29.25 -73.95 5.57 25.88
26.85 -76.35 2.66 25.82
20.85 -75.30 -2.18 25.95
26.85 -13.50 13.55 25.95
29.40 3.30 15.73 25.75
27.45 4.35 31.94 25.88
30.60 -33.00 63.40 25.71
37.95 -57.45 63.89 25.84
35.10 -61.50 56.14 25.88
36.90 -67.65 -4.11 25.82
40.50 -61.95 -4.60 25.93
37.05 -58.65 -11.13 25.93
38.55 -6.60 27.59 25.91
44.10 -5.40 36.54 25.95
41.10 -4.50 42.35 25.84
47.10 -49.65 52.76 25.91
49.20 -54.45 52.03 25.82
50.70 -61.20 22.75 25.82
49.95 -66.15 16.70 25.82
48.30 -30.45 0.00 25.77
50.40 -27.00 4.36 25.93
52.50 -13.95 18.88 25.88
54.30 -24.75 43.56 25.84
57.75 -30.15 39.69 25.86
60.00 -36.15 32.91 25.97
60.90 -33.60 28.07 25.73
60.75 -34.65 33.40 25.75
59.70 -44.25 33.15 26.02
59.10 -54.30 28.80 25.80
58.20 -55.35 21.30 25.91
58.65 -50.40 13.31 25.95
57.75 -44.55 7.02 25.86
55.20 -37.65 2.90 25.93
54.30 -27.90 2.90 25.77
52.80 -20.70 9.44 25.84
52.05 -15.30 12.83 25.91
52.05 -11.55 19.12 25.88
51.75 -13.50 35.82 25.80
53.55 -13.50 37.99 25.75
50.40 -13.50 42.11 25.91
52.50 -27.15 49.85 25.91
53.40 -39.75 52.51 25.97
53.70 -49.65 47.19 25.77
54.90 -53.10 38.48 25.84
55.05 -60.60 35.33 25.88
54.60 -63.00 26.62 25.93
55.50 -54.75 11.37 25.93
53.85 -46.05 1.45 25.77
53.25 -23.40 10.89 25.93
53.10 -13.35 27.83 25.91
52.20 -16.80 43.56 25.91
54.00 -31.05 50.82 25.75
52.95 -48.15 49.13 25.84
55.05 -55.65 41.14 25.91
55.95 -61.05 25.41 25.82
54.90 -57.90 9.68 25.84
54.00 -42.90 4.11 25.86
53.10 -24.75 10.41 25.97
53.10 -13.50 15.97 25.75
49.80 -9.00 37.51 25.97
53.25 -24.15 46.95 25.86
55.20 -36.15 49.13 25.86
56.10 -54.75 36.54 25.84
56.55 -54.60 11.37 25.86
56.25 -41.40 7.26 25.82
56.40 -23.70 17.67 25.82
56.25 -17.10 34.36 25.86
55.50 -26.10 44.29 25.88
57.30 -35.10 43.80 26.00
57.60 -48.15 38.72 26.11
57.45 -57.90 24.44 25.93
55.80 -53.55 10.65 25.95
57.15 -36.45 9.92 25.88
59.85 -31.65 25.41 25.88
58.95 -32.55 51.79 25.82
40.80 -32.25 67.76 25.86
25.50 -36.30 71.15 25.75
25.05 -35.85 70.91 25.75
17.40 -59.70 62.68 25.77
7.50 -83.70 25.17 25.86
6.30 -74.55 0.00 25.86
9.75 -57.60 -17.18 25.82
4.80 -22.80 -14.52 26.04
9.75 -3.90 6.78 25.82
7.35 4.95 38.24 26.11
3.60 -16.65 65.10 25.80
4.65 -49.80 67.28 25.93
2.70 -69.15 44.77 25.69
4.20 -81.75 12.34 25.93
4.65 -56.70 -14.52 26.02
3.90 -16.05 -4.36 25.88
1.50 2.70 29.04 25.75
-2.40 -3.90 59.29 25.91
-3.75 -36.30 66.79 25.82
-6.15 -74.40 48.88 25.82
-4.95 -79.05 14.52 25.82
-2.40 -70.05 -8.95 25.82
-5.10 -40.95 -12.83 25.75
-4.95 -5.85 14.04 25.84
-6.90 1.05 35.57 25.93
-6.30 -19.35 61.23 25.97
-6.90 -43.05 64.86 25.93
-7.20 -70.20 47.43 25.93
-7.05 -76.95 10.41 25.88
-8.55 -62.55 -5.08 25.97
-14.10 -33.15 -1.69 25.82
-18.30 -9.60 18.15 25.86
-17.85 -11.85 39.45 25.95
-17.85 -36.15 57.60 26.00
-17.10 -67.05 40.17 25.97
-16.20 -67.80 10.41 26.04
-16.50 -40.35 -4.11 25.84
-16.65 -18.15 10.16 26.02
-17.85 -10.65 43.56 25.95
-17.25 -29.40 56.14 25.88
-18.00 -54.45 50.34 26.02
-16.35 -69.75 27.10 26.11
-17.55 -57.75 1.45 25.97
-17.55 -22.65 5.08 25.91
-16.80 -8.70 35.82 26.00
-16.80 -32.55 57.84 26.11
-15.15 -60.60 46.71 25.84
-13.95 -73.20 12.34 25.82
-15.45 -52.50 -5.08 25.84
-15.75 -14.40 18.88 25.91
-14.55 -8.40 49.85 25.93
-13.35 -45.90 58.56 25.86
-10.35 -74.25 30.49 25.88
-9.45 -61.50 -6.29 25.97
-7.50 -20.85 -3.63 25.91
-8.55 -1.95 39.93 25.86
-5.70 -31.50 68.49 26.15
-1.80 -72.30 45.25 25.88
-1.20 -71.25 -5.57 25.82
-1.05 -21.30 -7.02 26.13
-2.10 2.40 33.15 25.84
-0.90 -24.30 66.79 25.95
1.95 -68.55 53.72 26.02
5.70 -80.55 7.50 25.82
7.05 -39.45 -16.70 25.88
6.45 1.05 13.55 25.86
6.75 -8.70 62.19 26.00
9.45 -58.95 63.89 25.95
14.40 -81.00 3.87 25.91
14.40 -28.80 -15.49 25.82
14.55 6.15 32.67 25.93
14.55 -30.45 71.15 25.93
14.70 -82.50 33.64 26.00
19.95 -48.60 -17.91 25.93
17.55 -0.30 5.32 25.88
18.90 -2.25 54.93 25.84
17.40 -50.25 68.49 25.84
17.85 -82.95 24.44 25.95
19.35 -68.85 -13.79 25.93
21.30 -17.70 -4.36 25.82
21.15 5.70 40.17 25.86
18.75 -25.80 71.39 25.93
20.40 -69.15 55.42 26.00
20.40 -81.45 8.23 25.91
19.50 -39.30 -17.67 25.93
17.40 4.20 17.18 26.24
15.30 -16.35 68.73 26.06
13.20 -72.45 49.85 26.15
15.15 -73.95 -7.50 26.06
13.95 -27.90 -13.79 26.13
12.00 5.85 36.30 26.13
11.25 -10.35 66.79 26.06
8.70 -61.80 61.95 25.80
8.10 -82.20 6.29 26.17
5.70 -48.75 -17.18 26.08
4.50 -5.10 9.44 26.08
4.05 1.20 53.72 26.11
3.45 -31.80 69.21 26.04
3.90 -52.95 65.10 26.00
-0.75 -80.10 27.10 25.82
-3.60 -70.95 -4.84 25.77
-8.40 -27.60 -3.63 26.08
-10.20 -1.95 28.56 26.02
-8.10 -15.30 59.29 26.06
-9.45 -61.35 54.69 26.00
-12.00 -73.50 13.07 25.95
-11.85 -51.75 -6.78 25.84
-12.60 -13.20 9.20 26.11
-16.20 -8.25 41.38 25.86
-15.75 -29.40 59.53 25.91
-15.15 -60.60 49.13 25.84
-15.75 -70.80 18.39 26.08
-16.35 -52.35 -3.63 26.00
-14.25 -19.65 7.50 25.95
-16.35 -9.15 44.53 25.93
-11.40 -41.10 56.39 26.11
-11.70 -74.40 17.91 26.15
-10.05 -52.95 -9.20 26.06
-10.20 -9.60 17.67 26.00
-11.85 -6.60 49.61 26.00
-13.35 -24.15 60.50 25.95
-13.05 -50.40 55.90 25.97
-12.15 -73.05 35.33 25.84
-11.10 -74.10 6.05 26.00
-10.80 -48.90 -8.71 25.91
-13.80 -12.90 15.25 26.17
-13.65 -9.00 51.55 25.95
-13.05 -34.50 60.26 26.13
-16.65 -44.55 58.32 26.11
-12.00 -71.25 7.26 25.95
-9.75 -64.50 -7.26 25.93
-7.35 -14.10 -0.48 26.11
-4.20 -0.75 36.54 25.93
-6.30 -41.70 66.31 26.11
-3.60 -64.50 48.16 25.95
-1.80 -79.20 9.92 26.11
-2.25 -70.80 0.73 26.15
-2.10 -31.95 -14.04 26.24
2.25 4.05 22.75 26.08
3.75 -21.00 65.34 26.15
3.45 -48.15 60.74 25.88
7.50 -66.00 55.42 25.88
5.40 -78.15 48.16 26.06
7.95 -75.90 0.73 25.93
6.15 -49.95 -9.44 25.93
5.10 -7.05 3.87 25.95
9.00 6.15 26.62 26.06
6.00 -23.10 68.97 26.00
6.00 -65.70 60.98 25.86
6.00 -81.60 31.46 25.93
5.55 -78.15 -5.32 25.91
0.60 -24.00 -9.44 25.84
-1.65 1.20 42.59 25.88
-6.00 -22.95 68.00 26.11
-0.15 -73.80 44.04 26.02
-0.15 -76.65 1.21 26.19
-5.40 -38.10 -12.58 26.22
-8.85 -7.65 17.18 26.24
-13.35 -10.05 51.30 26.02
-13.80 -45.30 54.21 26.19
-16.65 -70.95 22.02 26.15
-20.55 -49.80 -1.21 25.95
-19.35 -22.20 22.51 26.00
-24.15 -23.85 41.14 25.88
-25.50 -39.60 41.14 26.08
-28.05 -45.45 32.19 26.11
-28.95 -50.25 29.52 25.95
-26.85 -53.55 20.09 26.06
-24.45 -58.35 16.94 26.15
-25.35 -55.05 18.88 25.93
-26.25 -54.60 22.75 26.04
-27.15 -51.75 23.96 26.11
-28.50 -48.30 24.68 26.11
-28.05 -46.20 24.68 26.00
-28.80 -45.45 21.54 26.13
-28.20 -46.05 20.09 25.93
-28.20 -44.40 17.18 26.22
-25.80 -57.00 24.44 26.15
-26.40 -53.55 18.63 25.91
-27.15 -45.30 15.25 25.88
-26.85 -36.15 14.76 26.08
-27.75 -30.90 21.05 26.08
-28.20 -28.50 27.35 26.00
-28.80 -30.45 32.91 26.19
-29.10 -32.55 36.30 26.11
-28.35 -35.70 38.24 26.17
-28.20 -39.60 39.45 26.06
-27.15 -49.65 39.20 26.17
-25.95 -55.95 34.36 26.15
-26.55 -55.80 20.09 26.19
-25.95 -50.25 10.16 26.13
-21.75 -29.10 2.42 26.06
-15.15 -7.65 25.17 26.08
-16.50 -13.95 50.58 26.15
-10.80 -46.35 62.44 26.15
-7.80 -75.90 35.09 26.04
-7.65 -76.80 17.42 26.08
-3.00 -53.55 -10.89 26.06
-3.00 -36.45 -8.23 26.11
-0.30 -9.60 -3.63 26.19
-4.65 -1.20 37.75 26.13
-6.15 -15.75 66.07 26.08
-10.35 -44.10 63.65 26.08
-5.25 -77.70 12.83 26.13
-5.85 -63.90 -1.45 26.04
-21.00 -42.15 5.57 26.15
-20.55 -17.70 12.83 26.11
-19.95 -18.45 38.48 26.17
-24.60 -27.90 50.09 26.04
-19.80 -44.40 46.95 26.08
-27.00 -53.85 30.25 26.17
-24.30 -58.50 26.86 26.00
-25.95 -47.25 15.00 26.17
-26.55 -43.65 11.62 26.02
-27.45 -34.80 12.58 26.13
-27.60 -26.55 27.59 26.08
-26.40 -25.95 45.74 26.28
-23.85 -47.70 43.32 26.08
-22.95 -62.55 30.73 26.17
-25.05 -49.95 7.50 26.13
-24.90 -29.85 10.16 26.04
-25.65 -24.45 26.62 26.06
-26.40 -33.15 44.53 26.28
-25.65 -40.05 44.04 26.11
-26.25 -53.10 35.09 26.15
-27.30 -51.30 17.67 26.08
-25.95 -52.80 12.83 26.24
-22.35 -49.50 2.18 26.22
-19.05 -39.60 -3.15 26.19
-14.85 -33.75 -7.02 25.93
-13.05 -42.90 -3.63 26.11
-19.95 -55.95 9.44 26.17
-17.55 -69.00 19.36 26.04
-19.50 -67.50 28.56 26.19
-19.65 -66.60 35.82 26.11
-20.55 -66.75 41.38 26.08
-13.80 -68.85 44.77 26.02
-21.15 -60.30 37.75 26.17
-23.10 -61.95 28.07 26.19
-24.00 -55.35 7.74 26.17
-23.25 -42.60 7.74 25.95
-25.35 -28.50 11.62 26.08
-23.25 -18.30 20.57 26.08
-24.90 -20.85 38.96 26.11
-23.10 -33.00 48.88 26.13
-25.05 -47.40 40.90 26.24
-25.65 -57.75 25.17 26.13
-26.85 -47.55 15.49 26.19
-27.15 -32.70 18.15 26.26
-27.60 -27.30 36.06 26.08
-26.70 -40.20 42.35 26.28
-26.40 -52.05 30.73 26.06
-24.90 -54.90 16.46 26.17
-25.35 -36.30 8.71 26.08
-25.20 -19.05 26.86 26.13
-24.00 -22.80 46.95 26.02
-23.10 -35.70 49.37 26.06
-19.80 -63.00 37.27 26.24
-19.80 -63.15 14.04 26.17
-22.80 -43.80 6.05 26.15
-24.60 -22.80 17.42 25.91
-27.60 -27.60 31.46 26.04
-28.80 -32.85 28.31 26.22
-29.25 -39.75 26.62 26.08
-29.10 -38.55 31.94 26.15
-28.80 -28.50 19.84 26.24
-24.00 -24.75 6.53 26.02
-21.15 -23.85 6.78 26.33
-21.45 -21.30 8.47 26.13
-22.65 -24.15 8.47 26.17
-21.90 -18.30 13.07 26.19
-21.00 -16.65 15.25 26.00
-18.45 -10.65 13.31 26.17
-8.55 -0.90 49.61 26.08
-8.55 -47.85 61.95 26.39
-10.35 -76.95 24.44 26.24
-7.80 -56.70 -9.92 26.08
-15.90 -18.90 11.86 26.15
-19.05 -17.25 52.27 26.15
-13.80 -64.05 36.78 26.19
-7.95 -69.75 -2.90 26.13
9.00 -11.25 8.95 26.17
3.60 4.95 50.82 26.24
11.40 -60.90 63.89 26.22
6.60 -82.05 14.04 26.19
-6.60 -45.60 -8.95 26.15
-7.05 -0.60 22.26 26.06
-6.75 -17.10 64.86 26.13
-2.40 -70.20 45.25 26.11
-5.70 -60.30 -10.65 26.04
-8.10 -12.15 12.34 26.28
-16.50 -6.30 37.99 26.24
-18.15 -37.20 56.87 26.08
-10.50 -30.75 67.52 26.33
10.50 -42.30 71.15 26.17
21.00 -46.80 69.45 26.13
22.20 -61.20 67.03 26.24
13.50 -55.50 69.94 26.19
21.60 -45.75 71.39 26.04
13.20 -28.20 68.73 26.24
8.10 -22.95 66.79 26.22
4.20 -20.10 64.86 26.22
1.95 -20.40 65.10 26.26
2.10 -21.00 65.10 26.24
6.00 -19.35 64.86 26.04
5.10 -17.10 64.13 26.26
9.15 -18.00 65.34 25.97
14.70 -22.65 68.49 26.08
11.70 -25.95 69.45 25.97
14.25 -30.60 71.15 26.22
15.60 -34.65 70.91 26.13
15.00 -33.45 70.66 26.24
15.60 -32.55 70.66 26.04
19.35 -31.35 70.91 26.19
19.05 -31.50 70.66 26.26
18.75 -31.05 70.66 26.35
18.30 -31.05 70.18 26.17
18.15 -31.05 70.18 26.19
18.75 -30.90 70.42 26.13
18.45 -31.05 70.66 26.28
18.15 -31.20 70.42 26.19
18.30 -31.20 70.66 26.26
18.15 -31.20 71.15 26.28
18.45 -30.90 70.66 26.35
