19.65 -51.15 -5.57 25.82
20.40 -51.15 -5.08 26.04
22.65 -48.90 -7.02 25.93
20.10 -36.00 -10.16 25.93
27.30 -22.95 -7.26 25.82
28.65 -12.90 -3.87 25.86
33.15 -10.80 -1.45 25.73
37.35 -11.40 0.24 25.88
36.30 0.60 12.83 25.95
33.60 10.80 40.66 25.93
36.45 3.90 58.32 25.91
35.55 -15.00 74.78 25.97
33.30 -46.35 69.21 25.91
34.05 -56.55 63.89 26.06
33.15 -71.85 27.35 25.93
32.55 -67.50 12.58 25.93
33.75 -62.25 4.11 25.80
35.25 -24.30 -5.32 25.91
36.45 -12.45 -0.73 25.77
37.05 -3.75 13.07 25.93
36.30 9.00 39.45 25.84
38.10 5.70 51.79 25.88
37.65 -10.65 73.57 25.73
36.15 -42.00 70.66 25.84
35.55 -51.75 68.24 25.77
35.85 -70.35 22.02 25.91
38.25 -63.45 8.71 25.93
33.75 -57.30 1.21 26.02
34.50 -36.60 -5.32 25.80
36.00 -27.30 -5.81 25.88
36.15 -8.25 7.50 25.82
37.05 4.50 15.97 25.93
36.90 7.95 38.24 25.84
36.75 -1.80 63.89 25.71
36.75 -11.10 69.94 25.88
36.00 -55.20 61.47 25.77
35.10 -68.25 49.61 26.00
34.35 -71.55 17.67 25.88
35.70 -57.75 2.42 25.88
34.50 -51.90 -0.97 25.88
36.45 -26.85 -4.84 25.80
36.90 -25.05 -6.05 25.88
37.05 -6.00 18.15 25.82
39.15 6.60 27.83 25.86
38.85 9.00 42.35 25.86
34.95 -9.75 69.45 25.93
35.40 -15.60 73.57 25.82
30.75 -72.15 48.64 26.02
32.85 -72.45 34.61 26.04
31.35 -64.35 -5.81 26.04
31.20 -28.35 -6.29 25.88
32.55 -14.10 7.50 25.88
32.40 11.55 35.33 25.86
33.15 10.65 47.43 25.77
30.90 -19.20 73.08 25.95
33.45 -25.35 75.99 26.00
29.55 -61.20 66.55 25.91
31.65 -64.50 57.11 25.80
29.25 -65.85 11.62 25.93
32.40 -59.10 1.94 26.00
31.95 -26.85 -7.74 25.95
30.45 -22.80 -8.95 25.75
25.65 7.50 8.95 25.84
25.95 11.70 21.54 25.82
22.05 4.05 63.89 25.88
22.95 -7.80 75.99 25.86
19.50 -47.85 72.84 25.64
19.50 -69.15 37.27 26.06
20.85 -74.85 21.05 25.95
20.10 -52.20 -6.05 25.91
20.70 -36.00 -8.47 25.91
21.90 -6.00 -1.21 25.95
22.05 14.70 35.33 25.82
21.45 11.55 63.65 25.86
17.55 -18.75 78.65 25.84
12.30 -48.90 76.23 25.75
11.85 -60.30 68.97 25.97
10.50 -74.85 45.74 26.00
9.15 -76.50 18.39 25.91
10.95 -68.85 6.29 25.86
10.95 -45.45 -10.41 25.84
12.00 -24.60 -5.32 25.84
15.00 -1.05 1.45 25.84
13.95 14.25 25.89 25.82
12.90 15.00 39.45 25.80
13.50 4.50 67.03 25.86
14.25 -28.35 77.92 26.02
13.20 -56.40 70.18 25.84
8.70 -76.50 37.03 25.77
5.85 -73.80 13.31 26.08
5.10 -54.15 -6.05 26.11
2.40 -15.90 -7.02 26.08
5.85 -0.45 3.63 25.91
5.40 13.80 39.93 25.80
4.50 6.60 67.76 25.88
4.95 -11.70 74.05 25.88
0.45 -43.05 74.29 26.02
1.80 -72.30 29.28 25.88
1.80 -72.60 19.12 25.80
-1.80 -50.25 -6.29 25.91
-0.15 -37.65 -8.23 25.88
1.95 1.80 7.26 25.93
4.65 6.45 10.89 25.97
3.15 12.60 44.53 25.88
-1.65 4.35 58.08 25.93
-1.05 -9.45 75.75 25.80
0.15 -24.30 76.47 26.00
1.20 -58.95 61.71 25.82
2.40 -63.30 64.13 25.82
2.55 -64.65 63.16 25.91
2.70 -63.30 64.86 25.91
1.95 -66.00 45.25 25.86
3.45 -71.55 15.00 25.88
1.35 -57.60 -4.60 25.91
3.00 -54.15 -2.18 26.00
3.00 -47.55 -7.26 25.80
4.05 -19.35 -7.99 25.77
1.95 -20.10 -8.23 25.82
4.65 10.50 15.00 25.93
4.05 10.35 21.30 26.04
4.20 8.25 56.14 26.04
0.90 3.60 61.71 25.84
-1.65 -35.10 76.47 25.86
-0.75 -42.00 67.03 25.91
-2.25 -66.30 56.39 25.95
-4.20 -70.35 5.32 26.04
-1.05 -59.10 2.18 25.84
-0.75 -16.50 -4.84 26.00
-2.25 -7.05 20.57 25.91
1.20 11.55 28.31 25.93
-0.45 -0.75 63.40 25.91
0.30 -3.15 67.52 26.00
-2.70 -39.60 75.99 26.02
-0.45 -41.40 74.05 25.75
-3.30 -72.45 41.87 26.24
-2.40 -73.35 32.91 25.86
-1.80 -61.50 1.94 25.93
-1.20 -46.80 -6.29 25.95
-0.75 -18.45 -5.57 25.97
-1.20 -10.65 5.81 25.95
2.10 12.00 26.86 26.02
0.00 -5.25 65.82 25.95
1.35 -4.80 70.42 25.93
-2.40 -53.85 68.00 25.88
-1.50 -64.35 29.52 26.13
3.45 -71.85 16.70 25.93
-0.15 -54.45 -9.20 26.02
2.40 -30.00 -9.20 25.86
5.10 12.00 26.86 25.82
4.95 13.05 59.05 26.02
6.30 -11.70 73.33 26.02
2.85 -46.20 67.28 26.11
2.85 -63.00 62.19 26.06
1.20 -74.40 22.75 25.91
1.80 -68.85 -5.32 26.02
4.50 -33.90 -9.92 25.95
4.50 9.90 12.58 26.00
6.60 11.85 32.91 26.04
3.90 -1.20 69.45 25.93
4.80 -35.85 72.36 26.08
6.15 -54.30 69.45 26.02
3.45 -75.90 28.80 26.02
9.00 -65.25 -10.41 26.06
13.65 -32.70 -11.13 25.91
13.20 -2.70 1.45 26.02
15.15 6.45 21.54 26.00
12.60 12.00 51.55 25.97
11.70 -21.45 78.65 26.04
12.75 -31.95 78.65 25.80
9.75 -74.25 45.25 25.88
14.10 -74.40 1.45 25.97
15.60 -63.45 3.15 26.15
15.00 -21.75 -6.29 26.04
18.30 -13.20 -7.50 26.02
18.15 13.50 36.06 25.86
19.20 12.75 62.68 26.06
23.25 -9.00 73.33 25.95
22.95 -55.35 71.15 25.84
24.30 -46.95 76.71 26.19
21.60 -74.55 45.98 26.06
24.60 -74.40 12.83 25.84
27.30 -67.35 11.13 25.97
27.00 -23.40 -6.78 25.88
31.95 -21.75 -5.81 26.11
32.55 8.55 16.21 26.06
34.80 9.75 39.45 26.04
35.10 -3.15 65.34 26.11
34.95 -26.55 74.05 26.00
34.20 -40.35 74.78 25.97
31.80 -70.95 44.53 25.97
31.65 -72.45 37.99 26.11
31.95 -55.20 -1.21 25.97
32.10 -36.30 -1.21 26.08
36.15 -9.60 -0.48 26.11
35.70 9.60 27.10 25.97
38.55 8.10 36.06 25.86
41.55 0.60 50.34 26.15
44.25 -12.45 68.49 26.06
46.65 -24.90 67.03 25.93
45.45 -54.90 57.11 26.19
47.25 -51.75 54.93 26.13
47.40 -61.35 24.20 26.13
49.05 -59.55 25.89 26.22
47.25 -54.75 6.29 26.04
50.40 -34.20 5.32 26.17
49.80 -24.15 9.68 26.04
49.80 -19.20 7.99 26.15
50.55 -2.85 34.85 25.95
50.25 -3.15 59.29 26.06
49.80 -14.25 60.74 26.11
47.85 -42.45 61.47 26.15
48.15 -55.95 35.82 26.15
48.00 -60.75 32.67 25.95
49.35 -48.90 10.41 26.06
48.30 -22.95 7.50 26.19
49.80 -18.00 14.52 26.19
51.60 -5.55 22.51 26.13
51.75 -5.85 47.19 26.02
49.95 -10.65 64.13 26.15
49.80 -26.25 63.89 26.22
47.25 -50.55 58.32 26.15
47.40 -63.30 35.57 26.11
47.85 -61.35 12.58 26.28
48.15 -50.55 10.89 26.08
49.65 -20.85 6.29 26.04
49.65 -2.25 20.81 26.15
47.85 -0.90 28.56 26.22
45.75 3.45 39.69 26.13
45.75 -12.15 61.47 26.26
45.30 -21.90 68.97 26.06
42.90 -32.10 69.45 26.06
41.40 -46.35 67.28 26.17
41.10 -67.50 39.20 26.11
41.10 -67.05 13.55 26.06
43.50 -54.00 6.05 26.00
43.05 -34.95 -0.73 26.22
43.05 -10.95 4.84 26.11
45.15 -7.95 23.23 26.31
43.65 5.85 30.73 26.00
42.45 4.35 52.76 26.13
45.00 1.35 59.77 26.08
42.30 -17.55 68.97 25.95
38.85 -44.25 70.66 26.08
36.60 -64.95 52.27 26.28
36.00 -67.95 34.36 26.26
36.00 -60.90 9.20 26.08
38.25 -21.45 -3.87 26.19
38.40 -0.75 21.54 26.06
39.90 5.55 30.73 26.11
39.60 2.10 55.18 25.95
39.45 -26.85 72.84 26.17
38.85 -51.00 60.74 26.13
36.90 -60.00 49.13 26.33
32.10 -68.40 16.46 26.33
31.95 -43.50 -3.63 26.28
32.10 -25.20 4.84 26.17
32.25 1.35 14.28 25.97
32.10 10.20 47.92 26.17
31.80 -13.05 71.39 26.11
31.95 -39.75 66.07 26.24
31.65 -58.95 52.76 26.22
30.90 -73.20 34.61 26.02
32.10 -63.60 7.50 26.19
32.70 -21.60 -6.53 26.33
31.65 -18.45 -2.90 26.39
32.55 8.85 21.78 26.04
29.55 3.30 59.53 26.35
26.85 -17.10 75.99 26.39
25.35 -51.30 64.37 26.11
25.95 -74.55 30.98 26.31
26.25 -42.60 -7.50 26.44
24.75 -25.35 -4.60 26.08
28.65 -11.70 -3.15 26.15
28.80 5.25 9.20 26.15
28.65 11.25 45.98 26.22
31.05 4.80 75.75 26.19
27.30 -27.45 77.20 26.19
25.50 -62.40 65.10 26.06
26.55 -70.05 22.26 26.24
26.40 -66.30 -7.99 26.15
26.25 -30.90 -8.95 26.31
29.40 5.10 10.16 26.11
29.40 10.05 49.61 26.02
28.50 6.45 72.60 26.26
24.30 -29.10 78.41 26.15
20.70 -72.30 53.00 26.02
19.50 -75.60 9.92 26.35
21.90 -58.65 -2.90 26.06
23.25 -18.30 -8.47 26.17
22.20 11.10 24.68 26.11
24.30 14.40 38.72 26.13
21.15 11.85 49.85 26.15
22.05 -16.35 74.78 26.17
24.30 -52.50 62.19 26.22
19.35 -64.95 59.05 26.26
17.85 -75.15 23.23 26.35
19.50 -33.00 -11.13 26.44
21.90 -24.00 -10.16 26.44
20.70 -19.65 -1.45 26.35
23.10 7.35 10.89 26.17
22.05 9.00 55.90 26.35
21.75 -23.70 78.89 26.39
22.20 -39.15 70.42 26.26
20.10 -75.30 43.32 26.24
20.85 -54.60 -2.42 26.39
22.80 -41.25 -8.23 26.33
20.40 -16.35 -5.81 26.48
22.65 7.65 10.65 26.08
23.10 11.40 46.22 26.44
22.35 10.05 61.95 26.22
22.05 6.60 60.50 26.39
21.90 -16.95 75.99 26.42
22.20 -48.90 76.23 26.42
20.40 -57.45 53.24 26.39
19.50 -70.80 46.71 26.31
18.90 -73.20 18.39 26.24
19.80 -31.05 -10.41 26.33
20.25 -12.30 14.28 26.26
22.05 9.00 20.81 26.24
24.00 8.70 56.14 26.57
22.35 -26.55 78.17 26.26
22.05 -44.55 75.26 26.39
21.75 -49.65 58.32 26.46
20.10 -75.60 32.91 26.39
20.10 -48.00 -6.53 26.37
21.15 -11.40 2.42 26.42
23.85 2.85 24.20 26.31
23.55 13.95 41.14 26.48
25.80 0.30 64.13 26.22
28.05 -39.00 75.99 26.35
23.40 -44.40 69.94 26.35
25.50 -73.20 45.50 26.33
25.80 -73.35 24.20 26.22
25.05 -52.20 -0.97 26.44
28.95 -42.75 -5.81 26.37
29.10 -13.80 -3.87 26.28
29.10 11.10 23.72 26.53
29.40 -2.25 65.34 26.28
29.70 -9.00 74.78 26.33
27.90 -52.50 71.15 26.22
27.00 -73.50 38.48 26.48
28.05 -73.50 26.38 26.50
29.40 -52.50 -2.18 26.33
32.85 -4.20 -0.48 26.35
32.55 7.80 31.46 26.46
34.20 9.75 52.51 26.42
37.80 -10.95 68.49 26.48
37.65 -37.65 72.60 26.37
38.55 -64.20 55.90 26.33
36.15 -64.65 32.43 26.28
38.55 -58.35 8.47 26.42
41.40 1.95 17.18 26.46
42.30 5.25 52.76 26.55
43.80 -0.15 60.98 26.37
46.05 -26.55 67.03 26.33
45.45 -60.60 45.50 26.44
46.05 -58.20 20.57 26.24
46.50 -45.00 3.39 26.22
48.30 -30.60 10.89 26.37
49.95 -4.65 23.23 26.28
51.45 -4.50 42.11 26.42
52.35 -6.45 43.08 26.42
55.20 -10.20 37.99 26.37
56.85 -11.85 33.40 26.37
57.00 -11.25 33.40 26.37
57.60 -15.60 20.57 26.17
58.20 -28.65 18.15 26.42
57.15 -38.40 17.91 26.35
54.45 -52.05 35.33 26.57
54.90 -36.75 53.72 26.57
56.40 -26.85 47.19 26.37
57.60 -18.00 42.83 26.57
57.30 -13.20 28.56 26.46
55.95 -26.70 15.73 26.37
55.80 -43.95 23.47 26.48
53.85 -52.65 43.08 26.46
53.70 -48.75 51.06 26.46
54.90 -30.90 55.18 26.42
56.10 -10.65 40.66 26.37
56.55 -13.80 20.57 26.62
55.95 -22.05 11.13 26.48
52.95 -33.90 10.41 26.39
51.15 -50.25 18.63 26.35
51.15 -58.05 40.90 26.62
51.75 -46.05 54.69 26.39
52.35 -40.05 57.11 26.50
51.60 -15.75 55.42 26.37
50.85 -6.90 41.87 26.57
50.70 -1.20 25.41 26.37
48.30 -14.55 5.81 26.33
47.55 -41.55 3.63 26.22
45.90 -53.55 19.84 26.44
43.50 -64.05 32.91 26.39
45.00 -61.05 53.00 26.26
45.30 -41.10 67.28 26.50
45.30 -6.45 56.14 26.55
44.70 -0.90 38.72 26.53
45.00 3.45 34.36 26.31
43.65 -2.85 7.99 26.17
42.30 -26.25 3.39 26.44
42.60 -59.25 16.70 26.44
39.30 -67.50 25.65 26.31
37.65 -69.15 59.05 26.42
37.95 -21.60 71.63 26.44
40.35 -11.10 44.04 26.50
40.80 7.80 30.73 26.24
42.45 -1.50 0.24 26.39
39.45 -13.65 -1.94 26.44
36.60 -57.60 2.42 26.24
34.20 -60.45 16.21 26.42
32.55 -72.30 42.35 26.42
29.85 -53.85 75.26 26.28
27.75 -44.25 76.96 26.22
30.00 0.90 64.86 26.48
28.05 12.00 23.23 26.55
25.95 13.35 19.60 26.42
26.25 -4.50 -2.66 26.44
25.20 -37.65 -7.26 26.22
24.00 -45.90 -4.11 26.42
24.60 -74.40 24.93 26.46
23.70 -69.00 64.86 26.55
23.55 -63.15 73.57 26.44
23.25 -28.95 78.17 26.64
24.90 8.25 58.32 26.59
25.05 12.15 19.84 26.50
21.75 8.40 8.47 26.19
22.95 -24.00 -9.92 26.39
23.25 -44.55 9.92 26.37
19.65 -69.45 16.46 26.13
20.55 -70.35 56.39 26.44
19.80 -50.10 78.41 26.31
17.85 -25.05 78.17 26.73
22.35 11.25 50.82 26.44
22.20 14.10 6.05 26.62
22.65 0.60 1.45 26.55
22.20 -45.45 -9.44 26.42
21.15 -56.25 26.86 26.75
18.75 -75.30 29.77 26.66
20.10 -47.55 74.05 26.42
21.00 -43.95 75.99 26.42
23.85 -0.15 65.58 26.46
26.25 10.50 20.81 26.46
25.20 10.05 11.37 26.48
26.55 -12.15 -6.05 26.53
25.65 -42.60 5.08 26.35
19.50 -64.80 20.33 26.53
22.35 -73.80 45.50 26.46
24.00 -44.70 75.75 26.64
27.00 -38.85 72.36 26.37
27.30 3.90 58.08 26.50
30.30 4.65 5.57 26.46
36.00 -4.35 -1.45 26.44
34.05 -40.20 -4.60 26.59
35.10 -63.60 17.18 26.39
39.60 -65.40 22.26 26.73
38.40 -58.65 60.02 26.39
36.15 -30.75 71.63 26.55
39.75 -19.80 63.16 26.53
41.70 5.55 42.11 26.39
37.65 -8.40 4.11 26.50
39.60 -21.30 0.00 26.39
42.90 -45.90 6.05 26.44
45.15 -64.05 33.64 26.42
45.90 -57.30 63.89 26.39
48.75 -23.70 63.89 26.46
45.00 -19.65 62.44 26.44
54.75 -16.65 52.03 26.55
49.50 -7.20 57.35 26.48
44.55 -4.80 58.32 26.64
45.30 1.65 24.68 26.35
46.50 2.70 13.79 26.46
47.10 -28.35 3.63 26.66
48.00 -58.65 22.02 26.59
49.80 -58.95 37.03 26.44
52.35 -54.45 45.98 26.48
52.65 -41.10 53.24 26.44
56.25 -23.10 47.43 26.46
59.10 -15.75 20.33 26.42
57.30 -27.30 22.75 26.57
58.50 -37.65 22.99 26.44
56.70 -41.70 29.77 26.39
59.10 -41.40 39.20 26.66
57.60 -41.55 47.92 26.46
57.30 -35.85 41.14 26.66
60.30 -26.40 25.89 26.53
57.75 -37.65 18.15 26.66
53.25 -50.85 24.20 26.59
51.45 -57.15 43.56 26.57
46.35 -54.45 60.98 26.64
48.15 -32.70 62.19 26.50
48.60 -22.95 61.95 26.53
47.85 -9.15 54.21 26.55
49.05 2.85 30.25 26.59
46.35 -6.00 2.66 26.48
40.65 -28.20 -0.73 26.64
43.65 -51.30 10.65 26.50
45.75 -60.90 26.62 26.46
50.40 -54.45 49.37 26.46
55.20 -45.60 39.45 26.48
58.35 -40.35 44.77 26.42
57.00 -37.65 48.64 26.55
58.95 -26.10 47.67 26.57
59.25 -33.45 41.62 26.64
60.45 -33.60 32.67 26.68
59.40 -40.35 28.07 26.53
56.85 -46.95 37.51 26.70
53.70 -43.20 53.24 26.57
55.65 -24.75 52.03 26.79
57.15 -12.30 33.40 26.59
57.60 -17.85 19.12 26.77
56.40 -26.10 15.49 26.73
55.20 -42.90 20.33 26.59
54.30 -52.65 33.64 26.62
53.70 -49.80 45.98 26.39
54.45 -38.40 56.87 26.64
54.75 -19.95 54.45 26.48
55.20 -13.95 41.38 26.73
53.55 -6.15 33.64 26.42
51.45 -4.20 24.68 26.46
51.15 -12.30 14.04 26.70
52.80 -35.85 10.65 26.59
55.05 -47.70 25.65 26.62
55.05 -47.70 44.53 26.42
55.65 -36.60 54.21 26.75
51.90 -22.80 58.32 26.59
50.55 -3.90 39.45 26.79
53.10 -10.20 15.97 26.55
54.75 -31.05 12.58 26.64
54.75 -42.60 22.75 26.53
55.95 -46.20 31.70 26.62
56.85 -43.65 45.01 26.59
59.85 -36.45 33.88 26.62
59.85 -40.80 28.56 26.55
52.20 -58.95 28.56 26.66
39.30 -70.50 27.59 26.55
25.20 -73.50 23.47 26.66
26.10 -73.20 25.41 26.53
27.60 -73.65 31.94 26.57
27.75 -74.10 36.54 26.73
29.85 -73.20 37.99 26.66
31.05 -72.75 37.75 26.48
29.25 -73.50 39.93 26.50
29.70 -73.20 39.69 26.77
26.55 -73.50 41.14 26.70
25.65 -74.55 41.14 26.55
25.20 -74.10 41.14 26.62
26.40 -73.65 41.14 26.53
27.00 -73.35 42.35 26.70
27.45 -73.65 41.87 26.46
27.45 -73.80 41.62 26.55
31.05 -71.10 39.69 26.55
41.85 -66.90 37.27 26.44
39.00 -70.50 34.61 26.59
21.30 -74.85 17.67 26.75
9.90 -48.30 -8.71 26.50
6.00 -20.70 -7.50 26.66
11.10 6.60 22.26 26.48
19.05 14.85 42.59 26.39
20.25 -11.55 76.23 26.75
17.55 -24.60 78.65 26.79
14.85 -20.70 77.44 26.42
16.95 -63.90 65.34 26.64
15.60 -73.20 27.10 26.73
16.95 -75.00 21.54 26.70
18.90 -51.90 -5.57 26.55
20.85 -9.60 -5.08 26.68
19.95 7.05 26.62 26.55
20.85 13.20 23.47 26.55
21.15 11.25 48.88 26.66
20.70 12.00 48.40 26.46
21.00 12.15 54.93 26.59
19.35 -8.70 73.08 26.75
18.00 -46.20 77.20 26.75
17.10 -49.95 64.86 26.59
16.05 -70.35 55.42 26.70
15.45 -73.95 26.62 26.64
15.00 -72.45 3.39 26.75
16.20 -63.15 1.21 26.77
18.15 -55.65 -1.94 26.62
16.65 -15.30 -8.47 26.50
17.85 -7.20 10.65 26.70
21.60 7.95 13.31 26.48
20.40 14.25 40.66 26.73
18.45 2.10 66.79 26.62
16.80 -7.65 75.02 26.70
15.60 -8.85 78.17 26.64
16.95 -37.20 78.41 26.77
14.10 -45.00 68.00 26.57
13.80 -59.85 53.24 26.66
12.90 -75.90 36.54 26.73
13.50 -73.65 20.81 26.55
12.60 -74.70 12.34 26.62
13.50 -65.10 -0.24 26.68
13.95 -59.55 -2.66 26.62
13.65 -29.55 -10.65 26.62
11.40 -18.90 -9.44 26.77
9.90 -28.05 -10.41 26.68
6.30 -6.90 -1.21 26.50
4.80 9.90 15.00 26.55
3.75 13.05 27.35 26.75
3.15 11.85 46.46 26.59
3.15 6.60 63.40 26.57
2.85 0.60 68.24 26.73
1.95 -15.60 75.75 26.50
2.10 -31.20 76.23 26.73
1.20 -48.00 70.42 26.64
-2.40 -68.10 55.18 26.55
0.45 -73.65 28.07 26.73
-2.10 -66.30 12.58 26.68
-1.05 -52.95 -5.81 26.73
4.20 -23.40 -5.08 26.68
5.85 9.45 24.93 26.64
7.65 12.15 58.32 26.66
5.70 -18.60 75.26 26.64
0.15 -47.40 72.12 26.73
-1.20 -61.80 55.42 26.68
-3.30 -72.45 16.94 26.70
-2.40 -60.00 0.00 26.66
-0.90 -36.60 -6.78 26.70
-4.80 -5.55 2.18 26.79
-2.70 8.55 22.75 26.53
-2.85 11.10 36.78 26.66
-1.95 4.80 60.74 26.79
-4.65 -5.85 72.12 26.75
-5.25 -28.05 73.81 26.70
-8.25 -53.40 59.29 26.59
-11.85 -67.35 37.03 26.68
-11.85 -67.80 17.91 26.73
-12.15 -55.65 7.02 26.77
-11.40 -42.90 0.48 26.84
-11.25 -27.30 -2.66 26.75
-10.65 -12.15 0.48 26.88
-11.10 -3.45 8.47 26.79
-9.30 5.40 25.65 26.86
-6.60 9.60 50.34 26.75
-6.45 2.10 65.10 26.79
-7.80 -25.05 72.36 26.68
-9.90 -55.20 59.29 26.62
-12.30 -66.30 40.66 26.77
-13.20 -60.90 17.42 26.81
-15.75 -48.90 9.44 26.70
-16.05 -34.50 1.94 26.75
-14.25 -18.45 5.81 26.81
-16.20 -12.15 14.52 26.68
-17.40 -1.20 29.28 26.70
-18.60 -3.60 51.30 26.48
-17.70 -19.65 60.74 26.75
-20.25 -24.45 61.23 26.59
-20.25 -36.45 51.06 26.64
-21.90 -53.85 40.41 26.73
-19.65 -59.40 25.41 26.81
-19.80 -52.80 13.79 26.84
-18.90 -34.05 4.60 26.68
-18.75 -12.45 8.95 26.77
-16.50 -8.40 11.62 26.66
-17.55 -2.40 33.64 26.66
-15.90 1.65 48.16 26.64
-16.50 -11.85 60.98 26.66
-15.90 -22.20 63.89 26.79
-16.95 -29.85 64.61 26.77
-17.55 -46.50 50.34 26.70
-17.55 -60.00 44.53 26.81
-17.70 -61.50 37.99 26.70
-15.60 -60.15 16.94 26.81
-15.00 -53.55 9.20 26.66
-13.65 -48.45 0.48 26.68
-13.20 -44.25 -0.97 26.42
-11.55 -23.40 0.00 26.59
-10.50 -2.55 8.95 26.79
-9.45 7.20 30.98 26.79
-10.80 -6.00 57.84 26.70
-10.50 -17.40 70.42 26.79
-11.85 -47.25 53.72 26.66
-11.40 -62.40 35.82 26.79
-9.60 -67.65 20.57 26.66
-9.15 -58.80 7.99 26.70
-7.05 -33.75 -5.57 26.66
-4.95 -6.45 4.36 26.73
-3.75 3.00 19.12 26.66
-1.50 9.30 33.88 26.73
4.35 8.55 53.24 26.77
5.70 -11.55 73.33 26.77
4.65 -46.80 74.78 26.70
4.80 -60.60 57.35 26.88
5.85 -72.15 30.25 26.88
10.20 -75.30 20.33 26.62
12.30 -68.10 8.23 26.92
10.50 -49.50 -6.53 26.97
10.80 -4.80 -4.11 26.81
14.25 14.40 42.11 26.81
13.35 2.85 72.84 26.84
16.05 -12.90 78.65 26.86
16.95 -32.10 77.92 26.79
15.15 -60.15 67.52 26.75
13.05 -75.30 26.38 26.77
14.10 -58.20 -2.66 26.68
13.05 -49.05 -9.68 26.64
15.75 -16.80 -1.21 26.79
19.80 14.10 32.19 26.77
20.70 8.10 54.93 26.86
21.30 -15.90 76.47 26.75
21.30 -25.50 78.41 26.84
19.50 -36.00 78.41 27.04
18.45 -71.55 54.21 26.92
19.65 -55.05 -1.45 26.77
21.75 -40.50 -6.29 26.79
23.10 -4.20 -0.97 26.86
17.55 9.75 21.30 27.06
15.45 13.95 40.41 26.97
13.05 -9.45 75.75 26.92
11.40 -50.10 71.15 26.68
7.20 -74.85 32.19 26.90
7.05 -58.95 -6.05 26.88
4.35 -35.85 -7.74 26.88
4.50 -1.95 14.28 26.75
2.85 9.00 55.66 26.92
4.95 -21.30 77.20 27.01
1.50 -52.50 65.58 26.88
1.80 -73.80 25.41 26.81
1.20 -46.65 -6.78 26.70
3.00 -7.05 7.02 26.81
6.75 13.80 54.21 26.84
0.30 -6.30 76.23 26.90
-0.30 -53.10 62.44 26.92
-2.85 -73.50 26.14 26.99
-3.00 -50.25 -4.84 26.81
-3.90 -12.30 0.00 26.97
-4.20 8.70 34.61 26.81
-6.30 -5.70 63.89 26.90
-9.45 -36.45 71.39 26.77
-8.70 -67.80 40.90 26.79
-12.00 -59.55 13.31 27.10
-13.20 -35.55 0.73 26.97
-15.45 -14.10 19.36 26.97
-20.10 -3.30 35.82 27.10
-20.85 -2.85 45.74 27.01
-21.15 -22.50 61.47 26.92
-20.25 -47.10 58.56 26.90
-20.55 -58.20 39.45 26.92
-24.00 -49.95 29.04 26.77
-25.20 -44.25 17.18 26.95
-25.35 -28.50 17.18 26.84
-24.90 -9.75 37.75 26.86
-23.70 -7.20 55.18 26.84
-21.15 -24.60 60.98 26.95
-23.10 -44.25 51.30 26.95
-23.55 -56.25 31.46 26.75
-22.50 -42.30 12.83 27.04
-22.80 -16.05 12.58 26.79
-18.90 -1.80 22.02 26.97
-12.15 4.95 46.22 26.88
-10.20 -0.60 66.79 27.17
-10.05 -44.55 66.79 27.12
-7.65 -68.70 42.83 27.06
-6.45 -65.40 7.02 26.97
-6.30 -48.45 -0.97 26.92
-6.00 -36.60 -3.63 26.95
-6.15 -27.75 -3.15 26.99
-13.05 -1.80 17.42 27.08
-10.20 4.20 49.61 26.95
-13.80 -11.25 61.95 27.01
-15.00 -28.35 64.37 26.88
-17.70 -51.90 51.30 26.86
-22.05 -55.20 45.01 27.04
-17.25 -52.65 3.39 27.10
-18.60 -19.80 6.53 26.88
-22.50 -11.55 28.56 26.99
-23.40 -7.65 43.08 27.08
-23.40 -17.85 53.97 27.01
-26.25 -33.60 50.34 26.92
-28.05 -45.30 38.24 27.08
-29.10 -38.70 32.91 27.17
-30.45 -28.50 29.52 27.08
-28.65 -18.60 34.36 27.04
-27.00 -19.05 43.32 26.99
-29.70 -32.70 42.35 27.06
-28.95 -41.55 41.87 27.06
-28.80 -42.00 34.85 26.92
-28.65 -43.80 26.14 26.92
-27.75 -44.85 21.54 26.86
-27.60 -39.30 21.30 26.88
-26.85 -28.05 14.28 27.01
-22.95 -10.20 15.73 26.90
-17.40 -0.15 28.07 26.88
-14.40 3.30 36.54 27.04
-10.05 -1.50 52.76 27.08
-14.10 -12.00 61.71 27.01
-16.95 -21.60 61.23 27.01
-21.15 -31.95 54.45 27.08
-27.60 -40.05 40.66 26.99
-29.85 -37.65 30.25 27.17
-28.95 -27.30 21.78 27.04
-26.55 -13.20 23.47 27.08
-19.50 -1.50 45.25 26.99
-12.30 -12.15 65.58 27.01
-16.95 -50.85 53.97 27.06
-21.60 -57.15 31.46 27.01
-25.50 -41.25 17.67 26.99
-26.70 -25.20 18.15 27.15
-25.65 -14.40 30.98 27.06
-24.15 -10.50 51.30 26.97
-24.45 -27.75 53.48 26.95
-24.75 -49.05 40.17 26.95
-20.55 -57.15 10.41 26.95
-18.60 -29.25 6.53 27.10
-23.10 -11.25 24.68 27.04
-26.10 -13.50 39.69 27.06
-29.10 -28.20 42.35 26.95
-28.95 -43.05 42.11 27.08
-24.90 -53.25 22.75 27.01
-17.10 -45.75 0.48 26.95
-11.25 -18.75 6.05 26.92
-10.95 7.95 30.98 26.92
-3.75 -13.50 70.91 27.10
-7.50 -50.10 60.26 27.06
0.75 -73.80 14.52 27.04
2.25 -41.25 -8.23 27.15
1.50 4.50 15.73 27.12
-5.25 3.00 63.16 27.23
-8.70 -34.05 64.86 26.90
-13.80 -62.40 21.30 27.08
-22.80 -43.05 8.95 27.04
-19.05 -4.95 21.54 27.04
-6.75 8.40 62.44 27.19
4.35 -17.10 77.44 27.37
10.80 -59.70 59.05 27.04
8.25 -73.35 12.83 26.99
1.05 -27.00 -6.29 27.06
-0.75 6.75 29.52 27.19
-4.50 -7.65 71.39 27.26
-10.65 -65.85 35.33 27.19
-17.70 -54.60 1.94 27.17
-5.25 -14.55 1.94 27.01
-7.50 7.50 34.61 27.15
-20.25 -10.80 48.88 27.15
-26.25 -33.30 57.35 26.99
-22.80 -55.95 34.36 27.21
-24.60 -49.20 16.21 27.21
-24.30 -20.40 15.49 27.04
-24.60 -9.45 40.90 26.99
-21.45 -37.20 59.29 27.12
-17.85 -62.85 34.12 27.17
-11.85 -60.00 4.60 27.19
-17.70 -25.05 6.29 26.99
-14.70 1.35 52.27 27.23
-10.05 -28.65 70.18 27.08
-16.95 -54.90 48.40 27.17
-23.25 -55.05 16.21 27.04
-23.25 -36.15 11.86 27.23
-22.80 -16.65 14.52 27.15
-15.90 -12.00 -0.73 27.19
3.75 -13.05 -7.02 27.19
27.90 -19.35 -5.81 27.15
31.80 -12.90 -3.39 27.06
40.20 -10.95 9.44 27.15
42.30 3.90 18.88 27.15
33.90 10.35 35.09 27.01
34.35 11.40 41.38 27.19
29.70 11.40 43.08 27.19
33.15 10.95 35.82 27.10
39.30 6.75 24.20 27.12
42.00 2.85 16.70 27.17
41.85 -0.30 9.68 27.19
38.85 -1.80 6.78 27.23
38.40 -3.75 3.87 27.08
36.45 -5.10 3.39 27.06
37.95 -4.95 4.36 27.15
39.30 -4.80 4.84 27.26
38.25 -4.05 5.81 27.17
38.70 -4.35 6.05 27.01
39.15 -4.05 5.57 27.26
39.60 -4.65 4.84 27.08
39.45 -4.80 5.08 27.19
40.05 -5.40 5.32 26.92
40.20 -5.40 4.60 27.10
39.75 -5.85 4.84 27.21
39.75 -5.25 5.32 26.88
40.05 -5.40 4.84 27.21
39.75 -5.55 5.32 27.12
39.60 -5.40 5.08 26.99
