10:12:56 25.35 -41.70 -9.20 22.39
10:12:57 24.00 -44.85 -8.95 22.30
10:12:57 21.45 -45.45 -9.20 22.48
10:12:57 16.65 -44.10 -9.44 22.32
10:12:58 28.95 -45.30 -5.32 22.54
10:12:58 36.15 -34.95 -3.63 22.46
10:12:58 38.70 -27.00 -5.57 22.39
10:12:58 36.60 -22.95 -3.87 22.37
10:12:59 38.25 -18.75 -3.63 22.35
10:12:59 35.85 -17.40 -3.87 22.39
10:12:59 36.30 -18.15 -4.60 22.39
10:12:59 36.00 -26.25 -6.78 22.43
10:13:00 34.20 -38.40 -5.57 22.21
10:13:00 31.05 -38.70 -7.50 22.35
10:13:00 31.05 -36.45 -7.74 22.39
10:13:00 31.50 -27.75 -6.29 22.59
10:13:01 32.55 1.50 14.28 22.59
10:13:01 33.60 3.15 57.84 22.65
10:13:01 34.65 0.75 60.74 22.43
10:13:02 34.20 -1.50 65.82 22.28
10:13:02 34.80 -14.55 74.78 22.50
10:13:02 32.85 -42.30 74.78 22.35
10:13:02 31.20 -67.50 59.05 22.52
10:13:03 31.80 -69.90 52.51 22.46
10:13:03 29.85 -75.60 30.73 22.43
10:13:03 30.60 -68.55 3.39 22.48
10:13:03 33.90 -32.40 -8.23 22.28
10:13:04 31.35 -30.45 -7.74 22.50
10:13:04 32.70 -30.45 -6.78 22.48
10:13:04 34.35 -20.85 -3.87 22.28
10:13:05 35.55 1.05 6.78 22.35
10:13:05 37.80 1.65 12.34 22.50
10:13:05 36.00 9.30 51.55 22.39
10:13:05 35.10 -5.70 67.76 22.52
10:13:06 38.10 -17.10 74.05 22.32
10:13:06 35.70 -57.60 57.11 22.37
10:13:06 35.70 -71.70 43.80 22.37
10:13:06 35.55 -73.05 23.96 22.32
10:13:07 35.55 -64.65 10.89 22.50
10:13:07 36.30 -66.30 12.10 22.46
10:13:07 33.00 -54.45 -5.81 22.43
10:13:08 30.15 -20.70 -7.50 22.41
10:13:08 32.70 -17.10 -5.32 22.35
10:13:08 33.90 3.90 25.41 22.43
10:13:08 33.75 9.90 37.27 22.32
10:13:09 35.55 4.80 65.58 22.43
10:13:09 31.05 -34.20 76.23 22.48
10:13:09 33.45 -46.80 71.63 22.39
10:13:09 32.10 -72.00 40.90 22.50
10:13:10 29.85 -65.70 7.50 22.46
10:13:10 31.35 -62.10 4.36 22.30
10:13:10 27.00 -53.55 -9.44 22.59
10:13:11 18.75 -19.50 -10.65 22.46
10:13:11 20.55 -22.20 -9.44 22.43
10:13:11 21.90 -0.15 13.31 22.52
10:13:11 21.00 12.60 24.20 22.37
10:13:12 23.85 13.65 49.61 22.59
10:13:12 20.70 -8.55 73.81 22.39
10:13:12 23.85 -16.20 78.65 22.50
10:13:12 19.95 -66.75 66.55 22.46
10:13:13 21.30 -69.45 58.56 22.48
10:13:13 20.40 -77.55 14.76 22.43
10:13:13 21.60 -70.20 7.02 22.39
10:13:14 20.55 -66.00 1.45 22.39
10:13:14 15.75 -31.05 -9.20 22.48
10:13:14 14.70 -14.25 -8.23 22.35
10:13:14 14.40 -7.35 4.11 22.32
10:13:15 14.25 14.25 29.28 22.50
10:13:15 16.95 14.70 47.67 22.32
10:13:15 13.20 -12.15 75.50 22.52
10:13:15 16.50 -17.55 79.62 22.48
10:13:16 13.05 -64.50 69.45 22.48
10:13:16 16.05 -65.40 64.61 22.39
10:13:16 14.10 -72.15 11.37 22.37
10:13:16 15.45 -70.50 2.90 22.46
10:13:17 15.75 -29.85 -11.62 22.46
10:13:17 15.75 -25.65 -10.41 22.39
10:13:17 12.30 -1.05 7.99 22.37
10:13:18 11.10 13.05 27.35 22.28
10:13:18 11.40 9.45 72.36 22.65
10:13:18 11.25 -12.75 75.99 22.41
10:13:18 10.35 -59.55 66.79 22.39
10:13:19 10.80 -69.75 58.81 22.41
10:13:19 9.00 -68.70 6.78 22.43
10:13:19 11.85 -65.25 -0.73 22.46
10:13:19 11.85 -53.85 -6.53 22.35
10:13:20 11.25 -20.55 -6.53 22.57
10:13:20 13.05 -7.35 -2.18 22.74
10:13:20 9.00 13.80 34.85 22.41
10:13:21 8.85 11.55 69.21 22.61
10:13:21 6.90 -21.45 79.38 22.32
10:13:21 6.15 -66.45 65.34 22.46
10:13:21 9.15 -72.60 34.36 22.37
10:13:22 9.00 -76.35 18.15 22.52
10:13:22 9.75 -46.50 -9.68 22.57
10:13:22 11.10 -39.30 -9.44 22.48
10:13:22 12.60 2.55 5.57 22.37
10:13:23 13.20 9.90 53.97 22.48
10:13:23 13.65 4.35 75.50 22.50
10:13:23 14.10 -48.75 76.47 22.21
10:13:24 12.00 -78.45 31.46 22.46
10:13:24 13.65 -75.45 -4.11 22.50
10:13:24 15.90 -44.25 -10.41 22.41
10:13:24 14.25 -26.10 -1.69 22.39
10:13:25 17.70 2.10 3.87 22.37
10:13:25 13.65 10.50 50.09 22.35
10:13:25 17.40 4.80 74.78 22.50
10:13:25 15.15 -42.75 78.41 22.52
10:13:26 15.60 -71.10 43.80 22.43
10:13:26 16.95 -78.30 34.12 22.46
10:13:26 16.95 -57.45 -3.39 22.48
10:13:26 19.50 -18.00 -6.29 22.54
10:13:27 21.60 -4.20 19.84 22.50
10:13:27 22.95 13.35 35.57 22.48
10:13:27 21.45 -14.55 75.75 22.61
10:13:28 25.20 -29.25 73.57 22.61
10:13:28 25.95 -63.60 65.58 22.46
10:13:28 25.80 -75.60 12.58 22.39
10:13:28 28.95 -69.60 8.71 22.35
10:13:29 28.05 -27.75 -8.47 22.46
10:13:29 29.85 -14.70 17.18 22.54
10:13:29 34.05 9.75 29.52 22.52
10:13:29 31.05 -1.20 63.65 22.50
10:13:30 34.20 -18.45 73.57 22.59
10:13:30 37.20 -47.85 70.42 22.57
10:13:30 35.25 -72.45 39.45 22.57
10:13:31 38.25 -71.25 11.62 22.43
10:13:31 39.30 -59.25 7.02 22.32
10:13:31 37.65 -25.65 -5.08 22.46
10:13:31 34.35 -12.45 11.62 22.52
10:13:32 30.75 3.00 22.51 22.57
10:13:32 31.50 8.25 53.48 22.52
10:13:32 28.95 -22.50 77.44 22.54
10:13:32 29.85 -55.80 53.97 22.28
10:13:33 26.25 -74.55 43.80 22.30
10:13:33 28.20 -64.35 5.08 22.46
10:13:33 34.80 -32.70 -5.32 22.52
10:13:34 37.80 -14.55 6.05 22.57
10:13:34 40.50 1.50 19.60 22.35
10:13:34 46.65 -3.15 51.06 22.35
10:13:34 49.95 -12.75 65.10 22.32
10:13:35 50.40 -32.55 63.89 22.43
10:13:35 48.60 -60.75 40.90 22.43
10:13:35 49.05 -61.95 14.52 22.65
10:13:35 49.95 -52.80 12.58 22.54
10:13:36 49.35 -19.35 6.29 22.48
10:13:36 47.85 -12.75 24.44 22.41
10:13:36 47.85 -0.60 28.56 22.59
10:13:37 48.75 -7.05 55.18 22.50
10:13:37 47.70 -35.40 67.03 22.59
10:13:37 47.70 -37.95 63.65 22.65
10:13:37 45.75 -51.75 61.23 22.61
10:13:38 44.70 -65.55 42.59 22.41
10:13:38 43.80 -65.10 16.46 22.32
10:13:38 43.65 -61.95 12.83 22.39
10:13:38 46.05 -37.80 1.21 22.46
10:13:39 45.60 -20.40 7.99 22.59
10:13:39 46.20 -10.65 10.89 22.43
10:13:39 45.60 4.05 34.85 22.37
10:13:40 41.85 -3.45 65.10 22.50
10:13:40 39.90 -6.90 66.55 22.30
10:13:40 38.85 -39.45 71.39 22.48
10:13:40 40.35 -69.15 45.01 22.63
10:13:41 40.05 -70.35 30.25 22.63
10:13:41 39.00 -62.25 9.68 22.48
10:13:41 41.85 -27.60 -2.66 22.54
10:13:41 41.10 -12.30 12.10 22.43
10:13:42 38.70 0.75 17.18 22.39
10:13:42 38.70 4.35 51.55 22.61
10:13:42 37.65 -29.55 75.75 22.48
10:13:43 36.75 -35.55 72.36 22.54
10:13:43 32.10 -60.45 65.34 22.61
10:13:43 33.15 -74.70 36.54 22.54
10:13:43 32.85 -68.55 -2.66 22.61
10:13:44 30.60 -56.25 -5.08 22.43
10:13:44 29.55 -11.10 -4.36 22.52
10:13:44 29.25 12.15 31.22 22.57
10:13:44 25.95 13.80 45.98 22.43
10:13:45 23.25 4.20 62.68 22.48
10:13:45 19.35 -36.75 80.83 22.68
10:13:45 18.00 -47.70 55.18 22.61
10:13:45 16.05 -76.50 36.06 22.57
10:13:46 15.45 -66.15 3.15 22.61
10:13:46 15.15 -40.95 -10.16 22.37
10:13:46 14.40 -12.45 -9.20 22.59
10:13:47 13.95 10.80 10.65 22.59
10:13:47 13.35 13.05 47.67 22.54
10:13:47 12.60 6.90 76.47 22.63
10:13:47 14.25 -12.90 79.62 22.70
10:13:48 9.90 -45.60 75.02 22.68
10:13:48 13.65 -59.85 69.94 22.41
10:13:48 6.90 -78.00 39.20 22.65
10:13:48 6.90 -67.65 9.68 22.54
10:13:49 9.90 -42.30 -11.62 22.35
10:13:49 13.35 -25.95 -3.87 22.52
10:13:49 13.95 2.25 7.50 22.43
10:13:50 17.10 13.95 28.07 22.57
10:13:50 16.50 -1.65 66.55 22.54
10:13:50 17.55 -26.85 80.10 22.52
10:13:50 17.40 -39.00 72.60 22.52
10:13:51 18.45 -61.50 63.16 22.46
10:13:51 17.70 -77.10 42.59 22.52
10:13:51 18.75 -64.20 5.08 22.50
10:13:51 21.60 -28.95 -10.65 22.59
10:13:52 23.40 -18.15 2.18 22.59
10:13:52 26.85 0.00 18.63 22.61
10:13:52 30.00 11.25 32.67 22.77
10:13:53 31.35 -4.80 67.76 22.59
10:13:53 30.75 -34.95 76.96 22.59
10:13:53 32.70 -47.25 67.76 22.74
10:13:53 34.65 -56.85 46.95 22.52
10:13:54 35.85 -71.85 30.98 22.48
10:13:54 36.15 -55.65 1.94 22.43
10:13:54 38.40 -18.15 1.69 22.61
10:13:54 40.65 -5.55 4.11 22.37
10:13:55 35.85 8.55 37.03 22.54
10:13:55 34.80 -11.85 71.15 22.54
10:13:55 35.85 -27.45 70.18 22.41
10:13:56 34.65 -52.95 64.61 22.52
10:13:56 36.15 -71.70 37.99 22.65
10:13:56 40.05 -59.55 11.13 22.52
10:13:56 43.20 -29.85 0.97 22.50
10:13:57 45.00 -18.30 12.10 22.54
10:13:57 48.30 -7.80 22.99 22.46
10:13:57 50.40 -3.30 36.54 22.68
10:13:57 50.70 -15.60 58.08 22.52
10:13:58 51.15 -29.70 62.19 22.63
10:13:58 52.50 -36.00 57.35 22.41
10:13:58 49.65 -55.80 51.79 22.57
10:13:58 49.50 -60.75 29.77 22.39
10:13:59 51.75 -57.75 15.25 22.59
10:13:59 53.25 -39.60 10.41 22.52
10:13:59 54.00 -18.60 14.04 22.54
10:14:00 54.45 -8.10 40.41 22.39
10:14:00 55.50 -10.50 49.37 22.43
10:14:00 54.90 -21.30 53.72 22.39
10:14:00 54.60 -49.20 48.64 22.57
10:14:01 56.10 -50.25 31.22 22.54
10:14:01 55.50 -52.50 31.70 22.65
10:14:01 55.20 -41.55 15.49 22.77
10:14:01 56.10 -36.30 13.55 22.77
10:14:02 56.40 -14.85 21.05 22.74
10:14:02 55.95 -13.20 50.34 22.41
10:14:02 55.05 -14.55 56.39 22.79
10:14:03 53.10 -33.15 60.74 22.70
10:14:03 51.90 -50.40 54.69 22.52
10:14:03 51.90 -58.05 30.01 22.63
10:14:03 52.35 -58.50 26.38 22.57
10:14:04 53.70 -45.45 13.55 22.37
10:14:04 53.70 -17.55 14.52 22.70
10:14:04 54.15 -17.40 19.36 22.59
10:14:04 53.40 -6.00 39.93 22.65
10:14:05 51.90 -30.75 63.65 22.77
10:14:05 49.65 -33.60 62.68 22.57
10:14:05 48.60 -48.45 58.08 22.59
10:14:06 48.90 -62.55 33.88 22.52
10:14:06 47.55 -52.05 10.16 22.43
10:14:06 49.20 -48.45 6.29 22.52
10:14:06 49.80 -25.80 4.36 22.70
10:14:07 47.85 0.30 22.99 22.61
10:14:07 47.55 1.65 51.30 22.74
10:14:07 46.20 -7.35 60.02 22.68
10:14:07 42.15 -33.90 71.39 22.52
10:14:08 43.20 -43.65 54.21 22.70
10:14:08 42.90 -62.40 53.48 22.65
10:14:08 41.85 -68.40 28.31 22.68
10:14:09 42.30 -64.65 3.63 22.68
10:14:09 43.20 -51.75 3.15 22.79
10:14:09 43.65 -23.40 -0.97 22.61
10:14:09 42.30 1.05 12.10 22.63
10:14:10 41.85 3.30 37.27 22.61
10:14:10 41.70 6.90 39.20 22.68
10:14:10 41.25 5.10 49.13 22.54
10:14:10 41.10 4.80 47.43 22.68
10:14:11 38.85 -3.15 63.65 22.92
10:14:11 39.15 -19.05 70.18 22.57
10:14:11 38.40 -36.00 72.84 22.57
10:14:12 37.80 -42.15 67.03 22.90
10:14:12 34.65 -62.40 60.26 22.74
10:14:12 32.55 -74.85 32.91 22.83
10:14:12 30.15 -74.25 4.84 22.77
10:14:13 28.35 -61.95 -0.73 22.83
10:14:13 31.95 -33.30 -7.26 22.72
10:14:13 35.25 -1.20 13.07 22.59
10:14:13 36.30 3.15 21.05 22.70
10:14:14 35.10 9.60 42.35 22.61
10:14:14 35.70 -6.60 68.49 22.74
10:14:14 32.40 -8.70 75.26 22.68
10:14:14 30.30 -46.80 75.26 22.81
10:14:15 28.35 -76.35 40.90 22.83
10:14:15 26.25 -76.05 1.45 22.79
10:14:15 25.65 -52.65 -6.29 22.79
10:14:16 26.25 -42.90 -7.50 22.59
10:14:16 29.55 -16.50 -5.57 22.59
10:14:16 30.60 4.05 9.44 22.79
10:14:16 30.00 11.55 38.48 22.59
10:14:17 28.95 4.95 71.63 22.79
10:14:17 27.90 -7.80 75.50 22.68
10:14:17 23.40 -46.95 76.96 22.77
10:14:17 21.45 -74.85 53.24 22.65
10:14:18 21.00 -76.20 20.33 22.59
10:14:18 21.75 -74.40 14.76 22.74
10:14:18 24.15 -52.50 -5.81 22.88
10:14:19 25.20 -27.75 -6.29 22.48
10:14:19 25.35 -16.95 -5.81 22.59
10:14:19 26.25 10.50 19.84 22.57
10:14:19 24.60 5.70 57.11 22.79
10:14:20 22.20 4.65 75.50 22.74
10:14:20 20.85 -19.65 77.92 22.70
10:14:20 20.85 -61.05 71.63 22.57
10:14:20 21.00 -64.35 38.24 22.72
10:14:21 19.65 -77.40 26.14 22.77
10:14:21 23.25 -47.25 -7.26 22.79
10:14:21 23.85 -23.40 -5.81 22.61
10:14:22 23.55 -11.10 -1.45 22.63
10:14:22 26.85 12.60 31.46 22.83
10:14:22 25.50 -3.60 69.45 22.48
10:14:22 24.60 -3.15 71.87 22.65
10:14:23 21.15 -45.60 77.92 22.70
10:14:23 22.35 -75.75 41.14 22.70
10:14:23 21.90 -77.10 7.74 22.70
10:14:23 23.85 -47.40 -7.74 22.70
10:14:24 25.35 -8.25 -4.60 22.57
10:14:24 24.75 -3.00 21.30 22.63
10:14:24 27.75 12.00 42.83 22.72
10:14:25 27.00 -13.50 74.29 22.77
10:14:25 26.85 -29.70 73.57 22.65
10:14:25 27.45 -52.65 72.84 22.70
10:14:25 26.25 -74.10 45.98 22.85
10:14:26 29.70 -56.55 -0.73 22.59
10:14:26 31.20 -50.10 -7.26 22.35
10:14:26 31.80 -28.20 -7.74 22.70
10:14:26 33.30 3.30 12.58 22.57
10:14:27 36.00 7.95 49.85 22.70
10:14:27 34.35 7.20 51.79 22.92
10:14:27 34.65 -25.05 75.26 22.79
10:14:27 33.45 -45.90 61.47 22.81
10:14:28 34.20 -64.20 55.90 22.68
10:14:28 34.05 -71.25 20.33 22.74
10:14:28 36.45 -35.85 -3.87 22.77
10:14:29 38.55 -31.05 5.32 22.83
10:14:29 40.05 -1.05 12.10 22.65
10:14:29 42.30 -1.05 53.24 22.61
10:14:29 43.50 -17.55 69.21 22.74
10:14:30 42.30 -44.40 69.45 22.77
10:14:30 39.90 -69.75 36.06 22.57
10:14:30 41.70 -64.05 -0.48 22.81
10:14:30 44.25 -36.15 -0.73 22.77
10:14:31 45.00 -5.10 10.41 22.59
10:14:31 44.40 0.90 45.01 22.70
10:14:31 46.95 -0.75 53.48 22.68
10:14:32 47.85 -26.85 66.55 22.81
10:14:32 47.55 -54.15 58.08 22.65
10:14:32 48.30 -56.40 37.75 22.57
10:14:32 48.75 -59.55 23.23 22.72
10:14:33 50.85 -36.45 8.23 22.63
10:14:33 52.65 -26.10 13.55 22.77
10:14:33 57.60 -28.50 19.84 22.65
10:14:33 58.35 -25.95 24.44 22.79
10:14:34 59.55 -25.80 33.40 22.63
10:14:34 59.85 -22.35 31.94 22.41
10:14:34 60.15 -23.25 36.30 22.81
10:14:35 60.15 -29.25 43.56 22.79
10:14:35 60.15 -27.00 46.71 22.70
10:14:35 57.75 -35.85 48.64 22.77
10:14:35 58.20 -46.35 42.35 22.79
10:14:36 58.20 -46.20 28.31 22.81
10:14:36 57.15 -48.45 24.93 22.79
10:14:36 57.15 -36.90 15.25 22.85
10:14:36 57.75 -15.90 23.96 22.70
10:14:37 57.30 -15.75 32.91 22.57
10:14:37 56.40 -9.45 39.45 22.74
10:14:37 56.25 -28.35 57.60 22.94
10:14:37 54.00 -34.95 53.24 22.88
10:14:38 51.45 -48.90 55.18 22.85
10:14:38 52.35 -59.25 31.70 22.77
10:14:38 51.00 -53.70 8.23 22.74
10:14:39 50.10 -44.70 8.71 22.74
10:14:39 51.60 -6.60 16.46 22.90
10:14:39 48.75 -2.85 37.99 22.94
10:14:39 48.00 -4.20 51.30 22.68
10:14:40 48.60 -32.85 68.24 22.79
10:14:40 45.00 -32.55 66.55 22.90
10:14:40 44.70 -61.65 52.51 22.90
10:14:40 44.40 -59.10 11.13 22.83
10:14:41 45.90 -57.15 9.20 22.99
10:14:41 46.95 -23.40 1.69 22.94
10:14:41 48.90 -10.65 26.38 22.79
10:14:42 48.75 -1.05 42.59 22.92
10:14:42 47.55 -1.65 53.72 22.85
10:14:42 43.80 -37.50 71.15 22.72
10:14:42 41.10 -42.75 67.28 22.85
10:14:43 41.70 -68.85 37.51 22.90
10:14:43 44.40 -51.90 0.24 22.90
10:14:43 46.05 -34.20 0.73 22.88
10:14:43 44.70 -33.30 0.00 22.88
10:14:44 46.50 -3.75 15.49 22.72
10:14:44 47.25 -5.55 26.62 22.92
10:14:44 46.65 -9.90 62.19 22.85
10:14:45 45.60 -33.75 58.81 22.92
10:14:45 42.60 -59.85 56.14 22.81
10:14:45 43.65 -56.25 10.41 22.85
10:14:45 43.35 -57.90 7.02 22.81
10:14:46 43.05 -21.00 -0.97 22.88
10:14:46 44.25 2.70 41.87 22.94
10:14:46 44.40 3.00 40.17 22.96
10:14:46 43.80 -46.80 67.03 22.79
10:14:47 43.65 -51.30 56.87 22.88
10:14:47 42.75 -58.35 8.95 22.94
10:14:47 43.50 -54.90 6.05 22.90
10:14:48 42.45 -24.00 0.97 22.90
10:14:48 43.65 2.25 23.72 22.74
10:14:48 45.90 3.75 32.43 22.88
10:14:48 42.30 0.75 60.02 22.83
10:14:49 42.00 -23.25 70.66 22.88
10:14:49 42.00 -27.75 70.66 22.94
10:14:49 40.50 -69.00 44.77 22.88
10:14:49 39.15 -69.60 37.27 22.88
10:14:50 39.30 -56.10 -1.21 22.72
10:14:50 42.30 -28.50 -2.18 22.85
10:14:50 42.60 -28.50 -2.18 22.99
10:14:51 42.15 0.15 44.77 22.92
10:14:51 39.90 2.55 51.79 22.94
10:14:51 43.05 -1.05 65.10 22.94
10:14:51 40.80 -51.45 63.89 22.92
10:14:52 38.55 -56.10 64.37 23.05
10:14:52 38.25 -69.45 30.98 22.92
10:14:52 37.35 -67.20 16.46 22.92
10:14:52 37.65 -63.30 -2.18 22.85
10:14:53 40.65 -27.00 -2.90 23.01
10:14:53 42.90 -24.30 -0.24 23.05
10:14:53 41.10 2.40 43.56 23.05
10:14:53 40.35 1.20 53.72 22.88
10:14:54 41.70 -24.90 69.94 22.94
10:14:54 41.70 -43.20 68.73 22.72
10:14:54 41.85 -68.25 36.30 22.85
10:14:55 42.60 -68.10 29.28 22.90
10:14:55 42.75 -44.85 -0.24 22.94
10:14:55 44.85 -26.70 0.48 23.03
10:14:55 45.75 -25.35 1.21 22.77
10:14:56 46.20 -20.55 4.11 22.92
10:14:56 47.55 -1.35 59.29 22.85
10:14:56 47.85 -11.70 60.74 23.01
10:14:56 48.15 -19.80 67.28 22.94
10:14:57 46.95 -39.30 65.58 23.10
10:14:57 47.55 -47.85 47.43 23.03
10:14:57 47.10 -62.10 45.01 22.92
10:14:58 47.55 -60.00 18.63 22.90
10:14:58 47.70 -57.45 16.46 22.88
10:14:58 48.90 -23.85 5.32 22.96
10:14:58 50.10 -23.25 8.47 22.88
10:14:59 54.30 -22.05 15.97 22.94
10:14:59 55.95 -10.95 37.27 23.10
10:14:59 56.25 -12.90 48.88 22.96
10:15:00 56.10 -28.20 53.24 23.03
10:15:00 56.70 -48.90 36.30 23.12
10:15:00 56.85 -49.20 29.04 23.05
10:15:00 56.85 -37.80 17.42 22.92
10:15:01 57.90 -22.65 26.62 23.10
10:15:01 58.50 -21.00 25.41 22.88
10:15:01 58.50 -20.85 27.83 23.08
10:15:01 59.55 -23.25 29.77 23.10
10:15:02 60.15 -22.05 36.06 23.05
10:15:02 60.15 -24.15 40.17 22.72
10:15:02 60.45 -32.70 41.14 22.96
10:15:02 60.30 -37.95 35.09 23.16
10:15:03 59.70 -39.75 28.31 23.01
10:15:03 60.15 -32.40 31.70 23.01
10:15:03 60.60 -26.70 31.22 22.92
10:15:04 59.70 -20.85 36.78 22.96
10:15:04 59.10 -22.65 43.56 23.03
10:15:04 59.25 -36.75 45.25 22.94
10:15:04 58.50 -45.15 36.06 23.01
10:15:05 57.60 -47.10 28.56 22.94
10:15:05 57.75 -39.45 20.09 23.05
10:15:05 58.05 -27.15 19.12 22.92
10:15:05 58.35 -17.55 29.04 23.21
10:15:06 58.50 -16.65 37.75 23.03
10:15:06 57.90 -20.70 47.67 23.08
10:15:06 57.15 -22.20 51.06 22.94
10:15:07 56.40 -24.45 53.24 23.08
10:15:07 56.40 -32.70 54.93 23.01
10:15:07 56.10 -41.25 52.27 23.05
10:15:07 55.20 -50.85 44.04 23.08
10:15:08 54.30 -54.15 33.15 22.96
10:15:08 54.45 -55.05 27.59 22.99
10:15:08 52.80 -53.40 21.54 23.10
10:15:08 53.25 -43.05 11.37 22.99
10:15:09 53.10 -30.90 8.95 23.08
10:15:09 54.15 -16.65 17.42 23.08
10:15:09 54.60 -10.20 32.67 23.14
10:15:09 53.85 -7.20 48.88 23.08
10:15:10 54.90 -18.15 55.18 22.99
10:15:10 54.00 -38.55 56.63 23.14
10:15:10 52.80 -55.50 39.69 23.14
10:15:11 53.55 -53.40 24.44 23.10
10:15:11 52.35 -54.60 20.81 22.90
10:15:11 51.45 -45.30 10.16 23.10
10:15:11 51.45 -32.85 6.78 23.01
10:15:12 52.50 -12.45 19.60 23.10
10:15:12 51.90 -4.80 34.12 22.96
10:15:12 51.30 -6.15 46.71 22.96
10:15:12 51.30 -21.45 60.50 23.08
10:15:13 52.35 -32.40 60.02 23.16
10:15:13 51.60 -49.80 51.30 22.99
10:15:13 50.85 -58.05 37.99 23.05
10:15:14 52.80 -53.25 19.36 23.05
10:15:14 53.10 -38.85 13.07 23.12
10:15:14 56.40 -31.50 18.39 22.88
10:15:14 58.20 -24.90 24.68 22.90
10:15:15 59.55 -19.20 34.85 23.14
10:15:15 59.25 -22.95 40.90 23.01
10:15:15 59.25 -30.15 44.53 23.03
10:15:15 60.15 -38.25 34.61 23.14
10:15:16 59.70 -38.10 29.52 23.23
10:15:16 60.00 -29.70 26.62 22.92
10:15:16 60.00 -26.10 31.94 23.01
10:15:17 60.45 -21.90 36.78 23.08
10:15:17 59.85 -25.95 42.35 23.08
10:15:17 57.75 -36.15 49.37 23.16
10:15:17 56.25 -49.35 42.59 23.21
10:15:18 55.35 -53.55 33.40 23.12
10:15:18 56.40 -43.80 19.84 23.12
10:15:18 58.20 -30.60 20.81 23.16
10:15:18 58.35 -20.85 29.77 23.08
10:15:19 58.80 -16.80 45.98 23.14
10:15:19 57.45 -27.30 54.45 23.14
10:15:19 56.25 -45.75 45.25 23.03
10:15:20 56.55 -50.40 28.31 23.12
10:15:20 58.20 -39.90 22.02 23.12
10:15:20 59.40 -34.20 33.88 23.01
10:15:20 56.25 -10.95 59.77 22.96
10:15:21 35.55 -9.75 71.87 22.99
10:15:21 26.70 -15.45 75.02 23.21
10:15:21 20.40 -27.75 78.65 23.05
10:15:21 10.50 -45.30 75.99 23.03
10:15:22 12.00 -67.50 61.47 23.12
10:15:22 10.35 -69.60 5.81 23.14
10:15:22 8.55 -29.70 -10.89 23.16
10:15:22 9.90 -3.15 16.21 23.36
10:15:23 11.40 12.60 53.72 23.05
10:15:23 11.85 4.95 77.20 23.05
10:15:23 11.10 -35.25 73.08 23.08
10:15:24 8.85 -71.55 48.16 23.08
10:15:24 8.85 -74.40 12.83 23.23
10:15:24 10.35 -46.35 -9.68 23.05
10:15:24 11.25 -12.45 -5.57 23.14
10:15:25 12.00 13.95 31.70 23.23
10:15:25 8.85 5.40 60.26 23.01
10:15:25 7.95 -18.15 77.92 23.08
10:15:25 4.35 -44.40 72.84 23.05
10:15:26 2.55 -72.75 29.28 23.32
10:15:26 3.45 -73.05 -1.21 23.03
10:15:26 8.55 -53.55 -10.41 23.01
10:15:27 12.00 -19.05 6.05 23.16
10:15:27 14.85 12.15 35.57 23.03
10:15:27 13.35 -0.15 70.66 23.19
10:15:27 10.65 -32.25 79.86 23.10
10:15:28 7.65 -73.05 53.24 23.21
10:15:28 8.25 -75.45 19.60 23.08
10:15:28 8.40 -61.20 2.42 23.25
10:15:28 7.35 -50.85 -10.89 23.12
10:15:29 8.40 -26.40 2.42 23.03
10:15:29 9.45 5.70 20.57 23.12
10:15:29 9.00 10.20 53.24 23.08
10:15:30 5.85 -19.35 77.68 23.05
10:15:30 3.90 -65.85 64.37 23.08
10:15:30 0.45 -72.90 23.47 23.14
10:15:30 1.35 -57.90 -7.26 23.08
10:15:31 1.05 -34.05 -2.66 23.08
10:15:31 2.55 -5.25 19.84 23.19
10:15:31 4.65 12.30 45.74 23.27
10:15:31 4.20 -4.20 70.66 23.23
10:15:32 1.50 -37.95 77.44 23.25
10:15:32 0.75 -73.80 46.95 23.14
10:15:32 -1.20 -75.75 23.72 23.16
10:15:33 -6.30 -63.30 3.39 23.41
10:15:33 -6.00 -34.20 -7.50 23.41
10:15:33 -5.40 -10.65 5.57 23.41
10:15:33 -5.85 1.50 31.46 23.25
10:15:34 -4.50 10.05 44.53 23.27
10:15:34 -4.35 8.40 46.46 23.16
10:15:34 -4.35 -6.60 71.15 23.25
10:15:34 -6.15 -52.95 67.76 23.23
10:15:35 -8.55 -73.05 31.46 23.32
10:15:35 -10.35 -57.75 9.20 23.30
10:15:35 -11.10 -25.05 -2.66 23.19
10:15:36 -10.65 1.05 7.50 23.19
10:15:36 -10.65 5.70 38.48 23.25
10:15:36 -11.55 -18.00 66.79 23.27
10:15:36 -13.65 -47.10 70.18 23.25
10:15:37 -15.15 -65.55 47.19 23.14
10:15:37 -16.65 -62.10 20.33 23.36
10:15:37 -17.40 -49.95 5.57 23.21
10:15:37 -18.75 -28.20 1.94 23.19
10:15:38 -19.20 -8.25 12.58 23.23
10:15:38 -17.70 0.00 44.29 23.34
10:15:38 -18.90 -8.55 62.19 23.12
10:15:38 -20.25 -28.20 59.77 23.30
10:15:39 -20.55 -56.25 36.78 23.45
10:15:39 -21.45 -61.20 12.34 23.30
10:15:39 -20.25 -43.80 2.66 23.41
10:15:40 -19.20 -23.10 12.34 23.36
10:15:40 -17.70 -0.90 34.61 23.23
10:15:40 -17.70 -7.95 55.66 23.45
10:15:40 -20.25 -41.85 61.23 23.21
10:15:41 -20.85 -58.80 48.40 23.34
10:15:41 -20.85 -54.75 12.58 23.27
10:15:41 -20.85 -37.05 4.60 23.30
10:15:41 -18.15 -6.00 18.39 23.32
10:15:42 -17.40 -1.95 45.98 23.21
10:15:42 -18.75 -31.50 64.86 23.27
10:15:42 -19.80 -61.05 40.90 23.19
10:15:43 -20.10 -58.65 13.55 23.38
10:15:43 -20.25 -42.90 5.57 23.08
10:15:43 -19.50 -18.45 10.41 23.27
10:15:43 -20.40 -11.10 13.55 23.16
10:15:44 -18.60 0.00 29.52 23.38
10:15:44 -17.55 -18.75 64.13 23.25
10:15:44 -18.30 -43.65 64.86 23.14
10:15:44 -19.05 -59.55 42.59 23.30
10:15:45 -17.10 -67.20 18.63 23.36
10:15:45 -14.40 -58.50 0.00 23.27
10:15:45 -12.30 -45.60 -4.60 23.36
10:15:46 -8.40 -21.75 0.73 23.16
10:15:46 -6.15 1.65 18.15 23.25
10:15:46 -5.10 8.70 30.01 23.25
10:15:46 -1.95 -1.05 65.34 23.34
10:15:47 -3.30 -12.45 73.33 23.45
10:15:47 -7.80 -45.45 59.29 23.36
10:15:47 -8.85 -67.20 20.81 23.12
10:15:47 -5.70 -34.65 -4.84 23.25
10:15:48 -5.10 -4.50 3.39 23.41
10:15:48 -2.70 10.65 32.91 23.25
10:15:48 -2.55 10.35 59.29 23.34
10:15:48 2.10 -10.65 70.91 23.34
10:15:49 1.95 -56.10 74.54 23.47
10:15:49 0.30 -59.85 42.35 23.36
10:15:49 3.75 -72.30 42.35 23.27
10:15:50 6.45 -55.20 -7.02 23.41
10:15:50 1.80 -19.20 9.92 23.16
10:15:50 4.95 8.85 21.78 23.36
10:15:50 5.85 -5.85 71.87 23.56
10:15:51 4.95 -33.90 72.84 23.38
10:15:51 6.15 -63.75 64.86 23.19
10:15:51 5.25 -76.80 22.26 23.47
10:15:51 3.75 -66.15 -9.68 23.36
10:15:52 6.60 -36.30 -10.16 23.36
10:15:52 8.40 -21.90 -9.92 23.45
10:15:52 5.85 1.65 13.31 23.32
10:15:53 7.35 11.55 56.87 23.27
10:15:53 9.30 -12.60 74.78 23.45
10:15:53 8.40 -50.40 64.86 23.38
10:15:53 6.60 -66.00 65.34 23.32
10:15:54 6.00 -68.55 60.74 23.38
10:15:54 2.70 -76.20 37.99 23.38
10:15:54 -1.05 -71.10 12.83 23.30
10:15:54 -0.60 -68.55 9.20 23.27
10:15:55 -1.95 -50.25 -6.29 23.38
10:15:55 5.25 -13.05 -3.15 23.52
10:15:55 2.40 7.80 19.84 23.41
10:15:56 4.80 13.05 37.51 23.56
10:15:56 6.30 -0.75 72.36 23.54
10:15:56 3.30 -39.75 76.47 23.43
10:15:56 1.95 -65.55 58.81 23.25
10:15:57 -2.40 -72.90 35.82 23.36
10:15:57 2.70 -75.45 10.89 23.43
10:15:57 -0.60 -52.05 -5.32 23.52
10:15:57 2.10 -26.10 -8.95 23.34
10:15:58 2.55 -3.90 -0.97 23.56
10:15:58 1.65 9.60 20.09 23.21
10:15:58 1.95 10.50 50.58 23.52
10:15:59 3.30 2.70 71.15 23.65
10:15:59 3.00 -15.00 78.17 23.45
10:15:59 2.55 -36.30 73.81 23.45
10:15:59 -0.75 -63.15 60.74 23.50
10:16:00 -2.10 -74.25 24.93 23.34
10:16:00 -0.75 -53.40 -5.81 23.38
10:16:00 -1.05 -35.70 -5.81 23.43
10:16:00 -0.75 -10.95 7.02 23.67
10:16:01 0.30 10.35 22.99 23.30
10:16:01 1.65 8.70 51.06 23.36
10:16:01 -0.15 -30.30 76.96 23.34
10:16:02 -3.75 -67.20 49.85 23.56
10:16:02 -1.35 -72.60 39.69 23.43
10:16:02 -2.10 -67.50 6.05 23.61
10:16:02 -2.70 -30.00 -7.26 23.41
10:16:03 -3.90 0.15 8.95 23.36
10:16:03 -2.70 7.35 37.03 23.38
10:16:03 -1.35 8.55 64.13 23.41
10:16:03 1.05 -7.35 75.50 23.36
10:16:04 -4.50 -48.75 70.91 23.41
10:16:04 -5.25 -73.35 46.71 23.72
10:16:04 -4.05 -63.75 7.26 23.50
10:16:05 -6.00 -40.65 -5.81 23.41
10:16:05 -7.95 -45.60 -2.18 23.63
10:16:05 -6.75 -19.95 -4.84 23.56
10:16:05 -7.20 2.85 17.91 23.43
10:16:06 -9.90 4.05 48.40 23.69
10:16:06 -12.15 -4.80 69.21 23.52
10:16:06 -7.20 -29.40 70.18 23.65
10:16:06 -10.05 -53.10 58.32 23.52
10:16:07 -4.35 -74.10 31.70 23.72
10:16:07 -4.80 -67.50 8.47 23.54
10:16:07 -4.35 -38.70 -5.81 23.54
10:16:07 -9.15 -36.15 -4.36 23.74
10:16:08 -11.70 -30.90 -2.90 23.56
10:16:08 -8.85 3.30 15.97 23.41
10:16:08 -8.55 4.35 47.67 23.43
10:16:09 -7.80 -13.80 69.45 23.36
10:16:09 -6.45 -47.55 68.49 23.36
10:16:09 -9.30 -68.25 38.72 23.54
10:16:09 -12.45 -69.45 12.10 23.61
10:16:10 -8.85 -64.50 2.42 23.34
10:16:10 -11.85 -36.30 -2.66 23.63
10:16:10 -10.95 -34.05 -1.69 23.54
10:16:10 -16.05 -13.35 5.81 23.34
10:16:11 -13.35 3.45 35.09 23.54
10:16:11 -14.55 -0.15 60.26 23.65
10:16:11 -13.50 -11.55 68.97 23.67
10:16:12 -14.70 -43.20 63.16 23.78
10:16:12 -16.05 -67.80 37.99 23.63
10:16:12 -17.10 -63.30 14.52 23.61
10:16:12 -17.85 -46.80 3.39 23.47
10:16:13 -17.10 -42.15 2.18 23.47
10:16:13 -19.95 -12.15 11.62 23.56
10:16:13 -18.75 -1.65 29.77 23.74
10:16:13 -18.75 -6.75 50.34 23.54
10:16:14 -19.20 -26.70 64.37 23.65
10:16:14 -18.75 -40.50 58.08 23.50
10:16:14 -19.35 -55.05 42.35 23.52
10:16:15 -19.80 -64.20 16.94 23.36
10:16:15 -20.25 -51.45 5.08 23.69
10:16:15 -20.55 -25.20 7.74 23.72
10:16:15 -20.40 -21.45 5.81 23.69
10:16:16 -19.35 -11.10 19.12 23.41
10:16:16 -17.70 0.60 34.61 23.56
10:16:16 -19.65 -6.15 54.93 23.58
10:16:16 -19.35 -35.85 64.86 23.63
10:16:17 -20.70 -55.65 54.45 23.78
10:16:17 -19.05 -63.30 21.54 23.50
10:16:17 -20.40 -53.85 5.08 23.50
10:16:17 -18.75 -41.85 1.21 23.65
10:16:18 -18.45 -24.90 3.39 23.65
10:16:18 -16.50 -4.35 17.42 23.69
10:16:18 -18.60 -2.40 21.30 23.56
10:16:19 -17.55 0.45 40.17 23.47
10:16:19 -18.75 -13.05 63.16 23.45
10:16:19 -18.15 -42.90 62.92 23.65
10:16:19 -17.40 -64.80 40.17 23.61
10:16:20 -16.50 -57.15 9.92 23.81
10:16:20 -16.50 -34.65 0.48 23.81
10:16:20 -14.40 -20.25 5.81 23.56
10:16:20 -14.40 -3.75 10.65 23.56
10:16:21 -14.85 -3.15 14.76 23.69
10:16:21 -10.95 1.95 29.77 23.78
10:16:21 -9.30 4.05 60.74 23.74
10:16:22 -10.50 -30.15 72.84 23.43
10:16:22 -10.20 -64.35 50.58 23.54
10:16:22 -12.60 -66.90 16.94 23.47
10:16:22 -11.25 -48.60 -2.18 23.76
10:16:23 -9.30 -18.15 -3.15 23.74
10:16:23 -6.60 -12.75 -0.73 23.67
10:16:23 -5.70 -11.85 -1.21 23.76
10:16:23 -7.65 -1.05 16.21 23.74
10:16:24 -0.30 9.30 61.71 23.74
10:16:24 0.00 -22.65 74.54 23.74
10:16:24 -5.25 -69.75 36.54 23.76
10:16:25 -4.05 -67.95 1.45 23.56
10:16:25 -4.05 -26.25 -6.29 23.72
10:16:25 -0.15 -2.70 3.15 23.61
10:16:25 0.90 -1.80 9.20 23.63
10:16:26 -3.90 8.70 19.60 23.54
10:16:26 2.85 7.80 16.70 23.58
10:16:26 7.05 9.60 61.47 23.76
10:16:26 7.65 -24.90 78.89 23.72
10:16:27 7.05 -55.35 65.34 23.69
10:16:27 7.05 -76.05 36.54 23.85
10:16:27 6.30 -62.55 -2.18 23.69
10:16:28 6.60 -38.10 -10.41 23.94
10:16:28 6.45 -34.65 -9.92 23.67
10:16:28 7.50 -33.45 -10.65 23.72
10:16:28 12.00 -21.45 -3.15 23.65
10:16:29 13.35 10.05 23.72 23.81
10:16:29 16.95 10.35 62.19 23.69
10:16:29 15.90 -22.35 79.62 23.89
10:16:29 12.15 -60.00 65.82 23.87
10:16:30 12.30 -78.15 28.07 23.94
10:16:30 11.10 -63.45 -1.69 23.83
10:16:30 12.30 -49.65 -8.47 23.81
10:16:31 13.95 -39.75 -10.89 23.76
10:16:31 9.00 -34.80 -9.92 23.76
10:16:31 8.70 2.25 2.90 23.61
10:16:31 5.70 13.65 34.85 23.78
10:16:32 10.35 1.95 69.70 23.72
10:16:32 7.50 -42.75 74.29 23.72
10:16:32 0.30 -68.25 50.09 23.74
10:16:32 -6.00 -69.60 4.36 23.78
10:16:33 0.15 -48.90 -7.99 23.78
10:16:33 -3.90 -31.20 -5.08 23.58
10:16:33 -2.85 4.50 18.15 23.78
10:16:33 -7.65 1.95 55.42 23.76
10:16:34 -8.55 -24.15 74.54 23.76
10:16:34 -9.15 -51.60 61.23 23.81
10:16:34 -10.80 -70.80 19.60 23.83
10:16:35 -7.35 -55.50 -3.63 23.72
10:16:35 -6.45 -17.40 -0.97 23.76
10:16:35 -8.25 7.20 36.78 23.83
10:16:35 -9.45 -4.65 63.89 23.76
10:16:36 -9.15 -38.25 72.12 23.83
10:16:36 -12.45 -66.15 31.94 23.76
10:16:36 -13.05 -61.35 -0.73 23.76
10:16:36 -13.65 -35.70 1.21 23.72
10:16:37 -9.75 1.65 18.88 23.81
10:16:37 -9.15 -8.40 67.03 23.72
10:16:37 -12.90 -27.00 70.42 23.98
10:16:38 -14.10 -65.25 49.13 24.05
10:16:38 -15.75 -61.65 11.86 23.83
10:16:38 -14.70 -48.15 1.69 23.83
10:16:38 -15.00 -38.85 3.15 23.94
10:16:39 -14.40 -9.00 17.67 23.92
10:16:39 -13.35 2.70 43.08 23.89
10:16:39 -17.40 -30.90 65.34 23.85
10:16:39 -20.25 -60.60 45.74 23.72
10:16:40 -21.90 -52.95 7.99 23.74
10:16:40 -22.35 -33.00 7.26 23.87
10:16:40 -20.40 -13.05 25.17 24.03
10:16:41 -19.20 -1.20 46.46 23.65
10:16:41 -19.35 -20.85 60.26 23.89
10:16:41 -22.95 -49.95 51.55 23.89
10:16:41 -23.25 -59.10 23.96 23.81
10:16:42 -23.40 -46.20 9.44 23.83
10:16:42 -22.95 -32.10 13.31 23.94
10:16:42 -24.00 -9.90 29.77 23.92
10:16:42 -27.00 -14.40 46.22 24.03
10:16:43 -26.40 -42.45 49.37 23.78
10:16:43 -28.80 -48.90 29.28 24.00
10:16:43 -28.20 -37.50 12.58 23.76
10:16:44 -27.45 -20.70 29.77 23.89
10:16:44 -29.25 -19.65 39.20 23.98
10:16:44 -30.15 -28.05 41.38 23.72
10:16:44 -30.45 -34.35 43.32 24.03
10:16:45 -30.60 -42.45 30.98 23.69
10:16:45 -30.75 -36.60 25.89 23.85
10:16:45 -30.75 -29.55 25.17 23.89
10:16:45 -30.15 -24.30 32.67 23.89
10:16:46 -30.60 -24.15 38.24 23.94
10:16:46 -30.45 -29.40 40.90 23.89
10:16:46 -31.35 -38.10 35.82 23.96
10:16:47 -30.75 -33.15 29.52 23.96
10:16:47 -30.90 -26.10 37.27 23.81
10:16:47 -30.75 -30.30 38.72 23.92
10:16:47 -31.05 -32.25 39.45 23.96
10:16:48 -31.50 -36.60 30.01 23.92
10:16:48 -31.05 -34.65 27.35 23.67
10:16:48 -31.20 -31.05 29.77 23.85
10:16:48 -30.75 -24.30 37.27 23.92
10:16:49 -30.60 -24.90 40.66 24.00
10:16:49 -29.70 -33.90 46.71 23.94
10:16:49 -29.70 -44.55 37.27 23.81
10:16:49 -30.15 -42.60 20.33 23.78
10:16:50 -28.35 -29.10 18.63 23.96
10:16:50 -29.55 -20.10 27.83 23.85
10:16:50 -28.35 -16.05 43.80 24.00
10:16:51 -27.15 -22.65 53.24 23.85
10:16:51 -26.25 -41.10 51.06 24.03
10:16:51 -25.65 -54.45 28.31 24.00
10:16:51 -25.20 -42.90 12.10 23.94
10:16:52 -24.00 -19.95 12.83 24.14
10:16:52 -23.85 -6.75 34.36 23.98
10:16:52 -23.70 -15.15 60.26 23.89
10:16:53 -23.25 -34.65 59.77 23.94
10:16:53 -20.25 -57.60 47.67 24.07
10:16:53 -18.15 -64.80 25.41 24.12
10:16:53 -17.40 -47.85 1.94 23.89
10:16:54 -18.00 -24.30 7.99 23.98
10:16:54 -19.65 -11.40 23.23 23.98
10:16:54 -19.65 -3.00 40.17 24.07
10:16:54 -21.90 -18.60 60.02 24.07
10:16:55 -22.35 -34.35 60.50 23.78
10:16:55 -23.85 -49.65 49.85 24.07
10:16:55 -26.10 -53.70 27.35 23.98
10:16:55 -25.35 -50.10 13.79 23.96
10:16:56 -23.25 -30.90 10.16 24.07
10:16:56 -23.10 -9.90 23.23 23.94
10:16:56 -22.80 -6.30 42.59 23.94
10:16:57 -24.30 -23.70 55.18 23.89
10:16:57 -26.85 -42.00 54.69 24.00
10:16:57 -25.20 -51.30 45.01 24.00
10:16:57 -21.75 -55.50 16.21 24.12
10:16:58 -24.00 -38.55 7.02 23.94
10:16:58 -21.60 -14.70 15.00 24.00
10:16:58 -21.75 -5.55 33.15 23.85
10:16:58 -20.70 -9.45 54.69 24.07
10:16:59 -21.75 -31.50 59.77 24.12
10:16:59 -23.55 -51.00 45.50 23.83
10:16:59 -24.30 -57.90 28.80 23.92
10:17:00 -23.40 -48.45 12.58 24.09
10:17:00 -23.25 -25.80 9.44 23.94
10:17:00 -22.35 -9.75 21.30 24.03
10:17:00 -21.60 -6.15 49.85 24.03
10:17:01 -21.90 -24.00 59.05 24.07
10:17:01 -24.75 -42.90 52.76 23.89
10:17:01 -25.65 -54.30 34.61 24.03
10:17:01 -25.05 -53.40 22.26 24.03
10:17:02 -24.00 -40.65 11.13 24.00
10:17:02 -25.20 -28.35 15.73 23.98
10:17:02 -28.20 -20.40 25.41 24.03
10:17:02 -28.65 -17.10 25.41 24.07
10:17:03 -28.35 -17.25 31.46 23.98
10:17:03 -28.35 -22.20 40.41 24.03
10:17:03 -29.85 -30.75 45.74 24.09
10:17:04 -30.75 -39.75 36.30 23.96
10:17:04 -31.65 -35.55 34.36 24.03
10:17:04 -31.20 -35.10 27.10 24.12
10:17:04 -30.60 -33.00 20.57 24.05
10:17:05 -29.85 -30.30 27.35 24.03
10:17:05 -31.65 -29.40 35.09 24.03
10:17:05 -31.20 -24.45 37.03 24.12
10:17:05 -30.45 -24.60 34.85 24.09
10:17:06 -30.15 -22.80 43.56 24.07
10:17:06 -29.70 -34.20 45.25 24.09
10:17:06 -29.85 -24.90 48.64 24.14
10:17:07 -25.35 -31.65 57.60 24.12
10:17:07 -24.15 -47.10 54.45 24.14
10:17:07 -25.05 -50.10 48.88 24.18
10:17:07 -24.30 -57.45 25.65 23.94
10:17:08 -23.85 -48.75 11.37 24.07
10:17:08 -21.45 -35.40 6.05 24.12
10:17:08 -20.85 -15.90 17.91 24.09
10:17:08 -21.30 -7.65 27.83 24.18
10:17:09 -22.35 -8.55 51.30 24.16
10:17:09 -22.05 -22.50 60.50 24.05
10:17:09 -23.70 -39.45 59.05 24.03
10:17:10 -21.75 -55.80 43.56 24.27
10:17:10 -24.45 -55.20 23.23 24.31
10:17:10 -25.20 -38.85 9.92 24.23
10:17:10 -22.95 -25.20 7.26 24.27
10:17:11 -18.60 -8.85 21.54 24.20
10:17:11 -23.55 -9.15 39.69 24.23
10:17:11 -24.45 -18.30 60.26 24.07
10:17:11 -23.10 -44.70 53.97 24.25
10:17:12 -23.25 -57.30 36.78 24.23
10:17:12 -21.00 -60.00 10.89 24.29
10:17:12 -5.25 -50.55 -6.78 24.20
10:17:13 16.95 -34.05 -9.68 24.14
10:17:13 27.30 -16.95 -7.74 24.16
10:17:13 25.35 -20.55 -9.20 24.14
10:17:13 26.25 -27.00 -10.16 24.16
10:17:14 25.35 -24.60 -8.71 24.07
10:17:14 30.45 -21.15 -8.47 24.25
10:17:14 28.50 -39.30 -7.99 24.20
10:17:14 29.10 -49.65 -2.66 24.14
10:17:15 26.10 -60.45 0.73 24.16
10:17:15 16.20 -63.45 1.69 24.14
10:17:15 16.35 -62.70 0.73 24.16
10:17:15 19.95 -63.45 2.18 24.23
10:17:16 18.00 -63.45 2.18 24.23
10:17:16 25.20 -57.30 -2.42 24.23
10:17:16 34.20 -45.15 -2.90 24.09
10:17:17 40.50 -37.50 -3.39 24.20
10:17:17 37.35 -31.95 -6.53 24.12
10:17:17 35.85 -30.60 -6.53 24.18
10:17:17 36.00 -32.40 -5.57 24.16
10:17:18 37.05 -33.60 -5.32 24.38
10:17:18 36.75 -33.75 -5.32 24.23
10:17:18 36.45 -33.30 -5.57 24.09
10:17:18 36.75 -33.90 -4.60 24.34
10:17:19 37.05 -33.90 -5.32 24.07
10:17:19 36.75 -34.20 -5.81 24.16
10:17:19 36.60 -33.90 -5.32 24.29
10:17:20 36.60 -34.80 -5.08 24.31
10:17:20 37.80 -34.35 -5.08 24.20
10:17:20 37.65 -33.90 -4.84 24.05
10:17:20 37.95 -33.90 -4.84 24.23
10:17:21 37.80 -33.90 -4.84 24.38
10:17:21 38.10 -34.05 -4.36 24.38
10:17:21 37.95 -33.90 -4.60 24.38
10:17:21 37.80 -33.60 -4.84 24.12
10:17:22 37.95 -33.75 -5.08 24.20
10:17:22 38.25 -33.30 -5.32 24.25
