6.75 -44.10 -7.99 25.77
7.20 -44.70 -7.99 25.82
7.35 -44.40 -8.47 25.75
10.35 -41.55 -9.92 25.75
17.85 -37.50 -10.65 25.71
22.65 -29.55 -10.41 25.77
30.00 -15.15 -7.50 25.71
32.55 -10.05 -6.53 25.73
28.65 -13.20 -7.99 25.66
28.50 -12.75 -7.99 25.66
27.60 -0.30 2.66 25.55
29.85 13.50 26.86 25.82
28.50 15.75 39.20 25.77
28.50 9.00 60.74 25.55
30.15 4.65 63.40 25.66
31.50 -11.85 72.12 25.80
30.90 -27.45 72.36 25.71
31.05 -45.60 59.53 25.77
30.30 -57.30 54.93 25.95
32.10 -62.40 25.41 25.75
30.60 -62.55 17.18 25.77
30.15 -52.50 -4.36 25.80
30.30 -39.90 -6.05 25.93
30.45 -17.55 -5.57 25.53
30.60 -6.60 -4.11 25.84
31.05 10.35 21.30 25.60
32.25 13.20 20.57 25.82
31.65 10.35 54.93 25.75
33.30 7.35 54.69 25.82
32.70 -11.40 71.63 25.51
33.30 -21.75 71.63 25.95
32.70 -52.80 62.44 25.64
32.70 -55.05 55.66 25.75
30.45 -65.25 24.44 25.80
31.20 -57.15 -6.29 25.80
30.00 -25.05 -8.47 25.75
29.55 3.90 3.15 25.55
30.15 9.75 13.55 25.66
30.00 14.25 48.40 25.84
30.45 -3.45 72.60 25.97
31.05 -33.90 70.66 25.71
30.75 -64.05 34.61 25.53
30.45 -57.30 -1.45 25.77
30.15 -39.30 -7.02 25.80
29.55 -15.60 -7.50 25.73
27.90 13.50 13.31 25.82
29.10 16.50 49.85 25.64
26.10 3.00 65.34 25.51
25.35 -23.85 73.81 25.77
28.65 -43.50 58.08 25.84
27.60 -61.05 46.46 25.66
27.00 -65.25 18.15 25.60
25.20 -46.05 -3.39 26.00
27.00 -27.30 -10.16 25.77
25.80 -10.65 0.73 25.64
24.45 17.10 24.44 25.95
22.35 13.35 55.90 25.91
21.15 -17.70 74.78 25.93
21.45 -42.30 48.40 25.95
21.90 -68.10 22.02 25.66
19.65 -56.40 0.00 26.00
19.95 -35.55 -9.92 25.95
20.25 -12.30 -8.47 25.69
20.40 4.20 16.70 25.93
20.10 18.15 37.75 25.80
18.90 5.85 64.86 25.82
18.15 -36.45 72.36 25.71
18.15 -66.30 39.45 25.73
17.70 -67.65 1.69 26.00
14.25 -45.15 -10.65 25.80
10.65 -12.60 -9.92 25.64
10.20 13.95 16.94 25.91
11.70 14.40 50.58 25.73
10.50 -2.10 70.91 25.77
10.95 -29.85 76.47 25.75
11.10 -54.60 53.72 25.80
12.00 -69.30 20.09 25.75
9.75 -59.55 -4.11 25.82
7.65 -43.05 -11.86 25.88
5.25 -18.15 -9.44 25.73
4.50 4.05 14.28 25.75
5.85 17.55 42.83 25.91
3.15 7.80 59.77 25.69
2.40 -7.35 71.87 25.77
3.60 -15.15 75.75 25.75
3.90 -39.75 72.84 25.69
6.30 -61.65 53.00 25.75
6.45 -68.85 30.01 25.86
5.10 -59.40 0.48 25.75
6.45 -36.45 -11.62 25.88
4.65 1.50 6.53 25.82
1.95 16.65 43.32 25.75
0.90 2.85 69.21 25.73
0.45 -28.05 70.18 25.77
-0.15 -63.60 39.20 25.64
-0.90 -61.80 0.48 25.91
0.75 -31.95 -9.92 25.73
1.05 -2.40 -1.69 25.73
-0.45 13.50 32.67 25.77
-0.45 8.10 60.02 25.88
-3.00 -21.75 74.29 25.77
-1.95 -58.95 53.97 25.93
-4.05 -65.25 17.67 25.75
-2.25 -45.60 -7.99 25.77
-1.50 -10.65 -4.84 25.88
-2.25 16.05 37.03 25.88
-2.85 -12.60 74.05 25.97
-3.30 -63.90 37.51 25.80
-3.15 -55.35 -6.78 25.91
-0.45 -17.55 -6.05 25.75
-3.75 14.40 34.61 25.93
-5.40 -6.45 72.36 25.77
-7.50 -52.65 56.63 25.84
-7.05 -61.80 11.13 26.04
-6.75 -31.65 -8.95 25.77
-6.00 3.90 7.50 25.88
-7.05 11.55 42.83 25.95
-6.30 -8.55 67.52 25.71
-3.90 -33.75 68.73 25.77
-4.20 -61.95 29.28 25.86
-3.75 -60.30 -4.60 25.97
-4.05 -27.45 -4.36 25.77
-5.40 10.95 26.14 25.86
-5.10 8.85 57.11 25.88
-5.10 -33.30 70.42 26.00
-5.40 -65.40 34.12 25.88
-4.20 -54.30 -3.39 25.95
-4.05 -17.10 -5.57 25.91
-5.40 12.30 28.80 25.86
-6.00 9.60 64.61 25.93
-7.20 -26.25 72.84 25.86
-5.70 -60.90 49.85 25.95
-5.55 -58.20 5.81 25.93
-5.55 -25.50 -10.16 25.93
-4.65 4.35 6.29 25.93
-4.95 13.50 42.59 25.95
-4.50 -4.95 69.45 25.88
-4.05 -37.65 64.13 25.97
-3.30 -64.05 34.36 25.80
-3.90 -56.10 -1.94 25.75
-4.80 -18.00 -5.81 25.71
-4.65 9.30 13.07 25.86
-4.20 14.10 48.16 25.80
-4.95 -11.85 69.94 25.69
-7.05 -48.00 61.23 25.75
-5.85 -66.60 18.88 25.95
-4.65 -35.40 -9.68 25.82
-4.80 9.90 11.37 25.64
-3.90 5.40 57.35 25.80
-0.75 -33.90 65.58 25.95
0.15 -63.15 24.20 26.02
-1.35 -53.10 -3.63 25.86
-1.95 -17.25 -8.71 25.66
-2.70 12.30 20.81 25.73
-4.05 11.10 55.42 25.82
-3.45 -27.90 74.05 25.95
-1.65 -57.30 45.50 25.93
-0.60 -66.75 12.83 25.97
2.40 -53.10 -10.89 25.95
3.00 -19.80 -5.57 25.91
2.85 6.45 7.26 25.84
2.25 17.10 34.12 25.88
0.90 13.80 53.48 25.84
0.75 -15.30 75.26 25.86
3.60 -52.95 63.65 25.77
4.20 -66.60 23.72 25.77
4.50 -64.65 -3.39 25.97
4.35 -41.10 -11.37 25.84
3.45 -2.70 -4.36 25.84
1.95 12.60 15.73 25.66
2.10 17.25 33.88 25.77
3.60 15.30 50.34 25.71
4.50 -8.25 69.70 25.93
3.60 -28.80 76.23 25.75
4.95 -51.90 60.50 25.69
8.25 -67.20 24.68 25.88
7.65 -65.55 -2.90 25.82
4.05 -50.25 -8.47 25.91
5.10 -35.85 -10.65 25.77
6.00 7.05 5.57 25.75
5.40 15.15 18.39 25.88
4.65 10.05 62.44 25.80
3.15 5.55 61.95 25.82
1.95 -4.05 71.15 25.86
4.65 -28.80 75.99 25.88
6.00 -52.95 48.64 25.95
6.90 -67.05 41.14 26.02
8.40 -69.00 22.26 25.93
6.30 -55.65 -0.97 25.80
6.75 -23.85 -12.58 25.75
6.45 4.35 -3.15 25.97
6.90 17.40 38.24 25.80
7.80 11.10 71.15 26.04
10.05 -15.15 74.05 25.91
15.00 -56.55 54.21 25.84
15.90 -67.05 14.52 25.64
13.65 -29.85 -12.83 25.88
12.60 14.10 9.20 25.86
13.80 13.20 67.03 25.84
15.60 -7.80 72.60 25.95
16.05 -56.10 55.18 25.91
18.90 -63.75 9.20 25.84
17.40 -28.65 -12.10 25.80
14.25 12.15 9.20 25.97
15.00 13.95 60.74 25.82
17.40 -20.40 72.60 25.71
17.55 -50.70 43.56 25.82
20.85 -67.80 11.13 25.82
21.90 -43.65 -10.65 25.86
23.40 -7.20 -5.57 25.91
23.25 16.20 23.47 26.00
24.60 10.05 55.18 25.97
24.30 -6.45 74.29 25.84
26.85 -32.10 65.58 25.80
27.75 -63.45 37.03 25.95
29.25 -45.75 -4.84 25.80
28.80 4.80 7.74 25.82
27.75 9.30 55.90 25.86
28.50 -40.05 71.39 25.82
27.90 -61.50 44.04 25.86
29.10 -65.10 12.58 25.88
28.20 -48.45 -5.32 25.91
28.20 -9.00 -5.08 25.82
27.15 15.30 21.54 25.88
28.50 7.50 54.45 25.86
32.25 -7.35 70.66 26.04
39.00 -24.00 68.97 25.88
38.40 -28.35 65.82 25.86
42.90 -30.00 64.61 25.73
41.55 -34.50 63.40 26.04
42.30 -46.35 51.30 25.73
41.85 -56.25 27.83 25.62
41.70 -57.45 28.07 25.82
41.70 -56.40 17.42 25.97
42.00 -39.45 -0.48 25.71
42.60 -10.65 1.21 26.00
42.60 -8.40 3.39 25.73
41.55 -3.30 7.74 25.69
42.15 8.70 30.25 25.60
41.55 4.65 53.72 25.75
42.90 -4.95 59.29 25.91
41.85 -6.45 61.23 25.71
42.00 -23.70 65.34 25.86
42.75 -40.80 54.21 25.88
44.10 -53.70 44.04 25.93
43.80 -54.45 41.38 26.06
43.80 -54.90 23.23 25.80
43.95 -43.20 3.87 25.80
43.80 -28.20 0.00 25.73
41.70 -26.70 -2.90 25.80
42.15 -12.30 4.11 25.84
42.30 3.00 17.91 25.75
43.05 6.60 38.72 26.06
44.40 6.60 35.09 25.86
44.40 5.85 43.56 25.82
44.55 -5.10 58.81 25.80
44.55 -31.35 62.92 25.84
43.80 -28.50 65.58 25.88
41.70 -45.30 50.82 25.84
43.50 -54.30 20.81 25.86
43.95 -53.55 21.78 25.80
40.95 -56.25 17.42 25.82
42.15 -34.50 0.24 26.02
43.35 -0.45 9.20 25.91
42.45 -0.45 9.68 26.11
43.20 7.65 34.36 25.82
44.10 -4.65 55.66 25.82
44.10 -4.20 57.11 25.71
44.10 -12.15 62.92 25.86
44.85 -35.10 58.81 25.86
46.35 -51.30 44.04 25.73
44.85 -53.40 41.62 25.95
44.85 -49.95 14.04 25.93
44.55 -37.95 4.60 25.88
43.95 -40.20 3.39 25.69
42.30 -42.15 3.63 25.86
40.95 -28.35 -2.18 25.86
39.75 1.95 6.05 25.80
37.65 1.35 3.15 25.84
35.25 10.95 29.04 25.86
36.15 2.85 57.11 25.93
35.85 6.00 54.93 25.75
34.95 0.15 68.49 25.97
36.30 -43.95 60.50 25.82
37.20 -56.55 53.48 25.97
35.85 -56.40 51.79 25.88
35.85 -61.05 15.49 25.86
37.20 -31.50 -5.08 25.66
36.60 -29.55 -5.32 25.75
36.90 -18.90 -0.48 25.64
37.65 11.25 19.84 25.88
37.20 11.25 19.60 25.75
36.00 12.90 38.48 25.88
35.70 -6.30 68.24 25.91
35.55 -24.15 69.21 25.66
36.75 -27.15 70.18 25.91
35.40 -50.55 54.45 25.93
35.40 -60.60 12.34 25.97
35.55 -55.35 10.65 25.80
34.95 -50.40 -2.66 25.84
35.70 -16.35 -3.87 25.84
36.15 10.05 14.52 25.82
35.25 10.80 17.42 26.00
35.40 11.85 51.30 25.86
33.30 -26.10 71.15 25.95
31.80 -35.70 72.60 25.69
27.15 -40.65 63.65 25.95
27.00 -65.85 22.75 25.93
26.70 -64.65 21.54 25.88
25.95 -63.00 7.50 25.86
26.85 -41.10 -9.44 26.04
26.55 -7.05 -6.53 25.66
25.35 -4.95 -4.36 25.77
26.85 14.70 24.20 25.91
26.55 10.65 63.40 25.75
27.45 -4.20 69.21 25.88
25.80 -8.25 73.57 25.77
28.20 -49.50 64.13 25.88
28.50 -65.55 26.38 25.80
27.90 -65.85 26.14 26.00
27.15 -62.25 7.50 25.77
28.35 -43.65 -7.74 25.77
27.75 -9.75 -8.47 25.86
27.00 -12.45 -8.47 25.73
27.15 6.90 7.74 25.84
27.00 16.65 47.19 25.84
26.25 6.45 60.50 25.88
24.15 5.40 64.37 25.77
23.85 -42.00 64.13 25.66
23.25 -67.05 42.35 25.66
21.15 -67.20 43.80 25.91
18.45 -69.00 19.12 25.82
18.75 -46.35 -11.86 25.80
20.55 -30.60 -11.86 25.88
18.45 -25.95 -11.37 25.69
18.60 13.05 20.33 25.88
17.25 18.45 24.68 25.80
15.30 18.75 29.52 26.04
16.65 10.80 65.58 25.66
16.95 -27.15 76.47 25.84
17.25 -24.00 76.47 25.64
16.05 -42.15 63.89 25.88
15.60 -69.30 32.91 25.84
15.60 -69.45 33.88 25.62
15.00 -68.85 18.39 25.82
15.00 -46.80 -11.37 25.80
13.65 -15.15 -11.62 25.77
10.50 -13.20 -11.62 25.71
10.80 7.35 6.78 25.97
11.10 17.25 43.80 25.86
11.25 17.40 46.22 25.69
10.95 -4.35 73.57 25.80
12.60 -55.05 62.68 25.64
11.70 -56.25 64.86 25.82
11.40 -61.50 44.04 26.00
12.30 -67.05 9.68 25.88
13.05 -55.05 0.97 25.93
11.55 -55.05 -2.66 25.77
13.50 -24.00 -11.13 25.95
13.20 12.15 6.05 25.71
12.60 9.45 4.60 25.93
12.60 16.95 26.14 25.91
13.50 9.75 67.76 25.82
12.75 1.05 67.28 25.73
10.05 -3.75 73.33 25.91
11.25 -55.50 55.18 25.82
13.50 -66.30 48.40 25.80
9.30 -68.85 29.28 25.95
11.25 -60.15 -1.94 25.77
12.30 -43.20 -9.68 25.82
11.85 -40.35 -10.41 25.84
10.80 -13.05 -7.50 26.04
10.05 12.90 6.53 25.82
9.45 12.00 8.95 25.69
10.05 18.45 33.88 25.88
10.35 7.95 60.50 25.84
9.60 9.30 58.56 25.82
8.70 0.90 74.54 25.69
10.05 -47.25 70.66 25.86
10.35 -46.80 71.15 25.91
9.30 -60.15 45.01 25.82
9.30 -60.90 -0.73 25.66
9.60 -54.90 0.00 25.97
7.35 -48.90 -11.13 25.82
9.30 8.25 3.39 25.88
10.65 9.60 6.05 25.86
12.15 18.15 42.83 25.91
13.65 -0.45 67.52 25.95
13.65 -2.25 70.66 25.64
14.10 -40.50 65.34 25.93
15.90 -56.10 63.40 25.82
15.00 -59.25 55.90 25.91
17.85 -68.25 16.94 25.80
18.45 -53.55 -1.21 25.95
18.90 -51.90 -4.36 26.04
18.60 -21.00 -6.78 25.82
18.45 10.95 5.08 25.69
16.95 12.00 9.20 25.64
17.55 16.35 59.53 26.06
18.45 -15.60 74.78 25.88
18.00 -15.60 75.50 25.80
16.65 -50.25 57.11 25.73
18.75 -68.70 33.88 26.00
16.80 -69.30 30.49 25.86
16.50 -49.35 -6.53 25.73
17.40 -49.65 -4.84 25.84
14.55 -48.75 -5.81 25.84
16.65 -6.30 0.00 25.80
17.40 5.85 -0.73 25.84
16.05 8.40 12.83 25.86
14.85 12.30 54.69 25.95
16.05 12.45 54.93 25.95
15.75 7.80 72.12 25.73
16.80 -48.90 69.45 25.97
19.20 -50.55 66.55 26.04
16.65 -68.85 15.49 26.00
20.55 -48.00 -6.29 25.84
20.25 -40.50 -10.41 25.82
23.70 13.80 17.42 25.88
28.80 14.10 21.30 25.84
29.10 0.00 63.16 25.66
32.70 -1.20 66.31 25.73
31.80 -46.20 66.31 26.15
33.15 -49.35 51.06 25.75
34.80 -60.75 22.75 25.95
37.35 -32.10 -3.87 26.00
39.75 -24.75 -3.15 25.75
41.10 1.80 12.58 25.71
42.90 6.45 38.24 25.77
42.75 4.05 59.77 25.88
45.45 -9.90 60.74 25.93
45.00 -32.55 62.19 25.80
45.00 -50.40 46.71 25.82
46.50 -52.05 22.75 25.82
47.10 -50.55 16.46 25.88
47.55 -37.50 6.78 25.84
46.20 -18.75 3.39 25.84
46.35 -8.40 11.37 25.88
45.75 -1.35 24.20 25.80
45.15 6.15 32.43 25.86
45.60 0.15 50.09 25.66
45.45 -18.75 61.47 25.73
45.75 -27.15 55.66 25.69
47.55 -38.70 48.16 25.80
45.75 -52.65 33.64 25.75
45.15 -48.00 13.55 25.75
45.00 -24.15 1.21 25.66
44.25 -4.20 6.78 25.82
44.10 7.50 24.68 25.88
43.65 -1.35 53.24 25.84
42.45 -17.10 66.07 25.80
39.45 -33.00 57.84 25.73
38.70 -51.00 46.22 25.75
37.95 -60.00 17.42 25.88
36.30 -49.65 0.97 25.77
34.20 -10.65 -4.84 26.04
32.70 6.60 6.78 25.75
31.05 13.05 43.80 25.91
31.95 -8.25 66.31 25.88
32.10 -40.50 69.21 25.77
30.30 -57.75 35.33 25.84
28.50 -65.55 10.89 25.93
25.65 -60.45 0.73 25.80
24.90 -47.70 -9.20 25.84
26.55 -23.70 -8.95 26.00
25.35 -0.60 1.45 25.71
25.05 17.70 33.88 25.86
23.10 10.35 61.47 25.84
21.60 -15.45 75.26 25.80
21.00 -57.90 62.44 25.88
19.20 -61.35 32.67 25.86
19.20 -67.35 12.83 25.86
20.10 -37.95 -10.16 25.80
18.75 6.45 1.21 25.64
20.25 18.15 30.98 25.93
19.35 16.65 69.94 25.75
19.20 -7.80 75.50 25.86
18.30 -46.50 67.76 25.86
17.40 -68.85 30.49 25.71
17.70 -52.65 -3.63 25.84
16.50 -0.15 -8.47 25.95
16.65 17.40 37.27 25.80
15.90 11.85 67.52 25.77
16.65 -5.55 72.84 25.84
17.40 -47.70 61.71 25.75
18.75 -69.00 26.38 25.62
18.15 -50.40 -3.87 25.71
16.65 -9.30 -10.89 25.88
15.75 16.65 29.28 25.84
13.95 17.10 59.53 25.84
15.45 7.80 71.87 25.82
16.50 -40.80 71.39 26.08
19.05 -68.55 33.64 25.84
19.80 -41.55 -8.71 25.82
19.35 2.85 -2.66 25.88
19.20 15.90 51.06 26.08
21.30 6.75 62.44 25.69
20.55 1.20 74.29 25.82
20.55 -53.70 62.68 25.86
19.50 -67.95 22.26 25.77
19.50 -37.65 -10.41 25.77
19.05 13.80 6.78 25.69
21.90 15.00 54.69 25.73
24.45 4.65 74.05 26.02
25.50 -27.60 69.70 25.71
28.95 -63.75 42.59 25.71
27.30 -63.45 15.49 26.02
27.00 -33.30 -9.20 25.84
28.65 14.85 15.49 26.00
28.35 13.95 63.89 25.93
29.10 -0.15 71.39 25.93
30.30 -46.05 64.13 25.84
32.10 -63.45 38.48 25.88
32.25 -35.10 -3.87 25.77
33.75 -8.40 10.41 25.88
34.05 10.05 44.53 25.84
37.20 9.15 59.77 25.82
36.90 -12.60 69.45 25.69
38.10 -47.10 57.11 26.00
41.85 -57.00 30.49 25.86
43.20 -32.55 3.15 25.71
44.40 -21.30 3.15 26.00
42.15 -10.35 11.86 25.84
43.05 1.20 21.30 25.77
43.95 6.30 44.04 25.84
43.65 -15.75 63.40 25.84
43.50 -40.20 60.02 25.93
44.85 -51.75 25.65 25.75
45.30 -44.10 1.45 25.80
45.15 -13.65 6.53 25.97
45.30 0.75 17.91 25.86
46.20 -1.50 53.48 25.66
44.55 -28.50 60.26 25.91
44.55 -54.75 35.09 25.88
43.05 -38.25 2.18 25.88
42.90 -11.55 8.47 25.88
41.40 8.25 42.35 25.82
41.25 3.00 57.35 26.00
42.45 -24.30 64.37 25.95
42.45 -53.85 46.22 25.86
39.45 -52.95 7.02 25.71
37.05 -10.95 -0.24 25.71
32.55 12.75 15.49 25.95
34.80 11.10 47.67 25.88
35.85 -6.90 69.21 25.84
37.20 -27.45 61.47 25.82
38.25 -60.75 37.75 25.84
34.05 -61.50 17.91 25.80
34.35 -40.95 -2.66 25.86
33.75 -12.90 -3.39 25.80
33.00 -2.70 -2.90 25.62
28.50 16.35 30.01 25.73
25.95 0.90 62.19 25.91
21.60 -21.15 75.02 25.88
23.25 -39.60 62.68 25.88
23.85 -56.25 44.29 25.71
25.50 -66.30 31.94 25.73
24.15 -55.50 1.45 25.75
23.55 -24.75 -10.89 25.93
21.00 12.30 8.47 25.91
19.65 11.40 53.48 25.86
21.15 -21.15 75.02 25.60
25.05 -49.35 47.43 25.82
28.35 -63.30 21.05 25.88
30.75 -61.50 3.39 25.84
32.85 -37.05 -6.53 26.04
33.60 -10.65 -5.08 25.75
32.55 13.50 23.47 25.82
33.45 6.45 56.14 25.86
33.90 -26.70 70.91 25.88
33.75 -50.85 57.35 25.75
37.50 -59.40 17.42 25.82
38.40 -50.10 -0.73 25.82
41.25 -26.85 -0.97 25.71
41.40 -10.35 6.53 25.75
43.20 5.55 24.20 25.86
44.10 0.75 51.30 25.88
45.75 -23.10 59.05 25.66
48.60 -33.90 56.39 25.88
49.05 -45.45 42.59 25.93
50.55 -46.95 22.02 25.77
51.15 -43.65 11.62 25.75
49.95 -30.30 7.50 25.86
48.90 -15.30 9.68 25.82
49.05 1.80 27.35 25.91
47.85 -0.45 47.92 25.86
46.05 -26.70 60.50 25.77
48.15 -47.85 46.95 25.75
48.15 -49.50 19.36 25.97
49.35 -41.10 13.07 25.86
47.10 -42.45 4.84 25.84
44.25 -9.75 3.63 25.73
42.30 9.15 32.67 25.84
42.30 6.15 64.13 25.80
42.00 -18.75 65.82 25.91
41.40 -53.10 48.16 25.77
42.30 -51.45 15.25 25.80
41.40 -18.15 -1.94 25.69
39.45 3.45 28.31 25.80
39.15 11.10 53.97 25.73
38.85 -12.45 68.49 25.82
32.25 -38.70 48.88 25.73
35.55 -58.50 46.95 25.86
31.65 -60.45 14.52 25.84
28.35 -41.10 -4.60 25.80
29.10 -9.75 -0.97 25.66
27.45 4.35 31.22 25.88
27.60 16.95 53.00 25.73
28.35 -11.85 72.84 25.91
28.20 -47.25 66.79 25.69
27.00 -65.40 40.90 25.69
26.70 -59.40 8.47 25.95
24.90 -30.60 -10.65 25.77
24.30 2.25 -1.69 25.80
25.20 13.50 26.86 25.64
30.15 14.40 42.83 25.77
39.45 5.40 48.88 25.84
44.10 0.15 52.03 25.64
43.35 -1.20 56.87 25.77
38.85 -13.80 67.76 25.82
37.20 -36.60 58.08 25.82
46.95 -49.80 43.80 25.77
46.80 -51.30 24.68 25.93
50.55 -33.75 12.34 25.82
53.10 -18.30 15.00 25.80
52.65 -5.25 28.80 25.73
53.10 -7.65 46.95 25.93
51.75 -18.90 54.69 25.91
50.10 -38.25 47.67 25.75
49.65 -47.70 35.33 25.95
50.10 -43.35 19.60 25.86
50.85 -30.75 10.89 25.75
49.95 -12.30 13.31 25.64
49.50 -0.45 27.10 25.73
49.05 0.60 42.11 25.86
49.05 -7.05 52.27 25.75
49.35 -18.15 56.63 25.86
49.65 -35.70 50.82 26.00
52.65 -42.90 27.35 25.80
53.40 -25.20 9.68 25.53
49.35 -1.80 21.78 25.53
45.60 6.30 43.56 25.86
47.85 -6.75 55.42 25.93
51.45 -31.50 45.98 25.73
52.05 -41.85 15.49 25.93
48.60 -15.90 12.58 25.71
50.25 0.15 27.83 25.75
49.80 1.35 44.29 26.00
52.50 -11.40 44.53 25.84
55.05 -11.40 38.72 25.77
49.35 -8.40 60.26 25.64
43.65 -30.45 61.71 25.84
52.20 -23.55 38.24 25.66
54.75 -11.10 16.70 25.66
48.00 -16.80 5.08 25.84
48.75 -35.40 3.87 25.95
47.40 -32.85 12.10 26.02
55.65 -36.15 45.98 25.71
49.20 -29.40 57.60 25.91
45.15 -30.60 62.44 25.80
48.60 -20.70 50.58 25.60
54.90 -7.05 31.94 25.77
45.60 4.80 48.88 25.88
45.90 -5.55 48.40 25.66
51.75 -3.15 39.93 25.84
44.70 8.40 30.01 25.64
34.35 15.00 22.51 25.73
19.35 16.95 17.67 25.80
6.30 15.45 16.46 25.73
-1.35 12.00 18.63 25.77
-11.25 7.80 15.25 25.58
-13.50 5.55 18.15 25.80
-22.20 -1.80 42.11 25.75
-19.65 -6.45 60.98 25.58
-20.40 -31.20 63.16 25.84
-18.45 -56.70 35.57 25.80
-17.10 -52.35 7.02 25.69
-16.65 -27.45 -2.66 25.75
-17.10 -4.35 7.99 25.64
-15.30 9.60 36.78 25.73
-15.00 0.15 64.37 25.86
-13.80 -30.15 69.21 25.75
-12.30 -50.85 57.60 25.80
-10.50 -64.80 33.64 26.00
-7.50 -62.70 5.81 25.64
-5.70 -38.70 -10.41 25.73
-4.65 -9.75 -6.05 25.75
-0.75 10.65 15.97 25.69
1.35 17.40 46.95 25.77
4.05 -1.50 70.66 25.80
7.95 -30.15 75.75 25.80
11.40 -53.85 60.98 25.75
13.50 -68.85 21.30 26.00
15.90 -51.00 -7.02 25.66
16.65 -1.35 -2.18 25.51
16.65 18.90 38.24 25.73
19.05 -2.25 71.63 25.77
19.65 -44.55 68.73 25.66
18.45 -68.70 29.28 25.82
20.55 -54.60 -3.63 25.64
21.00 -20.55 -9.92 25.82
21.15 11.25 15.25 25.58
19.80 14.70 59.29 25.75
20.25 -12.60 74.54 26.02
18.15 -58.05 45.25 25.71
14.40 -67.35 8.23 25.84
9.00 -33.90 -12.34 25.75
7.50 7.35 7.26 25.91
7.65 15.30 51.30 25.88
7.20 -15.30 76.23 25.69
3.90 -59.40 42.59 25.49
3.00 -66.45 5.08 25.95
3.75 -36.60 -10.16 25.69
-0.75 -0.75 12.83 25.66
-1.50 15.30 55.42 25.51
-7.50 -8.55 71.15 25.55
-5.70 -43.95 60.26 25.73
-7.50 -64.95 26.62 25.64
-3.60 -45.45 -7.74 25.77
-6.15 -8.10 1.69 25.88
-7.65 12.30 31.46 25.58
-10.65 3.60 56.63 25.66
-13.95 -16.20 67.52 25.82
-12.30 -40.50 63.40 25.80
-11.85 -61.65 42.11 25.75
-12.90 -60.15 18.39 25.71
-15.15 -49.05 3.87 25.71
-13.80 -28.95 -5.32 25.84
-13.95 -13.95 0.24 25.75
-13.05 9.75 30.01 25.77
-16.20 2.70 49.37 25.75
-15.00 -13.95 66.31 25.66
-15.30 -36.75 63.89 25.88
-16.50 -58.20 40.90 25.66
-16.35 -58.50 21.54 25.55
-16.50 -47.85 3.63 25.69
-18.45 -30.15 2.42 25.80
-22.05 -25.50 -0.24 25.69
-14.70 -12.60 8.71 25.77
-16.80 3.30 32.67 25.84
-16.65 4.80 53.00 25.75
-15.30 -9.00 63.65 25.93
-18.75 -27.45 61.23 25.73
-19.65 -41.40 58.08 25.88
-16.20 -58.65 37.27 25.88
-11.40 -60.45 3.87 25.73
-11.55 -48.45 -3.87 25.93
-13.05 -17.55 -2.42 25.73
-8.25 5.10 7.02 25.49
-8.85 0.75 13.79 25.75
-11.25 10.20 44.29 25.53
-10.50 -15.30 68.49 25.73
-8.25 -27.00 65.82 25.80
-6.60 -48.30 61.95 25.66
-0.90 -67.95 33.15 25.91
1.05 -50.55 -3.15 25.77
3.15 -8.70 -9.20 25.64
6.45 0.90 23.23 25.73
6.60 18.75 49.85 25.77
9.15 2.10 68.00 26.00
12.00 -44.40 72.60 25.71
14.85 -68.55 39.45 25.91
11.70 -69.00 6.78 25.73
12.90 -49.80 -7.50 25.80
18.45 -7.65 -7.50 25.75
16.80 18.75 28.07 25.64
13.20 -7.80 72.60 25.86
13.05 -31.05 61.23 25.60
12.15 -64.80 49.61 25.75
14.40 -55.95 -0.24 25.73
12.30 -27.60 -12.34 25.84
4.50 13.20 17.67 25.69
0.60 13.35 55.90 25.62
-3.75 9.45 60.74 25.73
-3.30 -28.05 70.91 25.62
-5.55 -60.00 52.51 25.69
-9.45 -57.45 13.07 25.53
-11.10 -31.05 -6.78 25.77
-15.75 -27.45 3.63 25.82
-15.90 -2.25 20.57 25.73
-15.00 6.30 34.12 25.75
-14.25 -10.50 59.77 25.73
-15.15 -42.60 63.89 25.84
-18.15 -54.75 37.03 25.51
-19.20 -58.35 14.76 25.80
-18.60 -53.10 4.36 25.84
-15.90 -27.30 -3.15 25.53
-13.20 4.05 10.16 25.77
-9.45 10.35 46.95 25.73
-13.50 6.45 62.68 25.71
-9.00 -19.95 70.42 25.71
-6.60 -57.30 59.53 25.73
-4.95 -62.85 34.12 25.64
-1.50 -65.85 17.42 25.58
1.95 -27.90 -9.92 25.77
1.35 -21.45 -12.34 25.73
1.80 13.35 15.97 25.58
6.45 17.40 21.78 25.82
9.30 -5.55 70.66 25.71
7.20 -10.80 74.05 25.80
6.60 -56.55 58.56 25.60
6.60 -64.65 36.30 25.95
9.60 -60.45 3.39 25.75
9.00 -13.50 -8.47 25.73
6.75 -7.35 -7.99 25.73
9.90 18.45 34.85 25.58
7.65 4.35 75.02 25.75
7.20 -17.55 76.23 25.71
8.85 -64.95 52.51 25.71
1.05 -65.10 47.43 25.71
-3.45 -54.15 6.05 25.66
-7.35 -13.05 -6.78 25.91
-12.90 -2.55 13.79 25.80
-16.95 -0.60 17.67 25.82
-13.95 6.45 40.17 25.64
-14.10 -22.05 67.52 25.86
-17.85 -20.70 63.16 25.75
-15.90 -48.75 53.24 25.58
-16.50 -58.35 34.36 25.88
-19.65 -55.80 11.62 25.82
-19.65 -49.50 -0.97 25.80
-19.20 -40.65 1.21 25.77
-16.95 -8.10 3.39 25.73
-18.15 6.00 30.01 25.84
-20.55 -0.75 60.98 25.58
-18.15 -8.85 64.37 25.91
-19.50 -31.95 63.89 25.80
-15.15 -61.95 37.99 25.82
-12.30 -49.65 2.42 25.55
-15.90 -45.15 -2.66 25.49
-9.75 -7.65 -2.90 25.75
-11.10 11.55 26.62 25.77
-10.65 5.40 68.00 25.93
-9.30 -29.25 72.60 25.84
-5.10 -53.10 65.34 25.64
4.35 -63.90 31.22 25.82
-0.90 -52.50 -4.36 25.71
-3.75 -0.90 3.39 25.75
-7.50 13.95 43.08 25.64
-4.50 -0.60 66.79 25.55
-11.85 -31.65 66.79 25.46
-7.80 -64.20 39.45 25.77
-10.95 -56.70 0.24 25.71
-12.00 -23.10 -7.02 25.71
-6.45 3.30 14.04 25.84
-6.75 11.55 44.04 25.51
-10.65 0.00 58.08 25.60
-13.35 -28.05 69.94 25.69
-6.30 -60.75 47.43 25.73
-1.20 -66.75 18.88 25.49
-7.65 -49.50 -4.11 25.64
-10.20 -20.85 -1.45 25.73
-17.25 4.05 18.39 25.75
-14.40 5.40 61.23 25.80
-16.05 -27.60 66.31 25.71
-14.25 -51.45 48.40 25.95
-9.45 -64.50 27.10 25.62
-8.85 -44.85 -4.11 25.69
-14.55 -9.00 4.84 25.66
-15.45 5.70 34.36 25.71
-13.05 -2.40 56.87 25.75
-20.85 -30.90 58.56 25.82
-22.05 -53.70 28.80 25.51
-19.65 -50.25 4.84 25.73
-20.55 -43.35 5.57 25.53
-24.30 -25.95 9.20 25.69
-25.80 -20.85 5.08 25.64
-22.50 -18.75 6.78 25.51
-24.90 -17.25 7.74 25.88
-25.20 -9.45 17.67 25.51
-25.95 -7.50 26.86 25.75
-29.55 -13.95 39.45 25.75
-27.15 -22.50 52.03 25.75
-27.30 -27.60 50.34 25.69
-29.10 -36.00 40.17 25.73
-30.15 -41.25 29.77 25.97
-28.50 -43.65 20.33 25.93
-28.50 -34.65 17.42 25.73
-29.55 -19.50 19.60 25.82
-31.35 -17.25 26.38 25.66
-30.75 -18.30 17.91 25.73
-27.45 -6.00 29.04 25.88
-24.60 -4.95 51.06 25.58
-22.95 -16.35 62.19 25.80
-18.90 -33.90 61.23 25.86
-13.95 -56.85 45.01 25.64
-9.15 -62.85 13.55 25.55
-12.45 -36.30 -6.53 25.58
-8.40 -13.20 -0.48 25.60
-13.80 2.70 18.63 25.73
-20.85 2.55 45.74 25.77
-21.15 -18.60 64.13 25.84
-17.40 -49.20 49.37 25.84
-18.60 -56.10 30.73 25.71
-25.50 -41.55 12.34 25.69
-26.85 -24.75 7.99 25.80
-26.55 -12.60 24.20 25.71
-30.00 -14.85 38.24 25.73
-31.20 -23.10 39.45 25.73
-30.60 -30.00 44.77 25.64
-28.65 -45.60 28.31 25.75
-28.35 -38.70 10.89 25.75
-25.80 -13.20 14.76 25.88
-21.75 3.00 42.35 25.77
-18.30 -24.90 63.89 25.75
-19.35 -53.55 37.27 25.62
-25.95 -44.70 11.86 25.82
-26.55 -30.00 10.65 25.75
-24.30 -17.10 7.74 25.51
-19.20 7.65 33.64 25.77
-17.25 -4.20 55.90 25.53
-19.50 -41.40 51.79 25.64
-16.35 -57.90 27.83 25.73
-24.60 -40.95 13.55 25.58
-27.00 -14.25 17.67 25.55
-31.35 -23.10 38.96 25.77
-32.25 -21.90 31.22 25.80
-26.85 -4.50 59.77 25.75
-9.90 -30.90 67.52 25.55
-13.65 -60.60 36.54 25.71
-21.45 -50.25 11.62 25.77
-25.80 -28.65 13.55 25.73
-27.30 -7.35 26.38 25.82
-21.75 1.20 48.64 25.69
-20.10 -6.60 51.55 25.66
-21.60 -2.10 3.15 25.75
-21.75 -48.90 20.57 25.69
-22.95 -51.30 32.19 25.71
-21.60 -46.50 -1.69 25.77
12.75 -43.50 -7.50 25.80
36.90 -30.30 1.69 25.58
52.65 -23.85 18.15 25.77
50.85 -17.10 -4.36 25.51
24.90 -23.85 -12.34 25.77
24.75 -25.20 -9.20 25.77
32.70 -17.40 -4.60 25.75
37.95 -3.00 1.94 25.71
30.75 9.60 12.10 25.58
23.55 16.35 19.60 25.64
18.75 17.85 27.35 25.62
16.80 18.45 26.86 25.58
18.75 17.85 23.47 25.51
27.30 13.65 15.25 25.73
27.90 9.15 3.15 25.66
20.55 1.50 -4.11 25.62
19.35 -1.65 -6.78 25.77
17.70 -3.15 -7.26 25.71
17.40 -4.35 -6.78 25.58
19.50 -4.35 -7.02 25.66
21.60 -3.15 -5.57 25.77
22.05 -3.30 -6.05 25.66
21.30 -3.60 -6.29 25.64
22.95 -4.80 -6.53 25.62
23.55 -4.35 -6.29 25.84
24.60 -5.10 -6.05 25.49
25.35 -4.35 -5.81 25.75
25.95 -4.05 -5.81 25.73
25.35 -4.50 -5.81 25.80
26.10 -4.20 -5.57 25.55
25.95 -4.50 -5.81 25.66
26.10 -4.05 -5.57 25.69
26.10 -4.50 -5.57 25.77
26.70 -4.50 -5.57 25.53
26.55 -4.35 -5.32 25.82
26.85 -4.65 -6.05 25.73
26.70 -4.65 -5.32 25.60
