08:28:04 -0.90 -21.60 52.76 20.20
08:28:04 -0.90 -19.65 49.37 20.27
08:28:04 -3.75 -17.55 47.43 20.09
08:28:05 2.40 -18.00 45.74 20.38
08:28:05 4.50 -25.35 54.45 20.31
08:28:05 1.95 -13.50 23.96 20.38
08:28:05 6.45 -17.55 -2.90 20.11
08:28:06 7.65 -30.00 -13.31 20.13
08:28:06 9.45 -38.55 -17.18 20.02
08:28:06 7.35 -42.60 -18.15 20.00
08:28:06 8.40 -50.55 -19.12 20.04
08:28:07 9.30 -37.80 -13.55 20.38
08:28:07 10.20 -23.10 -1.45 20.00
08:28:07 9.30 -14.40 17.18 20.20
08:28:08 10.80 -14.10 34.61 20.11
08:28:08 11.85 -18.60 48.16 20.09
08:28:08 10.95 -32.25 60.02 20.00
08:28:08 11.55 -55.05 63.16 20.31
08:28:09 13.35 -75.30 56.87 20.09
08:28:09 12.00 -87.15 47.19 20.27
08:28:09 12.45 -94.20 34.36 20.11
08:28:09 12.00 -96.75 14.04 20.00
08:28:10 13.35 -92.70 6.05 20.11
08:28:10 11.25 -85.80 -6.78 20.22
08:28:10 10.35 -72.60 -14.76 20.00
08:28:11 10.20 -62.40 -18.15 20.11
08:28:11 10.80 -49.20 -17.18 20.31
08:28:11 10.65 -40.05 -16.70 20.04
08:28:11 9.60 -42.60 -17.42 19.98
08:28:12 10.35 -44.25 -16.70 20.04
08:28:12 11.70 -44.85 -16.70 20.13
08:28:12 13.20 -48.15 -17.67 20.20
08:28:12 12.00 -50.25 -16.94 20.13
08:28:13 12.60 -36.15 -12.83 20.22
08:28:13 12.60 -18.90 4.84 20.13
08:28:13 14.70 -16.80 12.34 20.11
08:28:14 14.10 -15.45 37.99 20.20
08:28:14 12.75 -27.90 53.00 20.18
08:28:14 15.00 -36.15 60.02 20.07
08:28:14 14.70 -62.25 62.44 20.24
08:28:15 14.85 -75.00 55.66 20.18
08:28:15 17.25 -81.90 46.95 20.22
08:28:15 15.90 -94.20 24.93 20.20
08:28:15 15.00 -93.30 13.31 19.96
08:28:16 16.20 -88.20 -0.48 20.00
08:28:16 14.40 -72.90 -14.52 19.96
08:28:16 13.20 -54.45 -17.18 20.09
08:28:16 12.45 -56.85 -17.67 20.02
08:28:17 13.05 -61.80 -16.70 20.15
08:28:17 11.55 -64.95 -16.46 20.09
08:28:17 10.20 -64.95 -16.70 20.04
08:28:18 11.70 -63.00 -17.18 19.98
08:28:18 11.70 -38.10 -11.37 20.09
08:28:18 10.95 -25.65 -2.66 20.09
08:28:18 13.05 -19.20 9.68 20.18
08:28:19 12.30 -13.95 30.25 20.15
08:28:19 12.45 -16.65 39.20 20.18
08:28:19 13.80 -21.00 52.03 20.09
08:28:19 13.20 -45.60 63.89 20.27
08:28:20 14.10 -58.35 62.92 19.96
08:28:20 14.55 -66.45 59.53 19.98
08:28:20 12.30 -90.00 39.20 20.13
08:28:21 11.40 -96.15 27.35 19.98
08:28:21 12.00 -95.85 11.62 20.24
08:28:21 11.55 -85.50 -8.71 20.33
08:28:21 9.75 -69.30 -16.70 20.09
08:28:22 9.15 -67.65 -17.18 20.11
08:28:22 8.40 -66.75 -16.94 20.09
08:28:22 8.25 -68.55 -16.70 20.18
08:28:22 5.55 -70.35 -17.67 20.02
08:28:23 5.70 -69.45 -17.67 20.04
08:28:23 6.00 -58.05 -20.09 20.18
08:28:23 4.50 -30.15 -13.07 20.11
08:28:24 6.15 -26.25 -8.47 20.00
08:28:24 6.15 -14.25 14.28 20.20
08:28:24 4.35 -12.15 34.85 20.22
08:28:24 7.20 -15.45 43.08 20.09
08:28:25 5.85 -45.90 67.03 20.00
08:28:25 6.60 -54.60 66.31 20.00
08:28:25 7.95 -66.75 62.44 20.02
08:28:25 6.60 -91.20 47.43 19.93
08:28:26 9.45 -94.20 39.20 20.09
08:28:26 9.00 -97.65 20.33 20.13
08:28:26 7.65 -91.65 -3.39 20.04
08:28:26 6.00 -76.20 -16.46 20.04
08:28:27 5.10 -72.00 -16.46 19.93
08:28:27 4.20 -73.80 -16.70 20.09
08:28:27 1.35 -74.85 -17.42 20.00
08:28:28 -3.30 -75.15 -16.46 20.02
08:28:28 -5.25 -75.75 -16.21 20.02
08:28:28 -4.20 -56.85 -21.30 20.11
08:28:28 -5.40 -15.30 3.39 20.04
08:28:29 -4.80 -12.45 7.26 20.20
08:28:29 -4.80 -9.60 27.35 20.20
08:28:29 -5.25 -22.05 53.00 20.13
08:28:29 -2.70 -24.30 57.84 20.02
08:28:30 -3.30 -40.05 67.28 19.93
08:28:30 -3.60 -61.50 68.49 20.15
08:28:30 -3.00 -61.65 67.76 19.96
08:28:31 -2.85 -79.05 59.53 20.07
08:28:31 -2.85 -96.90 40.41 19.85
08:28:31 0.15 -97.80 35.82 20.24
08:28:31 -1.65 -100.05 13.79 19.96
08:28:32 -2.40 -93.00 -4.84 20.04
08:28:32 -4.35 -75.60 -18.63 20.13
08:28:32 -6.90 -72.15 -17.67 20.00
08:28:32 -8.40 -73.65 -17.67 20.04
08:28:33 -12.60 -73.05 -17.91 20.15
08:28:33 -16.80 -70.80 -18.63 19.98
08:28:33 -17.25 -70.20 -18.15 19.89
08:28:34 -16.35 -62.25 -21.05 20.00
08:28:34 -16.95 -29.55 -7.99 20.07
08:28:34 -15.30 -20.70 -6.78 19.87
08:28:34 -16.05 -15.15 7.74 20.13
08:28:35 -14.85 -11.85 38.96 20.27
08:28:35 -13.65 -13.20 39.20 20.13
08:28:35 -12.90 -22.95 58.32 19.91
08:28:35 -13.35 -53.85 68.49 20.07
08:28:36 -12.15 -54.30 68.97 20.11
08:28:36 -12.75 -78.60 55.90 20.00
08:28:36 -14.40 -100.35 31.70 20.07
08:28:37 -13.20 -100.80 26.38 20.07
08:28:37 -13.35 -95.85 -0.73 20.13
08:28:37 -14.70 -76.50 -17.91 20.00
08:28:37 -16.65 -68.70 -18.39 20.18
08:28:38 -18.90 -69.75 -17.91 20.04
08:28:38 -21.45 -67.50 -18.39 20.02
08:28:38 -22.95 -62.85 -18.88 20.04
08:28:38 -23.55 -61.05 -19.12 19.89
08:28:39 -22.05 -59.10 -20.09 19.98
08:28:39 -21.90 -27.75 0.73 19.91
08:28:39 -22.05 -15.75 4.11 20.04
08:28:40 -22.35 -12.45 23.96 19.93
08:28:40 -21.90 -19.20 45.25 20.02
08:28:40 -19.50 -19.05 48.64 19.98
08:28:40 -20.40 -33.00 63.65 19.85
08:28:41 -23.40 -63.60 66.31 20.02
08:28:41 -20.40 -66.90 64.86 19.96
08:28:41 -21.15 -91.05 36.78 20.02
08:28:41 -22.35 -99.00 27.59 20.11
08:28:42 -21.00 -99.30 16.21 20.18
08:28:42 -20.85 -89.55 -7.99 20.00
08:28:42 -22.65 -69.60 -18.39 20.04
08:28:42 -23.40 -57.30 -19.36 20.00
08:28:43 -24.15 -59.10 -18.63 20.11
08:28:43 -24.30 -57.15 -18.63 20.04
08:28:43 -24.90 -52.20 -18.63 20.02
08:28:44 -21.90 -46.65 -18.39 20.13
08:28:44 -22.05 -48.75 -19.12 20.00
08:28:44 -21.30 -31.20 -5.08 20.09
08:28:44 -22.20 -16.80 3.87 20.13
08:28:45 -22.95 -15.60 10.41 20.04
08:28:45 -22.95 -20.40 55.18 20.13
08:28:45 -21.90 -26.25 55.42 20.00
08:28:46 -20.85 -41.70 66.31 20.00
08:28:46 -21.45 -73.05 63.89 20.13
08:28:46 -19.20 -79.65 56.63 20.02
08:28:46 -20.55 -99.15 17.67 19.96
08:28:47 -20.55 -98.70 15.73 19.96
08:28:47 -20.70 -90.45 -5.81 19.98
08:28:47 -21.00 -72.60 -18.15 20.07
08:28:47 -21.15 -48.90 -18.88 19.96
08:28:48 -22.95 -46.65 -19.36 20.04
08:28:48 -23.10 -46.20 -18.63 19.91
08:28:48 -21.00 -41.25 -18.15 20.02
08:28:48 -16.65 -36.30 -17.42 19.89
08:28:49 -14.55 -37.05 -18.88 20.04
08:28:49 -15.00 -26.70 -0.97 20.07
08:28:49 -16.95 -10.65 23.23 20.00
08:28:50 -16.35 -10.65 31.46 20.04
08:28:50 -15.90 -33.30 66.55 19.91
08:28:50 -15.90 -44.55 67.28 19.82
08:28:50 -14.70 -58.35 66.31 19.91
08:28:51 -14.55 -91.65 52.03 20.00
08:28:51 -13.95 -92.70 47.92 19.96
08:28:51 -15.15 -99.90 8.95 19.71
08:28:51 -15.45 -91.80 -6.05 19.98
08:28:52 -13.05 -80.55 -18.39 20.02
08:28:52 -14.85 -49.65 -20.33 20.00
08:28:52 -17.55 -34.05 -15.97 19.98
08:28:53 -19.95 -38.70 -17.67 20.00
08:28:53 -15.75 -39.15 -19.36 19.98
08:28:53 -10.35 -38.70 -18.39 19.96
08:28:53 -6.60 -34.50 -17.42 20.00
08:28:54 -4.05 -31.20 -14.04 20.09
08:28:54 -4.20 -10.80 26.62 19.96
08:28:54 -4.35 -10.50 31.94 19.89
08:28:54 -4.50 -13.05 46.71 19.91
08:28:55 -5.25 -49.35 67.76 20.04
08:28:55 -2.10 -51.30 68.49 19.89
08:28:55 -4.05 -80.55 52.76 20.00
08:28:55 -3.15 -95.70 41.87 19.89
08:28:56 -3.45 -100.05 25.89 19.85
08:28:56 -4.35 -88.35 -8.71 19.98
08:28:56 -4.65 -84.00 -11.62 19.96
08:28:57 -5.85 -67.80 -21.54 19.89
08:28:57 -5.55 -39.75 -17.67 19.85
08:28:57 -6.30 -30.15 -15.49 19.96
08:28:57 -7.35 -31.80 -16.21 19.96
08:28:58 -5.10 -29.70 -15.00 20.02
08:28:58 0.30 -31.20 -14.28 19.78
08:28:58 5.40 -33.45 -14.28 19.96
08:28:58 5.55 -33.00 -14.52 19.96
08:28:59 4.80 -17.25 17.42 19.82
08:28:59 5.85 -12.00 30.49 19.96
08:28:59 5.70 -14.40 48.88 19.93
08:29:00 4.35 -40.80 64.37 19.89
08:29:00 6.90 -48.15 66.31 19.89
08:29:00 6.75 -90.90 42.59 20.02
08:29:00 7.05 -95.10 38.96 19.96
08:29:01 7.20 -98.40 9.92 20.00
08:29:01 5.40 -91.80 -1.45 20.00
08:29:01 6.60 -81.45 -16.46 19.98
08:29:01 4.80 -51.60 -19.12 19.93
08:29:02 4.65 -36.45 -17.18 20.00
08:29:02 5.55 -40.05 -18.15 19.93
08:29:02 8.70 -44.70 -17.91 19.89
08:29:03 11.85 -47.55 -16.70 20.00
08:29:03 13.35 -46.35 -14.52 19.87
08:29:03 16.35 -44.70 -14.76 19.93
08:29:03 16.20 -43.95 -14.04 20.00
08:29:04 19.50 -43.20 -10.41 19.98
08:29:04 24.30 -46.80 -7.50 19.87
08:29:04 26.25 -49.50 -7.74 19.98
08:29:04 26.10 -48.60 -7.02 19.87
08:29:05 26.55 -48.60 -6.53 19.91
08:29:05 25.80 -49.05 -8.71 19.87
08:29:05 25.20 -48.45 -6.78 19.98
08:29:06 26.70 -38.25 3.39 19.91
08:29:06 25.80 -26.70 10.65 20.00
08:29:06 25.95 -25.80 15.49 19.96
08:29:06 25.95 -28.50 38.96 19.91
08:29:07 26.40 -27.30 38.24 19.93
08:29:07 26.55 -43.20 53.00 19.82
08:29:07 27.00 -56.10 53.24 19.87
08:29:07 26.85 -59.25 51.55 20.04
08:29:08 28.05 -82.95 28.56 19.87
08:29:08 29.10 -83.25 28.31 19.96
08:29:08 27.90 -82.20 11.13 20.00
08:29:08 28.50 -69.45 -3.63 19.91
08:29:09 27.60 -58.05 -6.53 20.02
08:29:09 27.45 -55.80 -5.81 20.00
08:29:09 28.20 -56.40 -6.29 19.98
08:29:10 26.85 -60.45 -4.36 19.91
08:29:10 28.65 -64.95 -3.87 19.91
08:29:10 27.90 -65.25 -4.11 20.00
08:29:10 27.90 -66.90 -3.87 19.93
08:29:11 28.35 -48.30 -2.90 20.04
08:29:11 28.95 -40.65 -2.18 19.93
08:29:11 28.65 -31.35 14.76 19.87
08:29:11 28.80 -26.85 26.86 19.98
08:29:12 28.35 -26.55 33.64 20.00
08:29:12 28.80 -44.70 49.61 19.78
08:29:12 28.65 -43.65 50.09 19.93
08:29:13 28.65 -63.00 47.43 19.71
08:29:13 30.00 -76.35 39.20 19.78
08:29:13 29.25 -78.60 30.25 19.96
08:29:13 29.70 -77.25 6.05 19.93
08:29:14 30.15 -74.55 3.63 19.89
08:29:14 28.95 -60.75 -4.60 20.00
08:29:14 28.80 -56.70 -5.08 19.91
08:29:14 28.20 -59.85 -5.32 19.89
08:29:15 27.15 -62.55 -5.81 19.96
08:29:15 26.85 -63.30 -7.26 19.93
08:29:15 25.05 -67.65 -6.78 19.80
08:29:16 25.35 -66.30 -7.02 19.87
08:29:16 25.80 -51.45 -4.11 19.87
08:29:16 26.70 -29.85 5.81 19.93
08:29:16 26.10 -25.35 15.00 19.89
08:29:17 25.80 -31.95 44.29 19.93
08:29:17 26.40 -32.40 46.95 19.96
08:29:17 25.20 -56.55 50.34 19.71
08:29:17 27.75 -71.85 48.16 19.89
08:29:18 26.40 -79.35 34.12 19.69
08:29:18 27.15 -82.95 13.55 19.76
08:29:18 27.00 -82.80 8.47 19.87
08:29:19 26.85 -68.25 -5.08 19.73
08:29:19 26.40 -66.45 -5.32 19.85
08:29:19 25.65 -69.90 -5.08 19.80
08:29:19 23.55 -72.30 -6.05 19.80
08:29:20 21.30 -73.05 -7.26 19.89
08:29:20 21.15 -74.40 -6.78 19.80
08:29:20 21.60 -72.00 -10.16 19.85
08:29:20 21.15 -31.80 -3.39 20.00
08:29:21 22.05 -30.15 -2.42 19.85
08:29:21 21.45 -19.35 31.94 19.91
08:29:21 21.30 -20.55 34.36 19.69
08:29:22 21.00 -23.55 51.79 19.73
08:29:22 21.15 -56.85 59.53 19.98
08:29:22 22.05 -57.30 59.53 20.04
08:29:22 20.70 -83.10 45.01 19.73
08:29:23 21.90 -83.25 43.80 19.71
08:29:23 22.65 -85.05 37.99 19.78
08:29:23 22.65 -88.95 13.07 19.80
08:29:23 21.75 -80.25 -2.18 19.85
08:29:24 21.90 -79.05 -2.18 20.00
08:29:24 20.25 -81.15 -2.90 19.69
08:29:24 17.25 -82.05 -3.87 19.80
08:29:25 14.85 -82.20 -5.08 19.73
08:29:25 14.70 -81.00 -6.29 19.93
08:29:25 16.05 -75.75 -14.76 19.89
08:29:25 14.85 -54.15 -17.42 19.89
08:29:26 14.40 -55.05 -15.97 19.89
08:29:26 15.45 -47.40 -15.25 19.91
08:29:26 15.45 -40.65 -14.52 19.85
08:29:26 15.60 -30.30 0.97 19.76
08:29:27 12.30 -21.15 0.73 19.80
08:29:27 15.45 -19.80 5.08 19.80
08:29:27 11.10 -20.85 45.50 19.73
08:29:28 11.55 -20.85 47.43 20.02
08:29:28 12.30 -47.40 64.86 19.76
08:29:28 12.45 -49.65 63.89 19.87
08:29:28 12.75 -57.90 59.05 19.76
08:29:29 12.00 -88.05 47.67 19.71
08:29:29 14.55 -91.05 38.96 19.85
08:29:29 14.70 -92.40 4.11 19.80
08:29:29 15.60 -74.55 -12.34 19.69
08:29:30 14.55 -73.65 -11.86 19.80
08:29:30 14.25 -73.05 -13.07 19.87
08:29:30 10.80 -69.90 -16.46 19.73
08:29:30 7.50 -69.00 -16.94 19.78
08:29:31 6.60 -70.05 -16.70 19.76
08:29:31 6.90 -58.80 -15.73 19.85
08:29:31 4.95 -20.85 -3.39 19.76
08:29:32 8.25 -16.95 18.88 19.89
08:29:32 8.70 -14.55 36.78 19.73
08:29:32 8.40 -15.60 48.16 19.96
08:29:32 8.40 -38.55 62.92 19.80
08:29:33 9.00 -51.15 59.29 19.89
08:29:33 7.50 -85.65 53.24 19.76
08:29:33 9.45 -96.60 20.81 19.76
08:29:33 9.60 -92.70 -2.66 19.93
08:29:34 8.25 -75.90 -17.42 19.87
08:29:34 7.80 -61.35 -19.84 19.80
08:29:34 5.70 -58.35 -20.09 19.87
08:29:35 4.20 -54.30 -20.57 19.60
08:29:35 1.35 -53.55 -21.54 19.85
08:29:35 1.65 -50.85 -20.57 19.78
08:29:35 4.20 -36.45 -2.42 19.85
08:29:36 3.30 -12.30 12.58 19.82
08:29:36 4.95 -11.40 39.20 19.76
08:29:36 5.55 -23.25 53.24 19.67
08:29:36 6.75 -31.65 65.58 19.80
08:29:37 7.20 -66.15 65.10 19.80
08:29:37 7.50 -83.40 37.51 19.73
08:29:37 7.95 -96.60 36.06 19.87
08:29:37 9.90 -96.30 4.84 19.69
08:29:38 6.75 -83.55 -9.68 19.80
08:29:38 6.75 -81.15 -11.13 19.62
08:29:38 6.75 -77.70 -15.97 19.78
08:29:39 7.20 -67.20 -18.63 19.91
08:29:39 5.10 -66.60 -19.12 19.82
08:29:39 4.65 -61.65 -20.57 19.78
08:29:39 3.75 -55.80 -20.57 19.91
08:29:40 4.80 -55.65 -20.57 19.87
08:29:40 4.20 -13.80 9.68 19.78
08:29:40 4.20 -12.30 16.46 19.98
08:29:41 3.90 -28.20 57.60 19.78
08:29:41 4.50 -34.50 66.31 20.00
08:29:41 3.15 -68.85 65.58 19.96
08:29:41 3.30 -93.15 30.98 19.87
08:29:42 5.25 -98.10 28.80 19.80
08:29:42 6.00 -88.20 -2.90 19.89
08:29:42 5.25 -88.80 -8.47 19.67
08:29:42 4.35 -46.35 -19.60 19.80
08:29:43 3.90 -46.05 -20.09 19.67
08:29:43 2.85 -48.90 -21.05 19.76
08:29:43 3.45 -45.15 -18.88 19.98
08:29:43 4.20 -41.40 -18.63 19.80
08:29:44 5.85 -38.10 -17.67 19.78
08:29:44 5.25 -37.35 -12.58 19.60
08:29:44 6.75 -12.30 15.25 19.82
08:29:45 4.80 -12.60 50.34 19.78
08:29:45 6.90 -21.15 50.09 19.85
08:29:45 6.90 -58.20 66.55 19.78
08:29:45 6.60 -61.95 63.89 19.82
08:29:46 5.40 -87.90 52.03 19.78
08:29:46 5.25 -97.95 10.89 19.73
08:29:46 7.05 -96.30 7.02 19.69
08:29:46 6.30 -61.80 -19.60 19.80
08:29:47 6.60 -48.60 -19.84 19.78
08:29:47 3.75 -48.15 -20.09 19.67
08:29:47 5.40 -47.25 -19.36 19.73
08:29:48 6.30 -42.45 -17.91 19.65
08:29:48 9.30 -36.60 -15.00 19.78
08:29:48 11.25 -36.00 -12.34 19.67
08:29:48 11.85 -19.95 33.40 19.56
08:29:49 12.90 -15.90 36.78 19.69
08:29:49 9.60 -51.00 64.13 19.69
08:29:49 11.25 -54.00 62.44 19.65
08:29:49 12.00 -84.75 52.03 19.62
08:29:50 11.40 -96.60 22.26 19.76
08:29:50 12.90 -96.00 18.15 19.76
08:29:50 12.60 -80.40 -8.47 19.73
08:29:51 13.05 -70.65 -17.42 19.80
08:29:51 11.85 -42.60 -16.21 19.73
08:29:51 11.70 -42.60 -16.70 19.73
08:29:51 10.65 -43.35 -16.94 19.76
08:29:52 13.05 -41.55 -14.28 19.80
08:29:52 16.80 -41.55 -13.07 19.85
08:29:52 18.00 -41.70 -12.34 19.65
08:29:52 18.60 -40.05 -8.95 19.60
08:29:53 19.35 -19.05 16.46 19.67
08:29:53 19.35 -18.15 47.43 19.71
08:29:53 19.50 -34.05 53.72 19.87
08:29:53 19.50 -70.05 57.60 19.71
08:29:54 21.45 -70.50 49.13 19.65
08:29:54 22.50 -89.85 29.04 19.65
08:29:54 21.90 -89.70 -0.73 19.71
08:29:55 21.60 -79.05 -1.69 19.60
08:29:55 21.15 -46.80 -12.34 19.80
08:29:55 21.30 -44.25 -9.68 19.78
08:29:55 21.60 -30.45 -2.90 19.69
08:29:56 21.45 -31.35 -4.11 19.76
08:29:56 21.90 -35.55 -5.81 19.69
08:29:56 23.70 -36.00 -3.63 19.82
08:29:56 27.30 -40.50 -1.45 19.73
08:29:57 28.65 -42.00 -2.42 19.76
08:29:57 29.40 -36.30 11.62 19.87
08:29:57 30.00 -28.50 19.12 19.71
08:29:58 29.85 -28.35 40.66 19.67
08:29:58 30.90 -39.90 44.04 19.71
08:29:58 29.85 -71.25 45.01 19.85
08:29:58 31.50 -73.65 35.09 19.78
08:29:59 31.50 -80.40 24.44 19.67
08:29:59 30.75 -81.30 19.36 19.69
08:29:59 31.20 -69.45 2.90 19.69
08:29:59 31.20 -59.85 -3.15 19.73
08:30:00 30.15 -41.40 -0.48 19.71
08:30:00 29.40 -40.65 -0.24 19.85
08:30:00 29.85 -40.50 0.73 19.76
08:30:01 32.10 -40.50 3.63 19.69
08:30:01 34.05 -44.40 8.71 19.91
08:30:01 36.45 -47.70 11.13 19.76
08:30:01 36.45 -46.20 11.13 19.65
08:30:02 36.75 -45.00 12.83 19.76
08:30:02 35.85 -39.60 30.01 19.60
08:30:02 35.10 -38.10 33.64 19.80
08:30:02 34.65 -53.10 41.14 19.76
08:30:03 35.25 -54.75 40.41 19.82
08:30:03 35.10 -68.10 34.61 19.73
08:30:03 35.40 -71.55 20.33 19.78
08:30:04 36.30 -69.45 19.36 19.67
08:30:04 36.00 -59.10 8.71 19.60
08:30:04 36.30 -56.10 9.44 19.80
08:30:04 36.60 -46.50 11.13 19.76
08:30:05 36.00 -46.20 10.41 19.62
08:30:05 36.45 -46.80 10.89 19.65
08:30:05 36.45 -48.00 9.92 19.69
08:30:05 36.90 -51.00 8.47 19.69
08:30:06 36.15 -56.25 7.02 19.67
08:30:06 35.70 -57.45 6.05 19.71
08:30:06 35.40 -43.20 8.71 19.76
08:30:06 35.25 -42.15 13.31 19.82
08:30:07 35.10 -37.35 23.72 19.51
08:30:07 35.85 -45.75 39.45 19.82
08:30:07 35.40 -47.70 38.96 19.76
08:30:08 35.40 -57.60 41.14 19.73
08:30:08 35.85 -61.20 34.61 19.71
08:30:08 34.95 -70.05 31.22 19.62
08:30:08 36.30 -69.75 16.94 19.85
08:30:09 36.15 -68.40 15.49 19.82
08:30:09 36.30 -61.65 8.47 19.69
08:30:09 36.45 -61.20 8.71 19.82
08:30:09 35.40 -64.80 7.50 19.60
08:30:10 33.00 -68.70 2.90 19.67
08:30:10 31.05 -70.35 3.63 19.76
08:30:10 31.65 -66.30 -1.21 19.62
08:30:11 31.20 -47.70 -1.21 19.58
08:30:11 30.75 -33.00 8.47 19.76
08:30:11 31.50 -34.05 11.62 19.62
08:30:11 31.05 -30.15 29.04 19.58
08:30:12 31.20 -32.55 45.50 19.73
08:30:12 30.00 -44.70 45.74 19.71
08:30:12 31.20 -66.90 46.22 19.80
08:30:12 31.35 -66.00 45.25 19.60
08:30:13 29.70 -71.40 43.56 19.76
08:30:13 31.20 -79.20 24.68 19.54
08:30:13 31.05 -80.55 25.89 19.80
08:30:14 30.45 -70.20 2.66 19.73
08:30:14 30.15 -70.20 0.97 19.69
08:30:14 27.75 -73.05 -0.48 19.60
08:30:14 26.25 -73.65 -4.36 19.62
08:30:15 24.15 -71.40 -5.08 19.67
08:30:15 23.10 -73.80 -7.26 19.56
08:30:15 22.35 -43.05 -9.68 19.56
08:30:15 22.35 -30.30 8.23 19.60
08:30:16 20.70 -21.60 12.83 19.60
08:30:16 20.55 -21.45 34.36 19.85
08:30:16 22.35 -22.95 41.87 19.62
08:30:17 21.00 -39.00 55.18 19.58
08:30:17 22.50 -55.80 56.39 19.78
08:30:17 22.35 -66.15 54.21 19.67
08:30:17 23.10 -87.75 34.85 19.82
08:30:18 23.70 -88.65 14.76 19.49
08:30:18 22.80 -81.15 -1.94 19.89
08:30:18 22.65 -73.20 -5.32 19.73
08:30:18 21.15 -75.15 -6.78 19.67
08:30:19 18.00 -74.40 -11.86 19.78
08:30:19 14.85 -72.75 -12.58 19.78
08:30:19 13.80 -68.25 -16.94 19.78
08:30:20 12.45 -31.65 -10.65 19.73
08:30:20 13.05 -18.00 11.13 19.91
08:30:20 12.60 -15.45 20.09 19.69
08:30:20 12.45 -19.35 43.32 19.69
08:30:21 13.50 -47.25 62.19 19.78
08:30:21 14.25 -48.60 62.19 19.56
08:30:21 14.70 -74.40 58.56 19.65
08:30:21 15.30 -94.35 34.12 19.76
08:30:22 15.75 -93.75 31.46 19.73
08:30:22 14.25 -87.45 1.94 19.65
08:30:22 15.60 -85.50 -7.50 19.73
08:30:22 13.65 -64.05 -15.97 19.78
08:30:23 13.80 -65.85 -15.25 19.78
08:30:23 14.70 -68.70 -14.76 19.67
08:30:23 10.50 -64.35 -18.88 19.58
08:30:24 8.70 -61.95 -19.12 19.67
08:30:24 8.55 -57.15 -20.09 19.60
08:30:24 7.05 -22.50 -5.81 19.49
08:30:24 7.80 -15.15 36.30 19.71
08:30:25 8.55 -14.70 40.90 19.73
08:30:25 6.90 -36.30 61.95 19.69
08:30:25 8.10 -72.75 60.50 19.73
08:30:25 10.05 -76.05 53.72 19.60
08:30:26 9.90 -90.60 46.71 19.67
08:30:26 10.80 -97.05 23.96 19.62
08:30:26 11.10 -96.45 -1.21 19.78
08:30:27 9.90 -70.50 -16.46 19.76
08:30:27 8.85 -71.85 -15.49 19.65
08:30:27 7.20 -73.50 -16.21 19.80
08:30:27 4.95 -69.75 -18.63 19.69
08:30:28 5.85 -63.00 -19.36 19.65
08:30:28 7.95 -58.50 -20.33 19.56
08:30:28 5.25 -55.20 -20.57 19.71
08:30:28 6.00 -22.20 -7.26 19.56
08:30:29 8.40 -18.00 22.51 19.71
08:30:29 7.05 -12.15 30.49 19.62
08:30:29 8.10 -23.10 52.03 19.67
08:30:30 7.65 -58.05 66.55 19.73
08:30:30 8.25 -69.75 54.45 19.62
08:30:30 8.70 -84.60 48.16 19.69
08:30:30 9.90 -97.95 25.65 19.67
08:30:31 8.85 -90.60 -1.21 19.62
08:30:31 9.60 -60.75 -18.88 19.60
08:30:31 8.85 -43.05 -18.15 19.69
08:30:31 5.85 -43.95 -18.63 19.62
08:30:32 7.05 -43.65 -17.91 19.62
08:30:32 9.00 -39.30 -15.49 19.71
08:30:32 10.95 -36.15 -13.79 19.78
08:30:33 10.95 -14.85 9.92 19.51
08:30:33 10.95 -14.40 40.17 19.78
08:30:33 10.95 -18.75 52.51 19.76
08:30:33 11.55 -31.50 57.35 19.62
08:30:34 11.85 -33.75 61.47 19.65
08:30:34 10.05 -55.20 64.37 19.56
08:30:34 12.75 -83.40 55.66 19.65
08:30:34 13.80 -86.25 32.43 19.60
08:30:35 13.20 -95.70 26.62 19.47
08:30:35 14.10 -95.25 18.39 19.71
08:30:35 13.65 -78.30 -8.23 19.58
08:30:35 14.70 -70.95 -16.21 19.71
08:30:36 13.95 -41.25 -15.97 19.54
08:30:36 13.05 -41.85 -16.70 19.58
08:30:36 12.90 -42.00 -15.97 19.62
08:30:37 11.55 -36.45 -14.28 19.49
08:30:37 15.90 -35.25 -9.92 19.65
08:30:37 18.45 -34.65 -7.74 19.58
08:30:37 17.85 -18.15 8.95 19.58
08:30:38 17.70 -18.60 39.45 19.45
08:30:38 18.15 -22.95 53.72 19.71
08:30:38 19.05 -37.65 58.81 19.49
08:30:38 20.40 -57.30 58.81 19.80
08:30:39 21.30 -79.05 50.82 19.62
08:30:39 20.85 -91.05 32.43 19.60
08:30:39 20.85 -86.40 3.39 19.62
08:30:40 22.20 -83.85 0.48 19.67
08:30:40 22.05 -52.50 -11.86 19.65
08:30:40 20.85 -39.45 -9.20 19.56
08:30:40 19.80 -38.55 -9.44 19.73
08:30:41 22.50 -38.70 -7.50 19.58
08:30:41 22.80 -37.20 -5.08 19.65
08:30:41 26.70 -37.20 2.42 19.51
08:30:41 26.70 -25.35 18.88 19.56
08:30:42 27.00 -26.55 34.61 19.65
08:30:42 27.60 -46.35 50.09 19.62
08:30:42 27.60 -62.70 47.19 19.60
08:30:43 28.20 -73.05 39.69 19.65
08:30:43 27.60 -83.70 30.98 19.54
08:30:43 28.50 -83.55 16.46 19.65
08:30:43 28.05 -71.85 0.00 19.71
08:30:44 28.05 -53.10 -5.08 19.69
08:30:44 28.80 -46.50 -2.66 19.58
08:30:44 28.50 -37.35 -0.97 19.49
08:30:44 28.20 -38.10 -0.24 19.49
08:30:45 30.45 -41.10 0.97 19.76
08:30:45 30.60 -36.75 5.32 19.76
08:30:45 32.10 -40.05 4.36 19.49
08:30:46 32.25 -35.55 19.12 19.58
08:30:46 32.40 -31.95 25.17 19.65
08:30:46 32.25 -37.50 39.20 19.60
08:30:46 32.10 -53.55 46.22 19.67
08:30:47 32.85 -58.80 42.59 19.56
08:30:47 32.85 -74.10 34.12 19.67
08:30:47 34.05 -76.05 19.60 19.69
08:30:47 33.15 -71.10 2.18 19.51
08:30:48 33.30 -57.90 1.45 19.58
08:30:48 32.25 -40.80 2.66 19.51
08:30:48 31.80 -42.15 2.66 19.51
08:30:48 32.40 -41.25 3.39 19.58
08:30:49 33.30 -43.80 5.57 19.67
08:30:49 35.40 -45.75 12.10 19.65
08:30:49 37.35 -49.95 16.46 19.56
08:30:50 38.70 -50.40 20.09 19.54
08:30:50 39.00 -52.35 20.81 19.54
08:30:50 39.00 -52.80 20.81 19.62
08:30:50 38.70 -55.50 22.02 19.58
08:30:51 39.15 -52.80 22.51 19.71
08:30:51 39.00 -52.20 21.30 19.60
08:30:51 39.00 -51.15 23.23 19.78
08:30:51 38.40 -51.75 21.54 19.54
08:30:52 39.00 -52.80 23.47 19.62
08:30:52 39.00 -53.25 21.54 19.60
08:30:52 38.85 -51.75 21.05 19.56
08:30:53 39.00 -54.15 22.26 19.60
08:30:53 38.55 -51.60 22.99 19.54
08:30:53 38.40 -52.80 25.41 19.62
08:30:53 39.15 -55.50 22.02 19.78
08:30:54 38.70 -55.35 23.23 19.78
08:30:54 38.70 -53.70 23.23 19.71
08:30:54 39.00 -56.25 26.38 19.60
08:30:54 38.40 -60.45 23.72 19.71
08:30:55 37.95 -65.85 23.23 19.60
08:30:55 37.35 -64.65 14.28 19.65
08:30:55 37.50 -65.25 17.18 19.67
08:30:56 37.95 -59.85 11.37 19.67
08:30:56 37.20 -52.20 13.07 19.56
08:30:56 37.20 -51.60 13.55 19.58
08:30:56 37.05 -45.00 12.83 19.56
08:30:57 37.50 -44.40 22.51 19.73
08:30:57 36.90 -42.90 23.72 19.69
08:30:57 37.35 -42.90 25.41 19.58
08:30:57 37.50 -49.80 34.36 19.69
08:30:58 36.30 -46.35 35.82 19.65
08:30:58 36.90 -56.10 38.24 19.47
08:30:58 37.05 -66.60 25.41 19.67
08:30:59 37.05 -67.05 26.38 19.51
08:30:59 37.05 -67.95 16.21 19.69
08:30:59 36.60 -67.05 15.97 19.60
08:30:59 36.30 -69.60 19.60 19.65
08:31:00 36.00 -71.85 17.42 19.78
08:31:00 34.20 -74.40 13.31 19.73
08:31:00 31.80 -76.65 10.16 19.45
08:31:00 32.10 -58.20 -1.21 19.76
08:31:01 32.55 -55.95 2.18 19.76
08:31:01 33.75 -41.85 5.81 19.49
08:31:01 34.05 -34.20 27.83 19.60
08:31:02 32.10 -31.65 23.23 19.69
08:31:02 34.80 -36.00 24.93 19.47
08:31:02 33.60 -37.35 42.83 19.49
08:31:02 31.95 -42.90 45.25 19.56
08:31:03 33.15 -63.30 45.98 19.38
08:31:03 33.15 -61.80 38.48 19.40
08:31:03 33.90 -76.20 28.80 19.62
08:31:03 33.30 -75.45 10.65 19.56
08:31:04 32.40 -74.85 12.10 19.51
08:31:04 33.00 -76.20 14.04 19.49
08:31:04 32.10 -78.15 12.83 19.67
08:31:04 29.55 -79.65 7.02 19.51
08:31:05 26.40 -79.95 2.18 19.49
08:31:05 25.80 -76.80 -2.42 19.67
08:31:05 24.90 -53.40 -9.20 19.51
08:31:06 27.45 -37.50 4.11 19.47
08:31:06 26.55 -31.80 3.87 19.54
08:31:06 26.10 -22.35 19.84 19.51
08:31:06 27.30 -29.55 43.80 19.51
08:31:07 25.20 -28.05 39.69 19.49
08:31:07 27.15 -34.05 51.79 19.54
08:31:07 26.70 -59.55 53.72 19.65
08:31:07 27.30 -84.15 36.54 19.49
08:31:08 28.65 -83.40 9.44 19.73
08:31:08 26.70 -82.95 9.44 19.71
08:31:08 26.25 -72.60 -3.15 19.49
08:31:09 24.90 -75.00 -2.42 19.51
08:31:09 24.30 -75.60 -4.11 19.71
08:31:09 19.95 -73.65 -8.71 19.51
08:31:09 21.30 -70.05 -10.41 19.49
08:31:10 22.05 -64.35 -11.13 19.47
08:31:10 20.55 -37.05 -8.47 19.62
08:31:10 23.40 -36.90 5.81 19.54
08:31:10 21.75 -23.10 9.20 19.34
08:31:11 21.60 -20.10 24.93 19.62
08:31:11 23.25 -28.50 49.13 19.62
08:31:11 22.80 -31.05 51.30 19.56
08:31:12 22.20 -62.70 57.11 19.54
08:31:12 23.40 -86.85 41.62 19.51
08:31:12 22.65 -88.65 17.18 19.54
08:31:12 24.15 -87.30 9.44 19.49
08:31:13 22.95 -68.70 -9.68 19.54
08:31:13 21.60 -62.70 -12.10 19.60
08:31:13 19.20 -60.90 -14.52 19.62
08:31:13 18.60 -56.55 -14.52 19.56
08:31:14 16.95 -56.70 -14.76 19.49
08:31:14 19.35 -56.85 -13.79 19.51
08:31:14 19.20 -34.95 -7.99 19.49
08:31:15 19.05 -30.15 11.37 19.49
08:31:15 20.40 -19.80 17.18 19.49
08:31:15 18.90 -22.50 42.83 19.49
08:31:15 17.70 -39.45 56.14 19.62
08:31:16 19.20 -61.05 60.50 19.65
08:31:16 20.25 -70.35 54.45 19.45
08:31:16 19.95 -73.95 53.00 19.56
08:31:16 20.10 -87.60 42.11 19.49
08:31:17 21.45 -91.05 11.86 19.58
08:31:17 20.55 -89.40 7.74 19.58
08:31:17 19.50 -72.30 -11.37 19.54
08:31:17 16.95 -63.00 -14.04 19.54
08:31:18 17.55 -64.05 -13.55 19.49
08:31:18 19.20 -63.90 -12.58 19.54
08:31:18 18.90 -60.30 -13.79 19.54
08:31:19 19.50 -57.45 -13.79 19.49
08:31:19 20.70 -49.05 -8.47 19.60
08:31:19 19.95 -34.65 -5.08 19.45
08:31:19 20.25 -21.90 11.62 19.56
08:31:20 19.80 -19.95 32.19 19.49
08:31:20 20.55 -21.45 47.43 19.56
08:31:20 18.15 -25.65 46.71 19.49
08:31:20 17.85 -36.15 54.45 19.45
08:31:21 19.05 -57.30 61.23 19.47
08:31:21 18.75 -62.25 52.27 19.45
08:31:21 19.65 -82.80 43.08 19.58
08:31:22 18.30 -91.20 32.67 19.56
08:31:22 20.25 -86.40 3.87 19.51
08:31:22 20.55 -80.55 -11.37 19.49
08:31:22 15.75 -47.10 -14.76 19.51
08:31:23 16.65 -49.20 -14.04 19.60
08:31:23 19.20 -49.20 -13.31 19.49
08:31:23 20.70 -46.05 -11.86 19.65
08:31:23 17.55 -43.95 -13.07 19.51
08:31:24 18.30 -41.70 -10.16 19.65
08:31:24 21.90 -27.15 12.83 19.51
08:31:24 22.95 -21.15 24.20 19.49
08:31:25 21.75 -26.10 41.38 19.51
08:31:25 22.95 -43.05 53.24 19.58
08:31:25 24.00 -51.15 56.63 19.49
08:31:25 25.35 -56.10 56.63 19.56
08:31:26 22.35 -72.30 52.51 19.56
08:31:26 22.05 -83.55 40.66 19.42
08:31:26 23.55 -84.45 40.41 19.45
08:31:26 19.80 -91.35 18.39 19.49
08:31:27 23.40 -80.85 -3.15 19.58
08:31:27 24.90 -78.15 -1.94 19.54
08:31:27 20.55 -58.80 -12.10 19.54
08:31:28 21.30 -47.10 -11.37 19.49
08:31:28 19.35 -39.15 -9.44 19.49
08:31:28 24.15 -42.60 -6.53 19.49
08:31:28 25.50 -40.35 -4.36 19.62
08:31:29 25.20 -34.80 -0.48 19.51
08:31:29 26.25 -30.00 18.63 19.65
08:31:29 26.10 -25.50 22.51 19.62
08:31:29 28.20 -26.70 22.99 19.58
08:31:30 28.35 -33.75 41.87 19.49
08:31:30 31.20 -33.90 41.62 19.65
08:31:30 29.10 -39.30 45.50 19.47
08:31:31 28.50 -63.45 51.79 19.47
08:31:31 29.55 -62.70 50.09 19.49
08:31:31 27.60 -74.55 44.04 19.47
08:31:31 28.50 -75.75 43.32 19.65
08:31:32 25.50 -88.65 25.17 19.47
08:31:32 25.65 -86.55 22.51 19.49
08:31:32 27.15 -80.85 7.74 19.34
08:31:32 28.20 -71.85 -7.26 19.47
08:31:33 24.45 -38.55 -6.05 19.42
08:31:33 24.75 -36.90 -2.90 19.62
08:31:33 27.45 -40.35 -1.45 19.49
08:31:33 28.35 -42.15 -3.39 19.49
08:31:34 30.15 -44.25 0.48 19.65
08:31:34 32.25 -44.10 2.66 19.56
08:31:34 33.00 -39.15 7.50 19.69
08:31:35 33.45 -38.10 11.86 19.54
08:31:35 32.10 -31.65 19.60 19.56
08:31:35 33.00 -34.95 36.06 19.51
08:31:35 34.65 -39.60 34.61 19.47
08:31:36 33.60 -48.75 45.74 19.49
08:31:36 34.35 -54.00 44.77 19.49
08:31:36 32.25 -68.55 42.35 19.56
08:31:36 34.20 -71.55 25.65 19.65
08:31:37 33.75 -75.75 23.72 19.58
08:31:37 33.30 -69.45 9.92 19.42
08:31:37 34.80 -64.95 1.21 19.56
08:31:38 33.30 -46.65 4.36 19.58
08:31:38 33.30 -42.15 6.29 19.60
08:31:38 33.00 -40.80 6.78 19.58
08:31:38 33.60 -42.60 7.99 19.54
08:31:39 34.35 -42.00 6.53 19.56
08:31:39 35.10 -46.80 7.99 19.51
08:31:39 35.70 -49.20 10.41 19.58
08:31:39 37.35 -48.75 11.62 19.51
08:31:40 36.90 -41.70 22.99 19.45
08:31:40 37.80 -44.10 26.86 19.23
08:31:40 37.20 -46.95 30.73 19.36
08:31:41 37.65 -56.10 34.36 19.51
08:31:41 38.25 -55.20 32.91 19.34
08:31:41 37.20 -65.85 27.35 19.47
08:31:41 37.20 -67.05 19.36 19.45
08:31:42 37.35 -67.65 21.30 19.34
08:31:42 36.90 -62.85 12.58 19.49
08:31:42 37.20 -62.10 9.68 19.45
08:31:42 35.85 -51.60 8.23 19.34
08:31:43 36.75 -49.05 9.92 19.49
08:31:43 36.00 -44.10 12.83 19.47
08:31:43 36.75 -48.15 10.89 19.49
08:31:43 37.35 -51.45 11.13 19.49
08:31:44 37.20 -54.75 11.62 19.49
08:31:44 37.20 -53.10 12.34 19.51
08:31:44 38.10 -51.30 15.73 19.56
08:31:45 38.70 -49.65 19.36 19.36
08:31:45 38.55 -49.65 23.72 19.49
08:31:45 38.25 -50.10 30.73 19.56
08:31:45 37.95 -52.95 33.64 19.40
08:31:46 36.90 -55.35 37.99 19.45
08:31:46 36.30 -63.60 36.06 19.51
08:31:46 36.00 -69.75 28.80 19.40
08:31:47 36.30 -71.10 20.81 19.49
08:31:47 36.15 -69.00 16.70 19.51
08:31:47 36.75 -66.30 13.07 19.51
08:31:47 36.90 -61.95 11.13 19.67
08:31:48 37.05 -57.75 8.47 19.58
08:31:48 36.30 -51.00 8.71 19.45
08:31:48 36.30 -46.50 13.07 19.47
08:31:48 36.90 -45.15 15.49 19.49
08:31:49 36.15 -40.50 21.05 19.60
08:31:49 36.75 -41.25 23.72 19.49
08:31:49 36.75 -40.80 30.98 19.42
08:31:49 36.30 -44.55 36.06 19.42
08:31:50 36.00 -49.35 37.99 19.56
08:31:50 36.60 -53.10 36.54 19.47
08:31:50 36.30 -59.40 36.54 19.49
08:31:51 36.45 -64.50 32.67 19.49
08:31:51 37.35 -66.75 28.80 19.56
08:31:51 37.05 -69.15 26.38 19.54
08:31:51 35.85 -70.80 18.63 19.54
08:31:52 36.45 -67.20 12.83 19.45
08:31:52 35.40 -63.30 7.99 19.51
08:31:52 35.25 -57.45 5.32 19.27
08:31:52 34.80 -51.60 3.63 19.51
08:31:53 34.80 -46.65 6.29 19.49
08:31:53 33.60 -38.70 11.62 19.38
08:31:53 33.30 -34.35 17.91 19.45
08:31:54 34.20 -34.80 27.35 19.34
08:31:54 32.70 -33.45 35.33 19.51
08:31:54 32.55 -39.75 42.59 19.42
08:31:54 32.25 -47.55 45.98 19.47
08:31:55 31.20 -54.60 49.37 19.49
08:31:55 30.45 -59.40 49.61 19.49
08:31:55 29.10 -70.05 46.46 19.42
08:31:55 28.35 -79.20 37.51 19.40
08:31:56 28.65 -83.25 25.65 19.34
08:31:56 27.90 -83.70 12.83 19.49
08:31:56 27.75 -76.05 3.63 19.34
08:31:57 27.90 -68.55 -4.84 19.38
08:31:57 27.15 -56.70 -7.26 19.69
08:31:57 27.60 -43.50 -3.63 19.31
08:31:57 27.45 -35.55 3.39 19.45
08:31:58 28.20 -27.90 17.91 19.45
08:31:58 27.00 -25.05 27.59 19.49
08:31:58 27.45 -33.45 43.80 19.49
08:31:58 28.80 -42.30 51.06 19.49
08:31:59 28.80 -57.30 49.85 19.40
08:31:59 30.45 -69.75 45.50 19.45
08:31:59 30.15 -77.55 34.85 19.60
08:32:00 28.95 -82.50 23.47 19.51
08:32:00 30.15 -78.90 7.74 19.49
08:32:00 30.90 -70.65 0.24 19.49
08:32:00 29.25 -63.30 -5.08 19.47
08:32:01 26.25 -61.05 -6.05 19.54
08:32:01 29.10 -45.15 -3.39 19.54
08:32:01 29.40 -34.65 7.02 19.65
08:32:01 27.60 -27.00 18.15 19.49
08:32:02 27.60 -26.10 30.01 19.54
08:32:02 28.65 -33.00 43.32 19.47
08:32:02 28.50 -43.20 50.09 19.58
08:32:02 29.40 -57.30 51.06 19.51
08:32:03 28.20 -67.80 47.92 19.56
08:32:03 30.30 -70.95 43.56 19.47
08:32:03 29.25 -78.75 32.91 19.54
08:32:04 29.40 -83.70 25.89 19.51
08:32:04 29.40 -82.95 16.21 19.62
08:32:04 29.40 -76.65 3.63 19.38
08:32:04 29.55 -65.70 -3.87 19.62
08:32:05 28.50 -49.35 -3.63 19.34
08:32:05 28.20 -36.15 3.15 19.51
08:32:05 26.85 -27.60 12.58 19.40
08:32:05 29.25 -27.00 27.59 19.42
08:32:06 29.10 -30.60 40.90 19.51
08:32:06 29.10 -46.20 48.88 19.36
08:32:06 31.05 -66.30 42.35 19.42
08:32:07 32.10 -78.30 25.41 19.58
08:32:07 31.65 -76.65 10.89 19.56
08:32:07 31.80 -59.40 0.24 19.40
08:32:07 31.80 -42.30 6.53 19.25
08:32:08 33.00 -32.55 19.84 19.34
08:32:08 33.45 -35.10 36.54 19.54
08:32:08 34.20 -46.05 44.77 19.49
08:32:08 33.90 -61.95 40.90 19.49
08:32:09 35.70 -71.25 30.25 19.29
08:32:09 34.95 -73.65 20.81 19.49
08:32:09 35.40 -67.80 8.95 19.56
08:32:10 34.20 -54.75 4.11 19.23
08:32:10 34.20 -40.95 11.13 19.47
08:32:10 34.05 -34.50 28.07 19.29
08:32:10 33.15 -41.85 44.53 19.34
08:32:11 33.75 -63.00 39.93 19.16
08:32:11 34.80 -67.50 29.77 19.58
08:32:11 38.55 -62.25 12.83 19.56
08:32:11 32.10 -50.85 -10.41 19.16
08:32:12 17.70 -37.20 -14.28 19.56
08:32:12 10.65 -45.45 -17.91 19.42
08:32:12 2.70 -44.85 -21.54 19.42
08:32:13 -10.50 -42.60 -19.84 19.60
08:32:13 -8.10 -14.25 8.71 19.49
08:32:13 -11.25 -10.65 36.78 19.47
08:32:13 -8.85 -13.05 45.01 19.36
08:32:14 -7.05 -39.30 66.31 19.51
08:32:14 -7.35 -70.50 67.52 19.51
08:32:14 -6.60 -100.50 36.78 19.42
08:32:14 -5.70 -94.95 -1.45 19.49
08:32:15 -5.55 -56.85 -21.05 19.49
08:32:15 -5.25 -51.75 -22.02 19.34
08:32:15 -3.75 -53.85 -22.02 19.49
08:32:15 -2.85 -43.80 -11.13 19.42
08:32:16 -3.45 -20.55 13.07 19.42
08:32:16 -5.85 -9.90 36.06 19.49
08:32:16 -4.80 -33.60 62.68 19.58
08:32:17 -3.60 -58.05 68.97 19.23
08:32:17 -3.75 -85.95 60.98 19.40
08:32:17 -5.10 -99.30 22.99 19.45
08:32:17 -5.25 -99.00 -14.52 19.49
08:32:18 -6.15 -69.00 -21.54 19.36
08:32:18 -5.55 -68.70 -19.84 19.31
08:32:18 -7.95 -70.80 -21.30 19.51
08:32:18 -6.60 -33.30 -11.86 19.56
08:32:19 -9.45 -14.70 45.25 19.16
08:32:19 -10.65 -41.55 66.79 19.23
08:32:19 -10.35 -76.50 65.58 19.23
08:32:20 -9.75 -95.85 49.37 19.60
08:32:20 -9.60 -101.10 19.84 19.42
08:32:20 -9.00 -81.90 -17.18 19.34
08:32:20 -7.95 -79.50 -15.00 19.31
08:32:21 -10.35 -81.15 -14.76 19.45
08:32:21 -12.90 -43.50 -20.09 19.45
08:32:21 -15.00 -17.55 -2.42 19.18
08:32:21 -14.85 -10.65 24.20 19.18
08:32:22 -15.45 -28.95 58.32 19.14
08:32:22 -15.15 -54.45 68.00 19.49
08:32:22 -14.70 -81.00 53.24 19.16
08:32:23 -15.15 -95.40 21.78 19.34
08:32:23 -14.55 -95.55 -0.48 19.45
08:32:23 -15.75 -90.00 -3.63 19.40
08:32:23 -15.15 -88.95 -5.81 19.34
08:32:24 -17.70 -88.35 -14.28 19.31
08:32:24 -20.85 -60.15 -18.15 19.23
08:32:24 -22.35 -30.00 -0.97 19.49
08:32:24 -22.95 -15.30 13.31 19.34
08:32:25 -22.20 -18.75 47.19 19.49
08:32:25 -21.90 -50.55 65.82 19.49
08:32:25 -22.05 -82.20 59.29 19.49
08:32:26 -21.60 -99.90 33.40 19.36
08:32:26 -22.65 -92.70 -5.57 19.34
08:32:26 -22.35 -88.50 -5.08 19.18
08:32:26 -24.90 -88.80 -2.18 19.29
08:32:27 -28.80 -76.35 -15.00 19.40
08:32:27 -30.75 -55.05 -13.31 19.42
08:32:27 -30.60 -36.90 5.08 19.42
08:32:27 -31.50 -21.60 19.60 19.58
08:32:28 -30.60 -16.05 37.99 19.45
08:32:28 -30.15 -30.00 55.42 19.12
08:32:28 -29.70 -71.70 61.47 19.16
08:32:28 -29.70 -74.85 59.05 19.42
08:32:29 -29.85 -90.60 45.50 19.18
08:32:29 -30.15 -94.05 25.89 19.29
08:32:29 -28.80 -95.85 2.90 19.42
08:32:30 -29.55 -88.05 -7.02 19.42
08:32:30 -30.00 -81.60 -6.05 19.47
08:32:30 -31.65 -80.55 -6.53 19.29
08:32:30 -33.90 -80.55 -3.87 19.34
08:32:31 -35.55 -52.95 -11.86 19.34
08:32:31 -37.80 -33.30 4.84 19.31
08:32:31 -39.30 -26.55 26.38 19.42
08:32:32 -39.60 -24.60 49.13 19.45
08:32:32 -40.05 -37.20 52.51 19.40
08:32:32 -40.05 -52.20 55.42 19.36
08:32:32 -38.85 -69.45 53.72 19.31
08:32:33 -39.00 -85.20 42.59 19.47
08:32:33 -39.90 -89.85 29.52 19.49
08:32:33 -40.05 -79.80 0.73 19.45
08:32:33 -41.25 -77.85 -4.60 19.42
08:32:34 -41.40 -68.70 -4.36 19.45
08:32:34 -42.60 -67.95 -4.11 19.18
08:32:34 -44.40 -64.20 -3.63 19.47
08:32:34 -44.55 -64.20 -3.15 19.49
08:32:35 -44.10 -51.15 -4.36 19.29
08:32:35 -44.10 -35.10 5.81 19.12
08:32:35 -46.20 -31.20 16.94 19.27
08:32:36 -45.75 -31.95 33.15 19.47
08:32:36 -45.45 -44.10 45.25 19.49
08:32:36 -45.75 -61.95 50.09 19.31
08:32:36 -45.30 -80.70 36.30 19.49
08:32:37 -44.85 -83.55 14.52 19.49
08:32:37 -45.30 -73.65 -2.42 19.23
08:32:37 -45.60 -65.85 -0.24 19.60
08:32:37 -46.20 -66.00 -2.18 19.45
08:32:38 -45.75 -52.20 1.45 19.20
08:32:38 -45.75 -34.05 23.23 19.49
08:32:38 -45.15 -29.40 27.83 19.40
08:32:39 -45.60 -32.40 34.61 19.49
08:32:39 -45.15 -39.00 45.25 19.45
08:32:39 -43.80 -58.05 52.27 19.38
08:32:39 -44.10 -73.95 46.22 19.47
08:32:40 -43.80 -84.45 30.25 19.49
08:32:40 -43.95 -84.60 21.30 19.34
08:32:40 -44.55 -73.20 3.63 19.45
08:32:40 -45.30 -63.00 -4.84 19.45
08:32:41 -44.85 -50.10 -3.87 19.34
08:32:41 -45.30 -49.20 -2.90 19.38
08:32:41 -44.10 -44.55 -0.24 19.54
08:32:42 -43.05 -35.10 6.29 19.34
08:32:42 -42.60 -25.35 20.57 19.47
08:32:42 -40.80 -26.10 32.91 19.34
08:32:42 -42.30 -30.15 38.48 19.34
08:32:43 -41.85 -40.05 49.37 19.36
08:32:43 -41.55 -57.75 54.45 19.56
08:32:43 -41.70 -70.65 51.55 19.49
08:32:43 -41.40 -81.45 43.32 19.45
08:32:44 -42.00 -86.70 33.15 19.16
08:32:44 -41.85 -87.90 28.31 19.25
08:32:44 -42.30 -87.00 15.00 19.36
08:32:44 -42.90 -87.00 19.12 19.38
08:32:45 -41.70 -86.10 16.70 19.49
08:32:45 -41.70 -82.50 9.44 19.40
08:32:45 -42.15 -79.65 -2.42 19.18
08:32:46 -42.00 -76.05 -0.24 19.49
08:32:46 -41.25 -65.25 -7.74 19.34
08:32:46 -41.10 -59.25 -8.47 19.25
08:32:46 -40.50 -55.95 -10.16 19.23
08:32:47 -39.60 -55.65 -10.41 19.34
08:32:47 -37.35 -45.45 -3.63 19.34
08:32:47 -36.75 -32.55 6.05 19.16
08:32:47 -35.70 -19.95 25.17 19.42
08:32:48 -34.50 -23.85 45.01 19.25
08:32:48 -34.50 -39.75 57.35 19.49
08:32:48 -35.40 -64.95 59.05 19.34
08:32:49 -35.10 -87.75 45.74 19.20
08:32:49 -34.80 -93.45 15.73 19.16
08:32:49 -35.10 -88.50 -4.60 19.25
08:32:49 -36.30 -77.70 -10.89 19.40
08:32:50 -35.55 -64.35 -13.07 19.42
08:32:50 -33.30 -42.30 -11.62 19.45
08:32:50 -34.95 -34.65 1.21 19.18
08:32:50 -33.90 -24.75 12.34 19.16
08:32:51 -28.95 -16.05 23.72 19.34
08:32:51 -28.80 -19.65 44.77 19.18
08:32:51 -29.10 -31.50 56.63 19.51
08:32:52 -27.45 -54.30 63.89 19.18
08:32:52 -27.30 -72.45 60.74 19.25
08:32:52 -29.25 -81.15 54.21 19.09
08:32:52 -29.40 -96.15 31.46 19.16
08:32:53 -29.40 -96.00 9.68 19.47
08:32:53 -28.80 -92.25 -10.16 19.29
08:32:53 -28.20 -73.05 -15.97 19.27
08:32:53 -27.30 -45.15 -16.46 19.23
08:32:54 -28.35 -45.60 -17.18 19.51
08:32:54 -23.85 -45.90 -18.15 19.42
08:32:54 -23.10 -17.25 -2.18 19.42
08:32:55 -21.60 -11.55 21.54 19.42
08:32:55 -20.10 -14.10 48.16 19.29
08:32:55 -23.40 -21.75 57.84 19.45
08:32:55 -21.30 -36.90 66.31 19.09
08:32:56 -18.60 -67.35 64.37 19.49
08:32:56 -19.80 -79.95 59.05 19.42
08:32:56 -20.25 -98.85 37.75 19.16
08:32:56 -19.50 -100.20 15.97 19.49
08:32:57 -21.30 -90.60 -2.90 19.49
08:32:57 -21.45 -70.05 -21.30 19.36
08:32:57 -15.45 -50.25 -21.30 19.40
08:32:58 -17.10 -52.50 -21.30 19.42
08:32:58 -15.15 -50.40 -16.46 19.36
08:32:58 -12.00 -25.95 5.32 19.40
08:32:58 -12.90 -10.20 31.94 19.25
08:32:59 -13.35 -19.35 56.87 19.34
08:32:59 -11.85 -37.05 66.55 19.36
08:32:59 -9.90 -73.65 65.10 19.29
08:32:59 -10.35 -98.40 39.69 19.47
08:33:00 -12.45 -98.25 38.24 19.49
08:33:00 -10.95 -97.35 6.29 19.23
08:33:00 -11.40 -69.75 -18.15 19.20
08:33:00 -12.30 -65.70 -21.78 19.16
08:33:01 -11.55 -61.95 -21.54 19.20
08:33:01 -11.85 -63.30 -20.57 19.09
08:33:01 -11.85 -64.05 -20.81 19.38
08:33:02 -12.00 -63.75 -20.81 19.34
08:33:02 -12.15 -64.20 -21.05 19.12
08:33:02 -12.45 -64.35 -20.57 19.14
08:33:02 -12.45 -64.95 -20.81 19.34
08:33:03 -12.45 -64.65 -20.57 19.16
08:33:03 -13.65 -66.15 -19.84 19.36
08:33:03 -20.70 -70.35 -17.67 19.47
08:33:03 -18.75 -70.35 -19.84 19.47
08:33:04 -18.30 -35.10 -15.00 19.03
08:33:04 -18.60 -13.20 7.26 19.09
08:33:04 -19.50 -12.75 36.06 19.12
08:33:05 -20.25 -19.65 58.81 19.12
08:33:05 -21.00 -35.55 66.55 19.16
08:33:05 -19.80 -57.00 63.16 19.27
08:33:05 -19.95 -84.30 53.97 19.20
08:33:06 -19.05 -99.60 31.70 19.25
08:33:06 -18.75 -93.75 1.94 19.23
08:33:06 -19.80 -68.55 -18.15 19.00
08:33:06 -19.80 -70.80 -17.67 19.12
08:33:07 -18.90 -72.15 -17.67 19.09
08:33:07 -16.05 -75.90 -15.49 19.49
08:33:07 -16.95 -47.85 -20.57 19.16
08:33:08 -16.35 -21.60 -7.26 19.38
08:33:08 -16.95 -12.15 14.76 19.58
08:33:08 -15.60 -11.55 39.93 19.16
08:33:08 -16.05 -16.50 59.53 19.36
08:33:09 -15.30 -30.90 67.52 19.05
08:33:09 -14.70 -53.85 64.61 19.09
08:33:09 -14.40 -75.60 54.93 19.45
08:33:09 -14.10 -93.30 39.93 19.05
08:33:10 -13.20 -101.25 25.17 19.07
08:33:10 -13.80 -90.90 -5.32 19.14
08:33:10 -14.10 -78.75 -14.04 19.47
08:33:11 -16.05 -78.90 -13.79 19.34
08:33:11 -15.90 -69.15 -21.54 19.58
08:33:11 -18.00 -42.45 -9.44 19.29
08:33:11 -18.60 -22.35 1.69 19.14
08:33:12 -17.10 -11.70 40.90 19.09
08:33:12 -17.10 -31.35 63.65 19.40
08:33:12 -16.35 -68.40 65.82 19.27
08:33:12 -17.70 -78.00 63.65 19.12
08:33:13 -17.70 -95.10 48.16 19.14
08:33:13 -16.65 -100.95 18.39 19.14
08:33:13 -16.35 -96.45 -9.68 19.07
08:33:13 -16.95 -81.90 -17.91 19.31
08:33:14 -17.70 -75.45 -16.70 19.36
08:33:14 -17.55 -74.85 -16.21 19.16
08:33:14 -19.50 -76.20 -14.28 19.23
08:33:15 -23.10 -40.80 -16.94 19.31
08:33:15 -25.50 -18.60 4.84 19.45
08:33:15 -24.30 -12.90 36.30 19.38
08:33:15 -23.70 -20.85 63.65 19.20
08:33:16 -23.70 -48.45 65.34 19.49
08:33:16 -23.40 -71.55 60.26 19.27
08:33:16 -22.95 -95.70 36.54 19.40
08:33:16 -23.55 -98.70 20.81 19.27
08:33:17 -22.95 -89.10 -2.90 19.45
08:33:17 -25.05 -79.05 -15.00 19.36
08:33:17 -24.75 -76.50 -13.31 19.20
08:33:18 -25.80 -78.00 -11.13 19.00
08:33:18 -29.55 -78.60 -11.86 19.36
08:33:18 -31.20 -44.10 -13.31 19.12
08:33:18 -33.60 -26.85 0.24 19.42
08:33:19 -34.80 -18.60 22.02 19.18
08:33:19 -35.70 -26.25 43.80 19.47
08:33:19 -34.80 -42.60 58.08 19.18
08:33:19 -34.50 -60.00 59.05 19.09
08:33:20 -33.90 -71.25 49.85 19.12
08:33:20 -34.05 -87.75 50.58 19.40
08:33:20 -33.30 -93.45 17.42 19.16
08:33:21 -34.95 -93.00 7.74 19.16
08:33:21 -34.50 -79.20 -6.29 19.12
08:33:21 -35.55 -77.40 -5.57 19.18
08:33:21 -37.95 -75.60 -3.63 19.12
08:33:22 -39.90 -76.35 -1.45 19.09
08:33:22 -40.50 -56.85 -9.68 19.27
08:33:22 -40.65 -40.20 -3.63 19.25
08:33:22 -42.30 -34.05 9.20 19.03
08:33:23 -42.30 -28.50 25.41 19.14
08:33:23 -42.75 -25.95 41.14 19.40
08:33:23 -42.75 -29.55 42.83 19.42
08:33:24 -42.00 -42.15 48.88 19.45
08:33:24 -41.85 -65.25 53.72 19.23
08:33:24 -42.45 -78.90 46.46 19.25
08:33:24 -42.15 -84.75 30.01 19.40
08:33:25 -41.85 -86.55 24.93 19.40
08:33:25 -39.75 -82.80 6.53 19.36
08:33:25 -43.05 -80.40 -0.97 19.31
08:33:25 -42.30 -70.20 -3.39 19.40
08:33:26 -44.40 -68.55 -0.97 19.34
08:33:26 -46.50 -61.50 -0.73 19.34
08:33:26 -46.50 -42.75 0.73 19.09
08:33:26 -46.95 -38.40 6.78 19.27
08:33:27 -47.25 -31.95 21.54 19.27
08:33:27 -47.10 -38.40 37.75 19.05
08:33:27 -47.40 -52.80 48.40 19.12
08:33:28 -47.10 -63.60 46.22 19.38
08:33:28 -47.70 -72.75 33.40 19.16
08:33:28 -47.25 -77.70 34.36 19.12
08:33:28 -46.95 -80.55 18.15 19.20
08:33:29 -47.55 -74.10 6.05 19.09
08:33:29 -48.45 -67.20 -0.48 19.12
08:33:29 -47.40 -60.90 -0.73 19.20
08:33:29 -47.10 -56.10 -1.94 19.09
08:33:30 -45.45 -34.05 7.50 19.31
08:33:30 -44.25 -29.55 20.09 19.16
08:33:30 -44.70 -29.25 45.74 19.07
08:33:31 -44.85 -44.40 49.85 19.42
08:33:31 -44.10 -56.85 50.34 19.34
08:33:31 -43.05 -77.55 43.08 19.36
08:33:31 -43.35 -84.30 33.88 19.42
08:33:32 -43.80 -84.90 20.81 19.36
08:33:32 -43.35 -74.85 -0.97 19.36
08:33:32 -44.25 -63.90 -5.32 19.47
08:33:32 -43.35 -58.35 -6.05 19.16
08:33:33 -41.10 -38.70 -0.73 19.16
08:33:33 -40.20 -27.15 19.60 19.20
08:33:33 -38.70 -21.45 38.96 19.42
08:33:34 -38.10 -27.60 52.76 19.47
08:33:34 -35.55 -55.95 57.35 19.42
08:33:34 -36.90 -75.00 46.46 19.16
08:33:34 -36.30 -88.80 31.46 19.42
08:33:35 -36.30 -89.40 5.57 19.23
08:33:35 -36.30 -75.45 -7.99 19.07
08:33:35 -35.85 -54.15 -11.86 19.27
08:33:35 -34.65 -36.90 -9.68 19.14
08:33:36 -32.55 -19.20 11.62 19.00
08:33:36 -31.05 -17.40 29.77 19.25
08:33:36 -29.40 -31.20 55.42 19.47
08:33:37 -28.80 -56.25 65.34 19.18
08:33:37 -28.50 -68.70 57.84 19.34
08:33:37 -27.75 -84.60 42.35 19.03
08:33:37 -28.05 -96.15 20.57 19.54
08:33:38 -27.45 -92.10 -5.32 19.40
08:33:38 -25.65 -64.50 -17.42 19.12
08:33:38 -26.25 -35.40 -8.95 19.07
08:33:38 -24.75 -16.50 8.95 19.14
08:33:39 -23.25 -14.85 38.96 19.09
08:33:39 -19.80 -41.55 66.31 19.09
08:33:39 -18.45 -85.50 56.14 19.14
08:33:39 -18.15 -100.20 33.88 19.27
08:33:40 -19.20 -97.20 4.36 19.09
08:33:40 -19.05 -90.45 -13.55 19.00
08:33:40 -19.05 -71.85 -19.84 19.47
08:33:41 -19.50 -62.55 -21.05 19.14
08:33:41 -15.60 -38.40 -18.15 19.27
08:33:41 -13.95 -15.00 2.42 19.09
08:33:41 -12.45 -10.05 24.44 19.12
08:33:42 -14.25 -13.35 37.51 19.20
08:33:42 -17.85 -16.05 54.93 19.07
08:33:42 -15.30 -26.70 61.95 19.16
08:33:42 -13.95 -52.05 67.76 19.25
08:33:43 -13.80 -80.85 60.50 19.09
08:33:43 -15.45 -99.60 38.96 19.07
08:33:43 -18.00 -100.05 4.60 19.56
08:33:44 -17.25 -93.30 -4.84 19.12
08:33:44 -20.85 -68.25 -18.88 19.18
08:33:44 -22.50 -34.80 -17.67 19.31
08:33:44 -23.25 -30.60 -2.66 19.18
08:33:45 -23.10 -20.40 3.87 19.12
08:33:45 -21.30 -12.30 27.35 19.23
08:33:45 -20.10 -32.40 59.05 19.18
08:33:45 -19.50 -48.90 67.76 19.42
08:33:46 -18.60 -56.70 65.34 19.20
08:33:46 -13.65 -85.80 56.87 19.12
08:33:46 -16.80 -100.95 27.83 19.42
08:33:47 -18.60 -94.50 -6.78 19.00
08:33:47 -17.40 -88.65 -13.07 19.12
08:33:47 -14.70 -66.75 -19.12 19.27
08:33:47 -16.35 -43.05 -20.57 19.34
08:33:48 -17.70 -45.30 -20.33 19.49
08:33:48 -22.05 -47.55 -18.39 19.12
08:33:48 -27.00 -48.15 -16.46 19.25
08:33:48 -29.25 -48.75 -16.70 19.18
08:33:49 -27.30 -49.20 -16.46 19.18
08:33:49 -29.70 -27.00 -7.99 19.12
08:33:49 -28.65 -21.90 -1.21 19.29
08:33:50 -30.75 -20.85 8.47 19.07
08:33:50 -29.40 -16.35 27.83 19.27
08:33:50 -27.45 -17.40 39.69 19.47
08:33:50 -27.45 -32.70 58.08 19.45
08:33:51 -29.25 -61.35 63.89 19.14
08:33:51 -28.65 -77.10 56.39 19.18
08:33:51 -26.25 -85.20 40.90 19.18
08:33:51 -26.85 -94.65 29.28 19.23
08:33:52 -27.30 -96.45 10.41 19.40
08:33:52 -27.00 -89.25 -4.11 19.00
08:33:52 -27.60 -69.75 -15.00 19.03
08:33:53 -26.25 -69.30 -16.70 19.07
08:33:53 -22.20 -71.70 -16.70 19.03
08:33:53 -22.05 -75.15 -17.18 19.14
08:33:53 -21.15 -48.60 -19.36 19.12
08:33:54 -22.50 -34.80 -15.49 18.98
08:33:54 -23.40 -24.45 -7.50 19.09
08:33:54 -23.10 -13.35 12.83 19.16
08:33:54 -24.45 -15.75 32.91 19.09
08:33:55 -24.00 -27.60 51.55 19.34
08:33:55 -21.45 -48.00 65.82 19.14
08:33:55 -20.85 -72.15 61.47 19.09
08:33:55 -20.85 -92.85 50.09 19.09
08:33:56 -21.00 -99.45 29.77 19.14
08:33:56 -20.25 -90.45 -3.15 19.09
08:33:56 -21.90 -90.90 -1.94 19.40
08:33:57 -21.60 -88.20 -4.84 19.18
08:33:57 -22.05 -87.15 -5.57 19.07
08:33:57 -22.80 -68.55 -19.60 19.09
08:33:57 -22.20 -44.25 -16.94 19.42
08:33:58 -23.25 -21.75 -0.48 19.09
08:33:58 -23.10 -12.90 16.21 19.16
08:33:58 -22.50 -13.65 33.64 19.25
08:33:58 -22.65 -27.45 53.00 19.18
08:33:59 -23.40 -37.65 64.13 18.98
08:33:59 -19.95 -55.05 68.97 19.12
08:33:59 -16.50 -86.10 55.90 19.29
08:34:00 -21.60 -99.00 18.39 19.00
08:34:00 -20.40 -96.00 2.42 19.12
08:34:00 -19.50 -92.40 -7.99 19.07
08:34:00 -20.40 -86.55 -9.92 19.00
08:34:01 -22.05 -81.30 -10.16 19.00
08:34:01 -22.65 -85.65 -5.81 19.09
08:34:01 -25.35 -65.70 -18.88 19.07
08:34:01 -27.00 -39.75 -16.46 19.16
08:34:02 -25.95 -20.70 -6.05 19.03
08:34:02 -24.60 -13.50 21.78 19.16
08:34:02 -24.30 -24.90 50.58 19.03
08:34:03 -24.45 -42.75 65.34 19.00
08:34:03 -24.60 -68.40 60.50 19.16
08:34:03 -23.55 -82.50 48.40 19.14
08:34:03 -23.70 -95.40 33.15 19.00
08:34:04 -24.00 -99.15 19.36 19.18
08:34:04 -24.15 -95.40 -5.08 19.12
08:34:04 -24.75 -83.10 -10.89 19.18
08:34:04 -25.80 -80.10 -10.65 19.20
08:34:05 -29.10 -78.60 -7.26 19.09
08:34:05 -36.15 -78.30 -4.84 19.36
08:34:05 -39.90 -64.20 -9.92 19.05
08:34:06 -39.75 -44.40 -9.20 19.23
08:34:06 -40.20 -31.65 -0.73 19.09
08:34:06 -38.55 -23.40 19.60 19.18
08:34:06 -38.10 -27.45 46.46 19.07
08:34:07 -39.00 -38.70 52.76 19.05
08:34:07 -36.15 -52.35 57.35 19.14
08:34:07 -37.20 -71.25 48.88 19.07
08:34:07 -35.70 -84.75 33.88 19.18
08:34:08 -37.05 -90.75 23.23 18.98
08:34:08 -35.40 -93.15 8.47 19.16
08:34:08 -37.05 -86.40 5.32 18.98
08:34:08 -40.65 -84.75 9.20 19.14
08:34:09 -44.40 -76.65 -2.42 19.00
08:34:09 -40.80 -74.55 -7.26 19.16
08:34:09 -42.45 -61.95 -6.78 19.16
08:34:10 -42.90 -42.90 -4.84 19.05
08:34:10 -43.80 -27.90 15.73 19.07
08:34:10 -43.50 -30.45 33.88 19.07
08:34:10 -43.80 -52.65 50.58 19.25
08:34:11 -45.45 -59.85 50.58 19.16
08:34:11 -45.45 -74.25 36.78 19.23
08:34:11 -46.50 -81.90 24.68 19.23
08:34:11 -46.50 -79.95 7.02 19.00
08:34:12 -46.65 -77.70 9.20 19.14
08:34:12 -46.35 -78.00 8.47 18.98
08:34:12 -46.80 -73.95 6.53 19.09
08:34:13 -48.30 -70.65 8.47 19.03
08:34:13 -48.75 -55.05 1.21 19.20
08:34:13 -48.90 -38.85 9.20 19.03
08:34:13 -49.50 -35.85 28.80 19.12
08:34:14 -49.20 -41.10 40.66 19.00
08:34:14 -49.20 -51.75 43.80 19.09
08:34:14 -49.95 -61.05 42.11 19.23
08:34:14 -48.60 -67.95 36.54 19.14
08:34:15 -48.00 -76.05 30.73 19.14
08:34:15 -46.50 -82.35 16.94 19.00
08:34:15 -46.35 -77.55 7.50 19.18
08:34:16 -45.15 -74.55 4.36 19.12
08:34:16 -47.70 -67.80 2.66 19.09
08:34:16 -48.90 -48.00 2.66 19.16
08:34:16 -49.35 -42.75 8.95 19.03
08:34:17 -50.40 -40.65 18.15 19.18
08:34:17 -51.30 -41.25 28.56 19.16
08:34:17 -51.15 -47.25 37.51 19.12
08:34:17 -50.85 -62.10 41.14 18.98
08:34:18 -50.85 -74.40 31.22 19.09
08:34:18 -50.25 -75.45 23.23 19.09
08:34:18 -50.25 -74.10 11.37 19.05
08:34:19 -50.40 -70.80 8.71 19.23
08:34:19 -50.25 -61.20 5.08 19.00
08:34:19 -49.80 -61.65 5.32 19.03
08:34:19 -49.80 -59.55 2.18 19.14
08:34:20 -48.75 -57.60 0.48 18.98
08:34:20 -48.15 -43.50 10.41 19.07
08:34:20 -46.35 -36.45 17.67 19.07
08:34:20 -47.10 -32.25 29.52 19.18
08:34:21 -47.10 -37.50 42.35 19.07
08:34:21 -46.65 -57.60 47.67 18.98
08:34:21 -46.05 -76.65 40.17 18.98
08:34:22 -46.05 -83.25 25.41 19.16
08:34:22 -46.20 -74.10 0.97 19.07
08:34:22 -46.65 -70.50 -2.18 19.00
08:34:22 -45.90 -52.35 -2.18 19.20
08:34:23 -44.25 -48.15 -7.99 18.98
08:34:23 -37.35 -47.85 -12.34 19.09
08:34:23 -35.40 -48.15 -12.83 19.00
08:34:23 -34.50 -22.65 3.15 19.09
08:34:24 -36.15 -20.55 16.70 19.12
08:34:24 -37.80 -25.20 41.62 19.12
08:34:24 -37.35 -36.15 57.60 18.98
08:34:24 -36.90 -46.35 58.32 19.14
08:34:25 -36.45 -66.90 59.05 19.07
08:34:25 -35.40 -84.30 44.29 18.98
08:34:25 -35.40 -89.85 24.93 18.98
08:34:26 -34.35 -92.55 13.07 19.18
08:34:26 -34.50 -72.00 -10.41 19.16
08:34:26 -35.40 -51.30 -14.52 19.07
08:34:26 -33.90 -53.85 -15.00 18.89
08:34:27 -33.00 -52.95 -13.79 19.05
08:34:27 -34.50 -55.80 -14.76 19.14
08:34:27 -30.60 -27.15 -5.81 19.09
08:34:27 -30.00 -16.05 31.22 18.92
08:34:28 -30.60 -30.15 53.97 19.09
08:34:28 -30.30 -50.55 63.89 19.03
08:34:28 -28.65 -67.05 56.14 19.12
08:34:29 -28.95 -81.00 51.79 18.96
08:34:29 -27.00 -97.20 28.80 19.09
08:34:29 -29.55 -85.35 -4.36 18.98
08:34:29 -29.55 -77.55 -16.21 19.07
08:34:30 -28.35 -57.15 -15.97 19.09
08:34:30 -30.30 -57.30 -16.46 19.03
08:34:30 -31.80 -55.95 -15.49 19.03
08:34:30 -32.40 -54.30 -15.73 19.00
08:34:31 -33.45 -53.55 -15.00 19.05
08:34:31 -32.55 -55.65 -15.73 19.05
08:34:31 -33.30 -60.00 -15.49 19.12
08:34:32 -35.25 -56.85 -10.41 19.07
08:34:32 -39.30 -58.95 -11.37 19.05
08:34:32 -38.40 -65.25 -9.44 19.05
08:34:32 -39.75 -54.60 -7.50 19.03
08:34:33 -43.80 -43.80 -1.45 19.16
08:34:33 -43.65 -31.95 6.78 19.16
08:34:33 -43.80 -26.10 22.75 19.00
08:34:33 -45.15 -31.20 37.75 19.05
08:34:34 -46.50 -42.75 48.64 19.12
08:34:34 -45.75 -62.70 48.88 19.12
08:34:34 -46.05 -76.05 38.72 19.07
08:34:35 -46.95 -80.70 19.36 19.07
08:34:35 -47.55 -77.70 10.41 19.00
08:34:35 -46.35 -71.25 -2.90 18.98
08:34:35 -44.25 -52.65 -5.81 19.12
08:34:36 -45.90 -37.20 3.63 19.12
08:34:36 -45.00 -30.45 13.55 18.98
08:34:36 -45.60 -31.80 33.15 19.20
08:34:36 -44.40 -37.05 46.46 19.03
08:34:37 -42.60 -55.20 51.55 18.98
08:34:37 -44.70 -71.85 45.98 19.14
08:34:37 -44.25 -84.00 24.20 19.18
08:34:38 -43.65 -85.20 9.68 19.03
08:34:38 -41.10 -81.45 -2.18 19.12
08:34:38 -43.05 -57.60 -9.92 19.07
08:34:38 -39.90 -42.15 -6.53 19.09
08:34:39 -40.35 -24.60 10.41 18.98
08:34:39 -37.20 -19.95 22.02 19.05
08:34:39 -35.55 -22.50 45.01 19.14
08:34:39 -29.70 -39.60 62.92 19.09
08:34:40 -27.45 -63.30 60.02 19.03
08:34:40 -36.45 -81.60 42.83 19.03
08:34:40 -36.15 -93.45 19.60 19.09
08:34:40 -38.10 -83.85 -3.87 19.00
08:34:41 -34.35 -62.85 -16.21 19.05
08:34:41 -35.40 -25.20 6.53 19.03
08:34:41 -32.55 -16.50 31.94 18.96
08:34:42 -34.95 -34.50 57.11 18.98
08:34:42 -34.35 -55.80 60.50 19.09
08:34:42 -31.80 -91.05 30.98 19.00
08:34:42 -31.50 -94.05 7.02 19.03
08:34:43 -31.50 -76.95 -13.07 19.09
08:34:43 -34.50 -38.10 -7.26 18.98
08:34:43 -35.85 -19.50 16.94 19.05
08:34:43 -33.15 -20.70 47.67 18.98
08:34:44 -35.10 -52.65 60.50 19.09
08:34:44 -33.75 -78.30 44.04 19.09
08:34:44 -31.50 -94.05 4.60 18.94
08:34:45 -31.50 -76.95 -14.76 18.98
08:34:45 -31.35 -40.95 -5.32 18.98
08:34:45 -30.15 -19.50 9.20 18.85
08:34:45 -33.60 -19.20 35.82 18.98
08:34:46 -32.40 -31.95 58.56 19.12
08:34:46 -33.00 -66.30 58.56 19.12
08:34:46 -30.60 -94.65 30.73 19.00
08:34:46 -29.25 -93.60 1.21 19.14
08:34:47 -30.30 -71.70 -16.21 19.09
08:34:47 -30.30 -42.00 -12.58 18.98
08:34:47 -32.40 -20.25 7.02 19.16
08:34:48 -28.50 -14.85 34.36 19.05
08:34:48 -33.75 -33.30 58.08 19.07
08:34:48 -33.30 -69.00 52.03 19.07
08:34:48 -29.85 -95.10 15.00 19.09
08:34:49 -31.50 -88.65 0.73 19.20
08:34:49 -36.75 -65.10 -9.44 19.05
08:34:49 -36.75 -39.60 -9.68 19.16
08:34:49 -36.75 -23.85 13.55 18.98
08:34:50 -36.75 -25.20 48.40 19.20
08:34:50 -32.70 -56.10 61.23 19.03
08:34:50 -33.60 -86.40 49.13 19.00
08:34:51 -34.80 -93.15 35.09 19.00
08:34:51 -35.10 -93.60 15.73 19.12
08:34:51 -34.80 -85.50 -7.26 18.98
08:34:51 -36.60 -65.10 -13.07 18.98
08:34:52 -36.75 -48.90 -10.16 19.14
08:34:52 -36.15 -36.30 0.97 19.18
08:34:52 -37.20 -28.65 3.39 18.98
08:34:52 -36.45 -23.70 7.02 19.03
08:34:53 -37.35 -20.70 26.62 19.07
08:34:53 -36.75 -25.05 43.32 18.98
08:34:53 -39.30 -30.60 52.51 18.96
08:34:53 -38.85 -36.00 51.79 18.89
08:34:54 -37.50 -66.60 53.72 19.03
08:34:54 -41.40 -75.15 47.92 18.96
08:34:54 -44.55 -80.10 29.04 19.12
08:34:55 -47.10 -81.15 23.72 19.09
08:34:55 -48.45 -78.75 23.96 18.98
08:34:55 -48.00 -71.70 8.23 19.12
08:34:55 -49.20 -57.60 1.21 18.89
08:34:56 -49.80 -50.25 4.84 19.07
08:34:56 -50.55 -44.40 20.09 19.03
08:34:56 -49.05 -36.15 17.18 18.94
08:34:56 -51.45 -40.95 25.65 19.05
08:34:57 -52.20 -48.15 36.30 18.89
08:34:57 -52.65 -50.40 37.75 19.00
08:34:57 -52.65 -55.35 38.48 19.14
08:34:58 -52.35 -63.15 36.06 18.98
08:34:58 -48.90 -77.40 30.49 19.05
08:34:58 -50.25 -76.35 21.05 18.96
08:34:58 -52.35 -67.80 18.88 18.98
08:34:59 -54.00 -62.55 13.07 19.09
08:34:59 -54.15 -60.60 14.28 19.05
08:34:59 -53.25 -63.45 15.73 18.98
08:34:59 -54.45 -51.00 19.60 19.09
08:35:00 -53.85 -46.95 20.33 19.00
08:35:00 -54.45 -52.05 22.51 19.09
08:35:00 -54.90 -55.20 21.78 19.05
08:35:01 -54.30 -55.50 29.28 19.09
08:35:01 -54.30 -59.70 28.31 19.14
08:35:01 -54.45 -65.10 27.10 18.94
08:35:01 -53.85 -65.10 23.47 18.87
08:35:02 -54.15 -60.60 16.46 19.07
08:35:02 -54.30 -53.85 11.37 18.98
08:35:02 -52.95 -49.20 16.21 19.18
08:35:02 -54.00 -50.40 18.39 19.07
08:35:03 -53.10 -46.80 24.20 19.14
08:35:03 -52.80 -42.60 31.46 19.09
08:35:03 -53.85 -51.30 33.15 19.16
08:35:04 -53.40 -54.30 39.20 19.09
08:35:04 -53.25 -58.50 37.75 18.94
08:35:04 -52.50 -67.35 30.98 18.98
08:35:04 -51.30 -72.30 24.20 19.05
08:35:05 -50.55 -70.05 11.13 19.09
08:35:05 -52.50 -65.10 12.58 18.98
08:35:05 -51.60 -62.70 6.53 19.00
08:35:05 -50.10 -47.25 4.36 18.92
08:35:06 -50.55 -39.90 12.83 19.09
08:35:06 -51.00 -36.45 21.54 18.94
08:35:06 -51.15 -39.15 33.40 18.96
08:35:07 -51.90 -45.00 38.24 19.00
08:35:07 -51.75 -51.45 38.96 18.96
08:35:07 -49.35 -66.60 45.25 18.98
08:35:07 -48.60 -78.00 33.40 18.98
08:35:08 -47.40 -80.10 18.63 18.98
08:35:08 -46.20 -79.50 8.23 18.98
08:35:08 -45.00 -68.70 -2.90 19.12
08:35:08 -45.75 -54.00 -5.32 19.00
08:35:09 -47.40 -40.95 2.42 18.96
08:35:09 -46.35 -34.35 16.21 18.96
08:35:09 -44.10 -28.35 31.70 19.12
08:35:09 -43.95 -31.95 42.35 18.98
08:35:10 -42.60 -42.45 50.82 18.98
08:35:10 -42.15 -55.05 54.45 19.20
08:35:10 -41.85 -72.00 51.55 19.00
08:35:11 -40.65 -87.60 32.43 18.96
08:35:11 -40.80 -87.75 4.84 18.98
08:35:11 -38.85 -78.90 -7.50 19.03
08:35:11 -37.65 -60.90 -10.41 18.98
08:35:12 -38.10 -34.20 1.94 19.09
08:35:12 -42.75 -27.45 14.04 19.18
08:35:12 -43.65 -26.10 13.31 19.09
08:35:12 -41.10 -23.55 29.52 18.87
08:35:13 -39.30 -28.50 43.56 18.98
08:35:13 -41.40 -31.95 48.40 19.05
08:35:13 -36.90 -63.60 60.02 19.12
08:35:14 -33.00 -85.50 50.82 19.05
08:35:14 -34.65 -94.80 18.88 19.07
08:35:14 -32.55 -92.25 -5.57 19.07
08:35:14 -26.70 -72.00 -15.25 18.98
08:35:15 -25.80 -45.30 -15.49 19.16
08:35:15 -31.20 -43.20 -15.00 19.05
08:35:15 -32.25 -40.95 -12.58 18.96
08:35:15 -32.70 -39.60 -12.58 18.96
08:35:16 -31.80 -36.45 -6.05 19.07
08:35:16 -32.40 -20.70 13.79 19.14
08:35:16 -38.40 -22.80 27.59 18.98
08:35:17 -41.40 -26.10 38.24 19.09
08:35:17 -43.20 -41.25 47.19 18.98
08:35:17 -45.00 -56.40 49.13 18.94
08:35:17 -45.90 -81.30 36.78 18.96
08:35:18 -38.85 -90.90 22.99 18.96
08:35:18 -40.80 -80.25 3.87 18.92
08:35:18 -43.95 -67.50 -5.08 18.85
08:35:18 -44.70 -46.50 -3.87 19.14
08:35:19 -44.40 -36.45 9.92 19.18
08:35:19 -45.00 -28.20 23.72 19.03
08:35:19 -46.20 -39.30 43.56 19.07
08:35:19 -45.90 -60.75 49.61 18.98
08:35:20 -45.30 -78.15 32.19 18.98
08:35:20 -48.15 -78.75 14.04 19.12
08:35:20 -47.10 -69.15 -1.69 18.89
08:35:21 -43.95 -52.80 -5.57 18.87
08:35:21 -43.35 -40.80 -0.97 19.12
08:35:21 -43.95 -30.90 14.76 19.07
08:35:21 -48.75 -35.40 35.33 18.98
08:35:22 -48.60 -49.50 50.34 19.00
08:35:22 -43.65 -57.90 51.55 18.96
08:35:22 -46.50 -68.10 45.50 19.00
08:35:22 -43.20 -76.20 48.88 19.03
08:35:23 -35.25 -92.10 27.59 19.00
08:35:23 -35.10 -90.00 2.42 18.98
08:35:23 -28.05 -78.75 -14.28 18.98
08:35:24 -14.70 -67.50 -20.57 19.23
08:35:24 -10.65 -48.60 -21.05 18.98
08:35:24 1.65 -38.40 -17.42 19.14
08:35:24 5.85 -36.30 -14.76 19.12
08:35:25 10.35 -40.50 -17.91 18.96
08:35:25 8.85 -49.95 -18.39 19.12
08:35:25 12.45 -59.70 -19.84 19.16
08:35:25 1.20 -64.20 -21.05 19.07
08:35:26 -2.10 -69.60 -19.36 19.09
08:35:26 -0.30 -70.20 -19.12 19.05
08:35:26 2.85 -69.75 -18.39 19.03
08:35:27 6.45 -70.65 -15.25 19.16
08:35:27 15.75 -69.00 -12.58 18.98
08:35:27 19.05 -59.55 -13.55 19.05
08:35:27 21.60 -53.10 -11.86 19.09
08:35:28 20.25 -50.85 -13.55 18.98
08:35:28 19.20 -50.85 -13.79 19.00
08:35:28 19.05 -50.40 -13.79 18.96
08:35:28 19.65 -50.70 -13.31 18.96
08:35:29 20.55 -50.85 -13.55 19.12
08:35:29 20.40 -51.00 -13.07 19.05
08:35:29 19.20 -50.55 -12.83 19.07
08:35:30 19.35 -51.30 -13.55 19.03
08:35:30 19.80 -50.55 -13.79 18.89
08:35:30 19.95 -50.25 -13.31 18.87
08:35:30 19.65 -49.95 -13.55 18.98
08:35:31 20.55 -50.55 -12.83 18.98
